  0.0000000E+00 -1.235700126490399E-002
   1.000000     -1.191875677394731E-002
   2.000000     -1.148137847076237E-002
   3.000000     -1.108442151471524E-002
   4.000000     -1.069341254667917E-002
   5.000000     -1.008168501341987E-002
   6.000000     -9.912927149880220E-003
   7.000000     -9.314821148574091E-003
   8.000000     -8.534817445321217E-003
   9.000000     -7.751604624771745E-003
   10.00000     -7.680261437544761E-003
   11.00000     -6.984503774490508E-003
   12.00000     -6.250835330273170E-003
   13.00000     -5.557011123536861E-003
   14.00000     -4.907277177766013E-003
   15.00000     -4.303366352155478E-003
   16.00000     -3.819907334741905E-003
   17.00000     -3.745221516241373E-003
   18.00000     -3.232016420357611E-003
   19.00000     -2.761739798445751E-003
   20.00000     -2.332224180151596E-003
   21.00000     -1.941010104358184E-003
   22.00000     -1.585542872121841E-003
   23.00000     -1.263269704463236E-003
   24.00000     -9.717050415849571E-004
   25.00000     -7.084731519146882E-004
   26.00000     -4.713347271362577E-004
   27.00000     -2.582022623031240E-004
   28.00000     -6.714778650848604E-005
