  0.0000000E+00 -1.583796348934834E-002
   1.000000     -1.537308486292396E-002
   2.000000     -1.492122486349061E-002
   3.000000     -1.450607275909561E-002
   4.000000     -1.393226058517756E-002
   5.000000     -1.369685619496375E-002
   6.000000     -1.310989269251239E-002
   7.000000     -1.225616584440899E-002
   8.000000     -1.165476663201711E-002
   9.000000     -1.136934556054338E-002
   10.00000     -1.048758261478992E-002
   11.00000     -9.629560831172284E-003
   12.00000     -8.808287825954893E-003
   13.00000     -8.031358969399993E-003
   14.00000     -7.965760924167316E-003
   15.00000     -7.302090379358332E-003
   16.00000     -6.622504541600915E-003
   17.00000     -5.992157562562826E-003
   18.00000     -5.409739429616920E-003
   19.00000     -4.873237337502135E-003
   20.00000     -4.380218825324801E-003
   21.00000     -3.928029390851390E-003
   22.00000     -3.513930110457615E-003
   23.00000     -3.135192047549453E-003
   24.00000     -2.789159493799535E-003
   25.00000     -2.473290862045163E-003
   26.00000     -2.185184793240932E-003
   27.00000     -2.034935559572571E-003
   28.00000     -1.922575734115567E-003
   29.00000     -1.683395391114608E-003
   30.00000     -1.465690534680393E-003
   31.00000     -1.267680101194317E-003
   32.00000     -1.087727407624856E-003
   33.00000     -9.243345863444992E-004
   34.00000     -7.761341916995133E-004
   35.00000     -6.418804046132233E-004
   36.00000     -5.204402834253108E-004
   37.00000     -4.107853255607515E-004
   38.00000     -3.119835280859700E-004
   39.00000     -2.231920967671173E-004
   40.00000     -1.436509454463593E-004
   41.00000     -7.267715575474979E-005
   42.00000     -9.660650338162690E-006
