  0.0000000E+00 -1.829098428717667E-002
   1.000000     -1.781069346402415E-002
   2.000000     -1.733845477902766E-002
   3.000000     -1.687421481536487E-002
   4.000000     -1.641791984723430E-002
   5.000000     -1.596951583657691E-002
   6.000000     -1.552894842977241E-002
   7.000000     -1.509616295429968E-002
   8.000000     -1.467110441536489E-002
   9.000000     -1.425371749250366E-002
   10.00000     -1.384394653614439E-002
   11.00000     -1.344173556414813E-002
   12.00000     -1.304702825831549E-002
   13.00000     -1.265976796086565E-002
   14.00000     -1.227989767088600E-002
   15.00000     -1.190736004075546E-002
   16.00000     -1.154209737253911E-002
   17.00000     -1.118405161436022E-002
   18.00000     -1.083316435674265E-002
   19.00000     -1.048937682893488E-002
   20.00000     -1.015262989520599E-002
   21.00000     -9.822864051125528E-003
   22.00000     -9.500019419819853E-003
   23.00000     -9.184035748211207E-003
   24.00000     -8.874852403239332E-003
   25.00000     -8.572408368070258E-003
   26.00000     -8.276642238287807E-003
   27.00000     -7.987492218078169E-003
   28.00000     -7.704896116400924E-003
   29.00000     -7.428791343157436E-003
   30.00000     -7.159114905351404E-003
   31.00000     -6.895803403248177E-003
   32.00000     -6.638793026535878E-003
   33.00000     -6.388019550490375E-003
   34.00000     -6.143418332144766E-003
   35.00000     -5.904924306470535E-003
   36.00000     -5.672471982572399E-003
   37.00000     -5.445995439899915E-003
   38.00000     -5.225428324479796E-003
   39.00000     -5.010703845174201E-003
   40.00000     -4.801754769967680E-003
   41.00000     -4.598513422290088E-003
   42.00000     -4.400911677375541E-003
   43.00000     -4.208880958668537E-003
   44.00000     -4.022352234278460E-003
   45.00000     -3.841256013488991E-003
   46.00000     -3.665522343329310E-003
   47.00000     -3.495080805212709E-003
   48.00000     -3.329860511649913E-003
   49.00000     -3.169790103042452E-003
   50.00000     -3.014797744566233E-003
   51.00000     -2.864811123148094E-003
   52.00000     -2.719757444551002E-003
   53.00000     -2.579563430567006E-003
   54.00000     -2.444155316334910E-003
   55.00000     -2.313458847786719E-003
   56.00000     -2.187399279233854E-003
   57.00000     -2.065901371104929E-003
   58.00000     -1.948889387841409E-003
   59.00000     -1.836287095966957E-003
   60.00000     -1.728017762337330E-003
   61.00000     -1.624004152586073E-003
   62.00000     -1.524168529774981E-003
   63.00000     -1.428432653264553E-003
   64.00000     -1.336717777816861E-003
   65.00000     -1.248944652943113E-003
   66.00000     -1.165033522512015E-003
   67.00000     -1.084904124631186E-003
   68.00000     -1.008475691819456E-003
   69.00000     -9.356669514823362E-004
   70.00000     -8.663961267090913E-004
   71.00000     -8.005809374063076E-004
   72.00000     -7.381386017857653E-004
   73.00000     -6.789858382227202E-004
   74.00000     -6.230388675034378E-004
   75.00000     -5.702134154795292E-004
   76.00000     -5.204247161470564E-004
   77.00000     -4.735875151701189E-004
   78.00000     -4.296160738677094E-004
   79.00000     -3.884241736824299E-004
   80.00000     -3.499251211526825E-004
   81.00000     -3.140317534062818E-004
   82.00000     -2.806564441966864E-004
   83.00000     -2.497111105024227E-004
   84.00000     -2.211072197094297E-004
   85.00000     -1.947557973974061E-004
   86.00000     -1.705674357511238E-004
   87.00000     -1.484523026167917E-004
   88.00000     -1.283201512257792E-004
   89.00000     -1.100803306061283E-004
   90.00000     -9.364179670435205E-005
   91.00000     -7.891312424080957E-005
   92.00000     -6.580251932310017E-005
   93.00000     -5.421783284614726E-005
   94.00000     -4.406657471242311E-005
   95.00000     -3.525592891640289E-005
   96.00000     -2.769276955547437E-005
   97.00000     -2.128367786417018E-005
   98.00000     -1.593496043578259E-005
   99.00000     -1.155266893278569E-005
   100.0000     -8.042621886561150E-006
   101.0000     -5.310429890764652E-006
   102.0000     -3.261527321453565E-006
   103.0000     -1.801219151987372E-006
   104.0000     -8.347709108716756E-007
   105.0000     -2.676638096977825E-007
   106.0000     -6.994972541898910E-009
