  0.0000000E+00 -1.051466850699490E-002
   1.000000     -1.009002487791944E-002
   2.000000     -9.671502655217126E-003
   3.000000     -9.253765399223542E-003
   4.000000     -8.935949559691233E-003
   5.000000     -8.426175709448952E-003
   6.000000     -7.909241681560120E-003
   7.000000     -7.736283693291526E-003
   8.000000     -7.019187688543716E-003
   9.000000     -6.287764687735459E-003
   10.00000     -5.574945388856879E-003
   11.00000     -5.555058906920455E-003
   12.00000     -4.884672272310134E-003
   13.00000     -4.235495083423972E-003
   14.00000     -3.628278427491399E-003
   15.00000     -3.064938986191424E-003
   16.00000     -2.545672114630248E-003
   17.00000     -2.069539849944042E-003
   18.00000     -1.634974231345824E-003
   19.00000     -1.604573841581105E-003
   20.00000     -1.239540340744548E-003
   21.00000     -8.812450871554960E-004
   22.00000     -5.575170965413940E-004
   23.00000     -2.659184256961156E-004
   24.00000     -4.078095568902850E-006
