  0.0000000E+00 -1.813658974073884E-002
   1.000000     -1.765732572607830E-002
   2.000000     -1.718611930737408E-002
   3.000000     -1.672291712220363E-002
   4.000000     -1.626766549975085E-002
   5.000000     -1.582031045753594E-002
   6.000000     -1.538079769810766E-002
   7.000000     -1.494907260570640E-002
   8.000000     -1.452508024289603E-002
   9.000000     -1.410876534716283E-002
   10.00000     -1.370007232748283E-002
   11.00000     -1.329894526085779E-002
   12.00000     -1.290532788882583E-002
   13.00000     -1.251916361393592E-002
   14.00000     -1.214039549619865E-002
   15.00000     -1.176896624950589E-002
   16.00000     -1.140481823802673E-002
   17.00000     -1.104789347256959E-002
   18.00000     -1.069813360692951E-002
   19.00000     -1.035547993420335E-002
   20.00000     -1.001987338308223E-002
   21.00000     -9.691254514127369E-003
   22.00000     -9.369563516018930E-003
   23.00000     -9.054740201790477E-003
   24.00000     -8.746724005043376E-003
   25.00000     -8.445453976146104E-003
   26.00000     -8.150868778419315E-003
   27.00000     -7.862906684310198E-003
   28.00000     -7.581505571554187E-003
   29.00000     -7.306602919331368E-003
   30.00000     -7.038135804415744E-003
   31.00000     -6.776040897324928E-003
   32.00000     -6.520254458464096E-003
   33.00000     -6.270712334279052E-003
   34.00000     -6.027349953410326E-003
   35.00000     -5.790102322859492E-003
   36.00000     -5.558904024167731E-003
   37.00000     -5.333689209607699E-003
   38.00000     -5.114391598401062E-003
   39.00000     -4.900944472957169E-003
   40.00000     -4.693280675138980E-003
   41.00000     -4.491332602567615E-003
   42.00000     -4.295032204960711E-003
   43.00000     -4.104310980518038E-003
   44.00000     -3.919099972353250E-003
   45.00000     -3.739329764984163E-003
   46.00000     -3.564930480880716E-003
   47.00000     -3.395831777084677E-003
   48.00000     -3.231962841901466E-003
   49.00000     -3.073252391673820E-003
   50.00000     -2.919628667647457E-003
   51.00000     -2.771019432932822E-003
   52.00000     -2.627351969572381E-003
   53.00000     -2.488553075725986E-003
   54.00000     -2.354549062977988E-003
   55.00000     -2.225265753781488E-003
   56.00000     -2.100628479046965E-003
   57.00000     -1.980562075887270E-003
   58.00000     -1.864990885532184E-003
   59.00000     -1.753838751422325E-003
   60.00000     -1.647029017499523E-003
   61.00000     -1.544484526703318E-003
   62.00000     -1.446127619692271E-003
   63.00000     -1.351880133804123E-003
   64.00000     -1.261663402272885E-003
   65.00000     -1.175398253720836E-003
   66.00000     -1.093005011945135E-003
   67.00000     -1.014403496021656E-003
   68.00000     -9.395130207488541E-004
   69.00000     -8.682523974577577E-004
   70.00000     -8.005399352170469E-004
   71.00000     -7.362934424661449E-004
   72.00000     -6.754302291113732E-004
   73.00000     -6.178671091294315E-004
   74.00000     -5.635204037248917E-004
   75.00000     -5.123059450995591E-004
   76.00000     -4.641390809032733E-004
   77.00000     -4.189346794471572E-004
   78.00000     -3.766071357839273E-004
   79.00000     -3.370703787817110E-004
   80.00000     -3.002378793558808E-004
   81.00000     -2.660226600715669E-004
   82.00000     -2.343373063962752E-004
   83.00000     -2.050939799807711E-004
   84.00000     -1.782044344847494E-004
   85.00000     -1.535800346705707E-004
   86.00000     -1.311317797981702E-004
   87.00000     -1.107703328288160E-004
   88.00000     -9.240605769733272E-005
   89.00000     -7.594906813096017E-005
   90.00000     -6.130929353846561E-005
   91.00000     -4.839657106796406E-005
   92.00000     -3.712077946555374E-005
   93.00000     -2.739204299566524E-005
   94.00000     -1.912105982566152E-005
   95.00000     -1.221966828110640E-005
   96.00000     -6.601913717459548E-006
   97.00000     -2.186322551594791E-006
