  0.0000000E+00 -1.767711561276902E-002
   1.000000     -1.719917018342883E-002
   2.000000     -1.674555683272938E-002
   3.000000     -1.627572116015642E-002
   4.000000     -1.575117538955841E-002
   5.000000     -1.551501984118746E-002
   6.000000     -1.470956208433721E-002
   7.000000     -1.379906996240659E-002
   8.000000     -1.373035271320875E-002
   9.000000     -1.285423465379548E-002
   10.00000     -1.192116713371151E-002
   11.00000     -1.101493068118592E-002
   12.00000     -1.014933024812275E-002
   13.00000     -1.013592949953544E-002
   14.00000     -9.327237521426507E-003
   15.00000     -8.556735528862897E-003
   16.00000     -7.837610011971563E-003
   17.00000     -7.169512689189321E-003
   18.00000     -6.551009962299263E-003
   19.00000     -5.979978481953656E-003
   20.00000     -5.453883811704358E-003
   21.00000     -4.969976716970977E-003
   22.00000     -4.525431671406561E-003
   23.00000     -4.301266173352527E-003
   24.00000     -4.117418297243210E-003
   25.00000     -3.743232936951652E-003
   26.00000     -3.400239696584424E-003
   27.00000     -3.085967410327226E-003
   28.00000     -2.798097405935027E-003
   29.00000     -2.534470865519864E-003
   30.00000     -2.293088393408802E-003
   31.00000     -2.072105747386961E-003
   32.00000     -1.869827154557846E-003
   33.00000     -1.684697168183508E-003
   34.00000     -1.515291739096979E-003
   35.00000     -1.360308974726570E-003
   36.00000     -1.218559913101063E-003
   37.00000     -1.088959533105102E-003
   38.00000     -9.705181452135778E-004
   39.00000     -8.623332513330300E-004
   40.00000     -7.635819226224903E-004
   41.00000     -6.735137161112870E-004
   42.00000     -5.914441315141914E-004
   43.00000     -5.167485965972973E-004
   44.00000     -4.488569611058924E-004
   45.00000     -3.872484744161968E-004
   46.00000     -3.314472198632218E-004
   47.00000     -2.810179785641322E-004
   48.00000     -2.355624972070250E-004
   49.00000     -1.947161376991702E-004
   50.00000     -1.581448921370244E-004
   51.00000     -1.255427552442333E-004
   52.00000     -9.662946031003684E-005
   53.00000     -7.114860811551437E-005
   54.00000     -4.886626081882343E-005
   55.00000     -2.957015617146577E-005
   56.00000     -1.306987726109213E-005
