0.000000000000000000e+00 1.478940859693494106e-05
1.000000000000000000e+00 1.755647099593632662e-05
2.000000000000000000e+00 1.848596338749944448e-05
3.000000000000000000e+00 2.764784231375003103e-05
4.000000000000000000e+00 2.767563595879186906e-05
5.000000000000000000e+00 4.368978747166880672e-05
6.000000000000000000e+00 4.368978747166880672e-05
7.000000000000000000e+00 2.746490545335170444e-04
8.000000000000000000e+00 2.774161169325184114e-04
9.000000000000000000e+00 2.783456093240815258e-04
1.000000000000000000e+01 2.875074882503321429e-04
1.100000000000000000e+01 2.875352818953739640e-04
1.200000000000000000e+01 3.035494334082509287e-04
1.300000000000000000e+01 3.035494334082509287e-04
1.400000000000000000e+01 6.231348887385921740e-04
1.500000000000000000e+01 6.259019511375934867e-04
1.600000000000000000e+01 6.268314435291565470e-04
1.700000000000000000e+01 6.359933224554072725e-04
1.800000000000000000e+01 6.360211161004489851e-04
1.900000000000000000e+01 6.520352676133259499e-04
2.000000000000000000e+01 6.520352676133259499e-04
2.100000000000000000e+01 2.416427797091106732e-03
2.200000000000000000e+01 2.419194859490108370e-03
2.300000000000000000e+01 2.420124351881670997e-03
2.400000000000000000e+01 2.429286230807921939e-03
2.500000000000000000e+01 2.429314024452964085e-03
2.600000000000000000e+01 2.445328175965840508e-03
2.700000000000000000e+01 2.445328175965840508e-03
2.800000000000000000e+01 3.066892951576331502e-03
2.900000000000000000e+01 3.069660013975333140e-03
3.000000000000000000e+01 3.070589506366896201e-03
3.100000000000000000e+01 3.079751385293146709e-03
3.200000000000000000e+01 3.079779178938188856e-03
3.300000000000000000e+01 3.095793330451065278e-03
3.400000000000000000e+01 3.095793330451065278e-03
3.500000000000000000e+01 3.137569912750100103e-03
3.600000000000000000e+01 3.140336975149101741e-03
3.700000000000000000e+01 3.141266467540664367e-03
3.800000000000000000e+01 3.150428346466915309e-03
3.900000000000000000e+01 3.150456140111957456e-03
4.000000000000000000e+01 3.166470291624833878e-03
4.100000000000000000e+01 3.166470291624833878e-03
4.200000000000000000e+01 3.236605960170574163e-03
4.300000000000000000e+01 3.239373022569575801e-03
4.400000000000000000e+01 3.240302514961138428e-03
4.500000000000000000e+01 3.249464393887389370e-03
4.600000000000000000e+01 3.249492187532431516e-03
4.700000000000000000e+01 3.265506339045307939e-03
4.800000000000000000e+01 3.265506339045307939e-03
4.900000000000000000e+01 3.946544503076554987e-03
5.000000000000000000e+01 3.949311565475556625e-03
5.100000000000000000e+01 3.950241057867119251e-03
5.200000000000000000e+01 3.959402936793370194e-03
5.300000000000000000e+01 3.959430730438411906e-03
5.400000000000000000e+01 3.975444881951288763e-03
5.500000000000000000e+01 3.975444881951288763e-03
5.600000000000000000e+01 4.389137796859192767e-03
5.700000000000000000e+01 4.391904859258194405e-03
5.800000000000000000e+01 4.392834351649757031e-03
5.900000000000000000e+01 4.401996230576007973e-03
6.000000000000000000e+01 4.402024024221050554e-03
6.100000000000000000e+01 4.418038175733926542e-03
6.200000000000000000e+01 4.418038175733926542e-03
6.300000000000000000e+01 4.538180079312238366e-03
6.400000000000000000e+01 4.540947141711239136e-03
6.500000000000000000e+01 4.541876634102802630e-03
6.600000000000000000e+01 4.551038513029052705e-03
6.700000000000000000e+01 4.551066306674095285e-03
6.800000000000000000e+01 4.567080458186972142e-03
6.900000000000000000e+01 4.567080458186972142e-03
7.000000000000000000e+01 5.036251311132487231e-03
7.100000000000000000e+01 5.039018373531488869e-03
7.200000000000000000e+01 5.039947865923051495e-03
7.300000000000000000e+01 5.049109744849302438e-03
7.400000000000000000e+01 5.049137538494345018e-03
7.500000000000000000e+01 5.065151690007221007e-03
7.600000000000000000e+01 5.065151690007221007e-03
7.700000000000000000e+01 5.229540165225088355e-03
7.800000000000000000e+01 5.232307227624089993e-03
7.900000000000000000e+01 5.233236720015653487e-03
8.000000000000000000e+01 5.242398598941903562e-03
8.100000000000000000e+01 5.242426392586946142e-03
8.200000000000000000e+01 5.258440544099822998e-03
8.300000000000000000e+01 5.258440544099822998e-03
8.400000000000000000e+01 5.403341573441633461e-03
8.500000000000000000e+01 5.406108635840635099e-03
8.600000000000000000e+01 5.407038128232197725e-03
8.700000000000000000e+01 5.416200007158448668e-03
8.800000000000000000e+01 5.416227800803490380e-03
8.900000000000000000e+01 5.432241952316367237e-03
9.000000000000000000e+01 5.432241952316367237e-03
9.100000000000000000e+01 5.461803911069801516e-03
9.200000000000000000e+01 5.464570973468803154e-03
9.300000000000000000e+01 5.465500465860365781e-03
9.400000000000000000e+01 5.474662344786616723e-03
9.500000000000000000e+01 5.474690138431659303e-03
9.600000000000000000e+01 5.490704289944535292e-03
9.700000000000000000e+01 5.490704289944535292e-03
9.800000000000000000e+01 5.854477995823196765e-03
9.900000000000000000e+01 5.857245058222199270e-03
1.000000000000000000e+02 5.857389494049711903e-03
1.010000000000000000e+02 5.858174550613761897e-03
1.020000000000000000e+02 5.860156556448713541e-03
1.030000000000000000e+02 5.861086048840276168e-03
1.040000000000000000e+02 5.867336429540012839e-03
1.050000000000000000e+02 5.867364223185054552e-03
1.060000000000000000e+02 5.870247927766527110e-03
1.070000000000000000e+02 5.870275721411568823e-03
1.080000000000000000e+02 5.883378374697931408e-03
1.090000000000000000e+02 5.883378374697931408e-03
1.100000000000000000e+02 5.883747893486929344e-03
1.110000000000000000e+02 5.886289872924445679e-03
1.120000000000000000e+02 5.886289872924445679e-03
1.130000000000000000e+02 5.886514955885931849e-03
1.140000000000000000e+02 5.887444448277494476e-03
1.150000000000000000e+02 5.896606327203745418e-03
1.160000000000000000e+02 5.896634120848787131e-03
1.170000000000000000e+02 5.912648272361663987e-03
1.180000000000000000e+02 5.912648272361663987e-03
1.190000000000000000e+02 5.939198493513023550e-03
1.200000000000000000e+02 5.941965555912026055e-03
1.210000000000000000e+02 5.942895048303588681e-03
1.220000000000000000e+02 5.952056927229839624e-03
1.230000000000000000e+02 5.952084720874881336e-03
1.240000000000000000e+02 5.956239187358347911e-03
1.250000000000000000e+02 5.959006249757349549e-03
1.260000000000000000e+02 5.959935742148913043e-03
1.270000000000000000e+02 5.968098872387758193e-03
1.280000000000000000e+02 5.968098872387758193e-03
1.290000000000000000e+02 5.969097621075163118e-03
1.300000000000000000e+02 5.969125414720205698e-03
1.310000000000000000e+02 5.985139566233082555e-03
1.320000000000000000e+02 5.985139566233082555e-03
1.330000000000000000e+02 1.300245674035369579e-02
1.340000000000000000e+02 1.300386009161154550e-02
1.350000000000000000e+02 1.300522380275269743e-02
1.360000000000000000e+02 1.300615329514426093e-02
1.370000000000000000e+02 1.300662715401054714e-02
1.380000000000000000e+02 1.300755664640211064e-02
1.390000000000000000e+02 1.301531517407051100e-02
1.400000000000000000e+02 1.301534296771555098e-02
1.410000000000000000e+02 1.301671852532836245e-02
1.420000000000000000e+02 1.301674631897340242e-02
1.430000000000000000e+02 1.303135711922842957e-02
1.440000000000000000e+02 1.303135711922842957e-02
1.450000000000000000e+02 1.303276047048627928e-02
1.460000000000000000e+02 1.303276047048627928e-02
1.470000000000000000e+02 1.304468941181153099e-02
1.480000000000000000e+02 1.304745647421053263e-02
1.490000000000000000e+02 1.304838596660209613e-02
1.500000000000000000e+02 1.305754784552834620e-02
1.510000000000000000e+02 1.305757563917338618e-02
1.520000000000000000e+02 1.307358979068626477e-02
1.530000000000000000e+02 1.307358979068626477e-02
1.540000000000000000e+02 1.314661007508052815e-02
1.550000000000000000e+02 1.314937713747952978e-02
1.560000000000000000e+02 1.315030662987109328e-02
1.570000000000000000e+02 1.315946850879734509e-02
1.580000000000000000e+02 1.315949630244238507e-02
1.590000000000000000e+02 1.317551045395526192e-02
1.600000000000000000e+02 1.317551045395526192e-02
1.610000000000000000e+02 1.330464656332252214e-02
1.620000000000000000e+02 1.330741362572152378e-02
1.630000000000000000e+02 1.330834311811308728e-02
1.640000000000000000e+02 1.331750499703933908e-02
1.650000000000000000e+02 1.331753279068437906e-02
1.660000000000000000e+02 1.333354694219725592e-02
1.670000000000000000e+02 1.333354694219725592e-02
1.680000000000000000e+02 1.334568091860888032e-02
1.690000000000000000e+02 1.334844798100788370e-02
1.700000000000000000e+02 1.334937747339944719e-02
1.710000000000000000e+02 1.335478447644389624e-02
1.720000000000000000e+02 1.335755153884289788e-02
1.730000000000000000e+02 1.335848103123446311e-02
1.740000000000000000e+02 1.335853935232569727e-02
1.750000000000000000e+02 1.335856714597073724e-02
1.760000000000000000e+02 1.336439834382722146e-02
1.770000000000000000e+02 1.336716540622622310e-02
1.780000000000000000e+02 1.336764291016071318e-02
1.790000000000000000e+02 1.336767070380575316e-02
1.800000000000000000e+02 1.336809489861778832e-02
1.810000000000000000e+02 1.337458129748361584e-02
1.820000000000000000e+02 1.337458129748361584e-02
1.830000000000000000e+02 1.337725677754403840e-02
1.840000000000000000e+02 1.337728457118907838e-02
1.850000000000000000e+02 1.338368485531863175e-02
1.860000000000000000e+02 1.338368485531863175e-02
1.870000000000000000e+02 1.339329872270195523e-02
1.880000000000000000e+02 1.339329872270195523e-02
