0.000000000000000000e+00 1.169630851625178426e-03
1.000000000000000000e+00 1.169631307258703692e-03
2.000000000000000000e+00 1.210844270886971908e-03
3.000000000000000000e+00 1.210865685662659884e-03
4.000000000000000000e+00 1.247638500587113126e-03
5.000000000000000000e+00 1.248036724288204393e-03
6.000000000000000000e+00 1.277713502690008742e-03
7.000000000000000000e+00 1.281304350502709142e-03
8.000000000000000000e+00 1.298862644032746641e-03
9.000000000000000000e+00 1.312953110801907963e-03
1.000000000000000000e+01 1.318818936806311591e-03
1.100000000000000000e+01 1.347222675138494722e-03
1.200000000000000000e+01 1.348144421760128246e-03
1.300000000000000000e+01 1.387347585908403754e-03
1.400000000000000000e+01 1.387430055576478792e-03
1.500000000000000000e+01 1.429490497561760514e-03
1.600000000000000000e+01 1.429490953195285781e-03
1.700000000000000000e+01 1.434288318582917134e-03
1.800000000000000000e+01 1.434293330551695287e-03
1.900000000000000000e+01 1.470703916823553996e-03
2.000000000000000000e+01 1.470725331599241972e-03
2.100000000000000000e+01 1.488010700647639196e-03
2.200000000000000000e+01 1.488010700647639196e-03
2.300000000000000000e+01 1.507498146523695215e-03
2.400000000000000000e+01 1.507896370224786481e-03
2.500000000000000000e+01 1.537573148626590830e-03
2.600000000000000000e+01 1.541163996439291230e-03
2.700000000000000000e+01 1.548381687113188762e-03
2.800000000000000000e+01 1.548381687113188762e-03
2.900000000000000000e+01 1.558722289969328729e-03
3.000000000000000000e+01 1.572812756738490051e-03
3.100000000000000000e+01 1.578678582742893896e-03
3.200000000000000000e+01 1.607082321075076810e-03
3.300000000000000000e+01 1.608004067696710334e-03
3.400000000000000000e+01 1.615316985777390593e-03
3.500000000000000000e+01 1.615316985777390593e-03
3.600000000000000000e+01 1.647207231844985843e-03
3.700000000000000000e+01 1.647289701513060881e-03
3.800000000000000000e+01 1.688766476952463817e-03
3.900000000000000000e+01 1.688766476952463817e-03
4.000000000000000000e+01 1.694147964519499222e-03
4.100000000000000000e+01 1.694152976488277375e-03
4.200000000000000000e+01 1.747870346584221284e-03
4.300000000000000000e+01 1.747870346584221284e-03
4.400000000000000000e+01 1.768699633192215336e-03
4.500000000000000000e+01 1.768699633192215336e-03
4.600000000000000000e+01 1.777976331766835481e-03
4.700000000000000000e+01 1.777976787400360964e-03
4.800000000000000000e+01 1.808241333049770850e-03
4.900000000000000000e+01 1.808241333049770850e-03
5.000000000000000000e+01 1.819189751028628963e-03
5.100000000000000000e+01 1.819211165804317156e-03
5.200000000000000000e+01 1.855097317888582857e-03
5.300000000000000000e+01 1.855097317888582857e-03
5.400000000000000000e+01 1.855983980728770182e-03
5.500000000000000000e+01 1.856382204429861665e-03
5.600000000000000000e+01 1.875176631713972681e-03
5.700000000000000000e+01 1.875176631713972681e-03
5.800000000000000000e+01 1.886058982831665797e-03
5.900000000000000000e+01 1.889649830644366197e-03
6.000000000000000000e+01 1.907208124174403913e-03
6.100000000000000000e+01 1.921298590943565235e-03
6.200000000000000000e+01 1.927164416947968863e-03
6.300000000000000000e+01 1.947946317669334293e-03
6.400000000000000000e+01 1.947946317669334293e-03
6.500000000000000000e+01 1.948626122889045905e-03
6.600000000000000000e+01 1.948626122889045905e-03
6.700000000000000000e+01 1.955568155280151994e-03
6.800000000000000000e+01 1.956489901901785518e-03
6.900000000000000000e+01 1.995693066050061026e-03
7.000000000000000000e+01 1.995775535718136064e-03
7.100000000000000000e+01 2.028559279128797424e-03
7.200000000000000000e+01 2.028559279128797424e-03
7.300000000000000000e+01 2.042633798724574189e-03
7.400000000000000000e+01 2.042638810693352559e-03
7.500000000000000000e+01 2.047236608596912904e-03
7.600000000000000000e+01 2.047236608596912904e-03
7.700000000000000000e+01 2.096356180789296468e-03
7.800000000000000000e+01 2.096356180789296468e-03
7.900000000000000000e+01 2.114956963825164946e-03
8.000000000000000000e+01 2.114956963825164946e-03
8.100000000000000000e+01 2.152962723069015271e-03
8.200000000000000000e+01 2.152962723069015271e-03
8.300000000000000000e+01 2.156727167254846034e-03
8.400000000000000000e+01 2.156727167254846034e-03
8.500000000000000000e+01 2.207805963605916598e-03
8.600000000000000000e+01 2.207805963605916598e-03
8.700000000000000000e+01 2.223662465919047648e-03
8.800000000000000000e+01 2.223662465919047648e-03
8.900000000000000000e+01 2.265119649116863892e-03
9.000000000000000000e+01 2.265119649116863892e-03
9.100000000000000000e+01 2.297111957094121089e-03
9.200000000000000000e+01 2.297111957094121089e-03
9.300000000000000000e+01 2.307096254533494775e-03
9.400000000000000000e+01 2.307096254533494775e-03
9.500000000000000000e+01 2.377045113333872174e-03
9.600000000000000000e+01 2.377045113333872174e-03
9.700000000000000000e+01 2.383703741672256633e-03
9.800000000000000000e+01 2.383703741672256633e-03
9.900000000000000000e+01 2.412822369005597576e-03
1.000000000000000000e+02 2.412822369005597576e-03
1.010000000000000000e+02 2.463442798030239696e-03
1.020000000000000000e+02 2.463442798030239696e-03
1.030000000000000000e+02 2.508712722567566292e-03
1.040000000000000000e+02 2.508712722567566292e-03
1.050000000000000000e+02 2.524979295053446197e-03
1.060000000000000000e+02 2.524979295053446197e-03
1.070000000000000000e+02 2.556291797810991782e-03
1.080000000000000000e+02 2.556291797810991782e-03
1.090000000000000000e+02 2.640144313635166967e-03
1.100000000000000000e+02 2.640144313635166967e-03
1.110000000000000000e+02 2.643563387608838505e-03
1.120000000000000000e+02 2.643563387608838505e-03
1.130000000000000000e+02 2.655582088738570393e-03
1.140000000000000000e+02 2.655582088738570393e-03
1.150000000000000000e+02 2.761308203210672326e-03
1.160000000000000000e+02 2.761308203210672326e-03
1.170000000000000000e+02 2.768572368504148163e-03
1.180000000000000000e+02 2.768572368504148163e-03
1.190000000000000000e+02 2.777997147974482859e-03
1.200000000000000000e+02 2.777997147974482859e-03
1.210000000000000000e+02 2.873465129258521381e-03
1.220000000000000000e+02 2.873465129258521381e-03
1.230000000000000000e+02 2.900003959571749272e-03
1.240000000000000000e+02 2.900003959571749272e-03
1.250000000000000000e+02 2.922269403051413333e-03
1.260000000000000000e+02 2.922269403051413333e-03
1.270000000000000000e+02 2.992049221813913688e-03
1.280000000000000000e+02 2.992049221813913688e-03
1.290000000000000000e+02 3.037856793911065164e-03
1.300000000000000000e+02 3.037856793911065164e-03
1.310000000000000000e+02 3.072961078865957523e-03
1.320000000000000000e+02 3.072961078865957523e-03
1.330000000000000000e+02 3.117058202709222913e-03
1.340000000000000000e+02 3.117058202709222913e-03
1.350000000000000000e+02 3.182129048987995638e-03
1.360000000000000000e+02 3.182129048987995638e-03
1.370000000000000000e+02 3.230070352884014794e-03
1.380000000000000000e+02 3.230070352884014794e-03
1.390000000000000000e+02 3.248489793776824022e-03
1.400000000000000000e+02 3.248489793776824022e-03
1.410000000000000000e+02 3.332820724802539828e-03
1.420000000000000000e+02 3.332820724802539828e-03
1.430000000000000000e+02 3.386342628116140348e-03
1.440000000000000000e+02 3.386342628116140348e-03
1.450000000000000000e+02 3.393597680739110414e-03
1.460000000000000000e+02 3.393597680739110414e-03
1.470000000000000000e+02 3.489929998820597099e-03
1.480000000000000000e+02 3.489929998820597099e-03
1.490000000000000000e+02 3.530614883193070389e-03
1.500000000000000000e+02 3.530614883193070389e-03
1.510000000000000000e+02 3.563541695530668581e-03
1.520000000000000000e+02 3.563541695530668581e-03
1.530000000000000000e+02 3.571269240119350364e-03
1.540000000000000000e+02 3.571269695752875631e-03
1.550000000000000000e+02 3.612482659381143629e-03
1.560000000000000000e+02 3.612504074156832039e-03
1.570000000000000000e+02 3.649276889081285065e-03
1.580000000000000000e+02 3.649675112782376114e-03
1.590000000000000000e+02 3.653457326675692285e-03
1.600000000000000000e+02 3.653457326675692285e-03
1.610000000000000000e+02 3.679351891184180681e-03
1.620000000000000000e+02 3.681306559007615012e-03
1.630000000000000000e+02 3.681306559007615012e-03
1.640000000000000000e+02 3.682942738996880863e-03
1.650000000000000000e+02 3.700501032526918362e-03
1.660000000000000000e+02 3.714591499296079902e-03
1.670000000000000000e+02 3.720457325300483963e-03
1.680000000000000000e+02 3.739901941625163595e-03
1.690000000000000000e+02 3.739901941625163595e-03
1.700000000000000000e+02 3.748861063632666444e-03
1.710000000000000000e+02 3.749782810254299967e-03
1.720000000000000000e+02 3.788985974402575476e-03
1.730000000000000000e+02 3.789068444070650080e-03
1.740000000000000000e+02 3.823401341467250452e-03
1.750000000000000000e+02 3.823401341467250452e-03
1.760000000000000000e+02 3.835926707077089073e-03
1.770000000000000000e+02 3.835931719045866575e-03
1.780000000000000000e+02 3.838415833025671849e-03
1.790000000000000000e+02 3.838415833025671849e-03
1.800000000000000000e+02 3.889649089141810918e-03
1.810000000000000000e+02 3.889649089141810918e-03
1.820000000000000000e+02 3.922678874656121591e-03
1.830000000000000000e+02 3.922678874656121591e-03
1.840000000000000000e+02 3.950020075607360917e-03
1.850000000000000000e+02 3.950020075607360917e-03
1.860000000000000000e+02 3.999761587561745900e-03
1.870000000000000000e+02 3.999761587561745900e-03
1.880000000000000000e+02 4.001943160880767902e-03
1.890000000000000000e+02 4.001943160880767902e-03
1.900000000000000000e+02 4.016955374271562532e-03
1.910000000000000000e+02 4.016955374271562532e-03
1.920000000000000000e+02 4.090404865446635972e-03
1.930000000000000000e+02 4.090404865446635972e-03
1.940000000000000000e+02 4.111871127722966333e-03
1.950000000000000000e+02 4.111871127722966333e-03
1.960000000000000000e+02 4.170338021686387057e-03
1.970000000000000000e+02 4.170338021686387057e-03
1.980000000000000000e+02 4.171887175672325636e-03
1.990000000000000000e+02 4.171887175672325636e-03
2.000000000000000000e+02 4.182538520592703896e-03
2.010000000000000000e+02 4.182538520592703896e-03
2.020000000000000000e+02 4.221734394604575134e-03
2.030000000000000000e+02 4.221734850238100835e-03
2.040000000000000000e+02 4.256735706382754579e-03
2.050000000000000000e+02 4.256735706382754579e-03
2.060000000000000000e+02 4.262947813866368833e-03
2.070000000000000000e+02 4.262969228642056810e-03
2.080000000000000000e+02 4.292411355778343734e-03
2.090000000000000000e+02 4.292411811411869435e-03
2.100000000000000000e+02 4.299742043566510269e-03
2.110000000000000000e+02 4.300140267267600451e-03
2.120000000000000000e+02 4.307479612092747490e-03
2.130000000000000000e+02 4.307479612092747490e-03
2.140000000000000000e+02 4.329817045669405451e-03
2.150000000000000000e+02 4.333407893482106067e-03
2.160000000000000000e+02 4.333624775040137433e-03
2.170000000000000000e+02 4.333646189815825410e-03
2.180000000000000000e+02 4.348247421766820650e-03
2.190000000000000000e+02 4.348247421766820650e-03
2.200000000000000000e+02 4.349584706163506231e-03
2.210000000000000000e+02 4.349584706163506231e-03
2.220000000000000000e+02 4.350966187012143133e-03
2.230000000000000000e+02 4.365056653781305106e-03
2.240000000000000000e+02 4.370419004740278869e-03
2.250000000000000000e+02 4.370817228441369051e-03
2.260000000000000000e+02 4.370922479785708734e-03
2.270000000000000000e+02 4.371730773659547771e-03
2.280000000000000000e+02 4.371730773659547771e-03
2.290000000000000000e+02 4.391447403198817795e-03
2.300000000000000000e+02 4.391447858832343495e-03
2.310000000000000000e+02 4.399326218117891214e-03
2.320000000000000000e+02 4.400247964739524738e-03
2.330000000000000000e+02 4.400494006843174051e-03
2.340000000000000000e+02 4.404084854655874667e-03
2.350000000000000000e+02 4.421643148185911733e-03
2.360000000000000000e+02 4.432660822460611494e-03
2.370000000000000000e+02 4.432682237236299470e-03
2.380000000000000000e+02 4.435733614955073706e-03
2.390000000000000000e+02 4.439451128887800246e-03
2.400000000000000000e+02 4.439533598555874851e-03
2.410000000000000000e+02 4.441599440959477334e-03
2.420000000000000000e+02 4.448874997091084409e-03
2.430000000000000000e+02 4.448874997091084409e-03
2.440000000000000000e+02 4.469455052160752929e-03
2.450000000000000000e+02 4.469853275861843112e-03
2.460000000000000000e+02 4.470003179291659814e-03
2.470000000000000000e+02 4.470924925913293338e-03
2.480000000000000000e+02 4.486391861562313843e-03
2.490000000000000000e+02 4.486396873531091345e-03
2.500000000000000000e+02 4.499530054263648111e-03
2.510000000000000000e+02 4.503120902076348728e-03
2.520000000000000000e+02 4.510128090061568847e-03
2.530000000000000000e+02 4.510210559729643451e-03
2.540000000000000000e+02 4.520679195606385793e-03
2.550000000000000000e+02 4.531024354797778646e-03
2.560000000000000000e+02 4.531024354797778646e-03
2.570000000000000000e+02 4.534769662375547766e-03
2.580000000000000000e+02 4.540114243627035688e-03
2.590000000000000000e+02 4.540114243627035688e-03
2.600000000000000000e+02 4.540635488379951394e-03
2.610000000000000000e+02 4.554601111563187643e-03
2.620000000000000000e+02 4.554601111563187643e-03
2.630000000000000000e+02 4.557068822736082443e-03
2.640000000000000000e+02 4.557073834704859945e-03
2.650000000000000000e+02 4.567339258029329795e-03
2.660000000000000000e+02 4.567339258029329795e-03
2.670000000000000000e+02 4.569039226712133875e-03
2.680000000000000000e+02 4.569960973333767398e-03
2.690000000000000000e+02 4.600485230092586121e-03
2.700000000000000000e+02 4.600485230092586121e-03
2.710000000000000000e+02 4.609164137482042907e-03
2.720000000000000000e+02 4.609246607150117511e-03
2.730000000000000000e+02 4.610791204800804288e-03
2.740000000000000000e+02 4.610791204800804288e-03
2.750000000000000000e+02 4.656104870156556504e-03
2.760000000000000000e+02 4.656109882125334005e-03
2.770000000000000000e+02 4.666758037611036698e-03
2.780000000000000000e+02 4.666758037611036698e-03
2.790000000000000000e+02 4.667420528756786868e-03
2.800000000000000000e+02 4.667420528756786868e-03
2.810000000000000000e+02 4.671162191266354721e-03
2.820000000000000000e+02 4.671162191266354721e-03
2.830000000000000000e+02 4.709827252221278349e-03
2.840000000000000000e+02 4.709827252221278349e-03
2.850000000000000000e+02 4.720216607864623388e-03
2.860000000000000000e+02 4.720216607864623388e-03
2.870000000000000000e+02 4.738097489930555468e-03
2.880000000000000000e+02 4.738097489930555468e-03
2.890000000000000000e+02 4.740870019931860309e-03
2.900000000000000000e+02 4.740870019931860309e-03
2.910000000000000000e+02 4.770198238686828782e-03
2.920000000000000000e+02 4.770198238686828782e-03
2.930000000000000000e+02 4.785342130166427704e-03
2.940000000000000000e+02 4.785342130166427704e-03
2.950000000000000000e+02 4.811546981105628909e-03
2.960000000000000000e+02 4.811546981105628909e-03
2.970000000000000000e+02 4.820803176171612262e-03
2.980000000000000000e+02 4.820803176171612262e-03
2.990000000000000000e+02 4.837133537351029529e-03
3.000000000000000000e+02 4.837133537351029529e-03
3.010000000000000000e+02 4.891480137345380862e-03
3.020000000000000000e+02 4.891480137345380862e-03
3.030000000000000000e+02 4.907200860867979783e-03
3.040000000000000000e+02 4.907200860867979783e-03
3.050000000000000000e+02 4.910351111061738230e-03
3.060000000000000000e+02 4.910351111061738230e-03
3.070000000000000000e+02 4.910583028526102969e-03
3.080000000000000000e+02 4.910583028526102969e-03
3.090000000000000000e+02 4.915825092234404545e-03
3.100000000000000000e+02 4.915825092234404545e-03
3.110000000000000000e+02 4.977877822041748383e-03
3.120000000000000000e+02 4.977877822041748383e-03
3.130000000000000000e+02 4.990516184765854922e-03
3.140000000000000000e+02 4.990516184765854922e-03
3.150000000000000000e+02 5.000049860648731435e-03
3.160000000000000000e+02 5.000049860648731435e-03
3.170000000000000000e+02 5.041782702129338906e-03
3.180000000000000000e+02 5.041782702129338906e-03
3.190000000000000000e+02 5.070726821822499168e-03
3.200000000000000000e+02 5.070726821822499168e-03
3.210000000000000000e+02 5.076913869462222444e-03
3.220000000000000000e+02 5.076913869462222444e-03
3.230000000000000000e+02 5.099340151576308745e-03
3.240000000000000000e+02 5.099340151576308745e-03
3.250000000000000000e+02 5.101385946104798619e-03
3.260000000000000000e+02 5.101386401738324319e-03
3.270000000000000000e+02 5.142599365366591450e-03
3.280000000000000000e+02 5.142620780142280294e-03
3.290000000000000000e+02 5.169762869242974096e-03
3.300000000000000000e+02 5.169762869242974096e-03
3.310000000000000000e+02 5.170017112750078213e-03
3.320000000000000000e+02 5.170017112750078213e-03
3.330000000000000000e+02 5.179393595066732886e-03
3.340000000000000000e+02 5.179635536468655231e-03
3.350000000000000000e+02 5.179635536468655231e-03
3.360000000000000000e+02 5.179791818767823935e-03
3.370000000000000000e+02 5.205066266048411980e-03
3.380000000000000000e+02 5.205066266048411980e-03
3.390000000000000000e+02 5.209468597169628935e-03
3.400000000000000000e+02 5.213059444982328684e-03
3.410000000000000000e+02 5.230617738512367484e-03
3.420000000000000000e+02 5.244708205281527723e-03
3.430000000000000000e+02 5.250574031285932218e-03
3.440000000000000000e+02 5.269053160170551406e-03
3.450000000000000000e+02 5.269053160170551406e-03
3.460000000000000000e+02 5.275743227222180580e-03
3.470000000000000000e+02 5.275743227222180580e-03
3.480000000000000000e+02 5.278977769618114699e-03
3.490000000000000000e+02 5.279899516239749090e-03
3.500000000000000000e+02 5.317223192096261035e-03
3.510000000000000000e+02 5.317223192096261035e-03
3.520000000000000000e+02 5.319102680388023731e-03
3.530000000000000000e+02 5.319185150056098335e-03
3.540000000000000000e+02 5.323907791545585272e-03
3.550000000000000000e+02 5.323907791545585272e-03
3.560000000000000000e+02 5.366043413062537328e-03
3.570000000000000000e+02 5.366048425031314829e-03
3.580000000000000000e+02 5.374779274642654640e-03
3.590000000000000000e+02 5.374779274642654640e-03
3.600000000000000000e+02 5.387900153270028768e-03
3.610000000000000000e+02 5.387900153270028768e-03
3.620000000000000000e+02 5.419765795127259173e-03
3.630000000000000000e+02 5.419765795127259173e-03
3.640000000000000000e+02 5.435807284651652908e-03
3.650000000000000000e+02 5.435807284651652908e-03
3.660000000000000000e+02 5.474599467360129028e-03
3.670000000000000000e+02 5.474599467360129028e-03
3.680000000000000000e+02 5.480136781592808738e-03
3.690000000000000000e+02 5.480136781592808738e-03
3.700000000000000000e+02 5.486936200690503695e-03
3.710000000000000000e+02 5.486936200690503695e-03
3.720000000000000000e+02 5.506484245825422376e-03
3.730000000000000000e+02 5.506484245825422376e-03
3.740000000000000000e+02 5.543979239887437266e-03
3.750000000000000000e+02 5.543979695520962099e-03
3.760000000000000000e+02 5.547072080257010353e-03
3.770000000000000000e+02 5.547072080257010353e-03
3.780000000000000000e+02 5.560816265546962567e-03
3.790000000000000000e+02 5.560816265546962567e-03
3.800000000000000000e+02 5.585192659149229230e-03
3.810000000000000000e+02 5.585214073924918074e-03
3.820000000000000000e+02 5.605520293245895569e-03
3.830000000000000000e+02 5.605520293245895569e-03
3.840000000000000000e+02 5.620521571432083793e-03
3.850000000000000000e+02 5.620521571432083793e-03
3.860000000000000000e+02 5.621986888849371533e-03
3.870000000000000000e+02 5.622385112550462583e-03
3.880000000000000000e+02 5.631493226720731167e-03
3.890000000000000000e+02 5.631493226720731167e-03
3.900000000000000000e+02 5.631708741378186299e-03
3.910000000000000000e+02 5.631708741378186299e-03
3.920000000000000000e+02 5.652061890952266715e-03
3.930000000000000000e+02 5.655652738764967331e-03
3.940000000000000000e+02 5.673211032295005264e-03
3.950000000000000000e+02 5.687301499064165503e-03
3.960000000000000000e+02 5.692247856614564110e-03
3.970000000000000000e+02 5.692247856614564110e-03
3.980000000000000000e+02 5.693021522340481130e-03
3.990000000000000000e+02 5.693021977974006831e-03
4.000000000000000000e+02 5.693167325068569998e-03
4.010000000000000000e+02 5.700454727671834879e-03
4.020000000000000000e+02 5.700454727671834879e-03
4.030000000000000000e+02 5.721571063400752478e-03
4.040000000000000000e+02 5.722492810022386869e-03
4.050000000000000000e+02 5.730529274141205227e-03
4.060000000000000000e+02 5.730529274141205227e-03
4.070000000000000000e+02 5.734234941602275697e-03
4.080000000000000000e+02 5.734256356377963673e-03
4.090000000000000000e+02 5.761695974170661511e-03
4.100000000000000000e+02 5.761778443838736982e-03
4.110000000000000000e+02 5.762924817788332710e-03
4.120000000000000000e+02 5.762924817788332710e-03
4.130000000000000000e+02 5.771029171302416265e-03
4.140000000000000000e+02 5.771427395003507314e-03
4.150000000000000000e+02 5.786852412368203268e-03
4.160000000000000000e+02 5.786852412368203268e-03
4.170000000000000000e+02 5.795236069233281918e-03
4.180000000000000000e+02 5.795236069233281918e-03
4.190000000000000000e+02 5.801104173405311447e-03
4.200000000000000000e+02 5.804695021218012063e-03
4.210000000000000000e+02 5.808636706845175107e-03
4.220000000000000000e+02 5.808641718813952609e-03
4.230000000000000000e+02 5.822253314748049129e-03
4.240000000000000000e+02 5.830100690953880435e-03
4.250000000000000000e+02 5.830100690953880435e-03
4.260000000000000000e+02 5.836343781517211969e-03
4.270000000000000000e+02 5.842209607521614730e-03
4.280000000000000000e+02 5.861960865208806770e-03
4.290000000000000000e+02 5.861960865208806770e-03
4.300000000000000000e+02 5.862359088909896952e-03
4.310000000000000000e+02 5.862359088909896952e-03
4.320000000000000000e+02 5.870613345853798078e-03
4.330000000000000000e+02 5.871535092475430734e-03
4.340000000000000000e+02 5.879701412148954053e-03
4.350000000000000000e+02 5.879701412148954053e-03
4.360000000000000000e+02 5.900777652127647301e-03
4.370000000000000000e+02 5.900777652127647301e-03
4.380000000000000000e+02 5.910738256623706242e-03
4.390000000000000000e+02 5.910820726291781714e-03
4.400000000000000000e+02 5.922730075375447385e-03
4.410000000000000000e+02 5.922730075375447385e-03
4.420000000000000000e+02 5.957678989298220706e-03
4.430000000000000000e+02 5.957684001266998208e-03
4.440000000000000000e+02 5.965180084024840519e-03
4.450000000000000000e+02 5.965180084024840519e-03
4.460000000000000000e+02 5.974372946030810476e-03
4.470000000000000000e+02 5.974372946030810476e-03
4.480000000000000000e+02 5.978991703076533097e-03
4.490000000000000000e+02 5.978991703076533097e-03
4.500000000000000000e+02 5.989665374039648132e-03
4.510000000000000000e+02 5.989665374039648132e-03
4.520000000000000000e+02 5.999813699548123096e-03
4.530000000000000000e+02 5.999813699548123096e-03
4.540000000000000000e+02 6.011401371362942551e-03
4.550000000000000000e+02 6.011401371362942551e-03
4.560000000000000000e+02 6.045049907204579076e-03
4.570000000000000000e+02 6.045049907204579076e-03
4.580000000000000000e+02 6.063114865214721573e-03
4.590000000000000000e+02 6.063114865214721573e-03
4.600000000000000000e+02 6.071772357828492117e-03
4.610000000000000000e+02 6.071772357828492117e-03
4.620000000000000000e+02 6.084717817548635464e-03
4.630000000000000000e+02 6.084717817548635464e-03
4.640000000000000000e+02 6.125064621845354232e-03
4.650000000000000000e+02 6.125064621845354232e-03
4.660000000000000000e+02 6.138707656492693732e-03
4.670000000000000000e+02 6.138707656492693732e-03
4.680000000000000000e+02 6.141540330119335533e-03
4.690000000000000000e+02 6.141540330119335533e-03
4.700000000000000000e+02 6.143048021454473526e-03
4.710000000000000000e+02 6.143048021454473526e-03
4.720000000000000000e+02 6.144085954625053136e-03
4.730000000000000000e+02 6.144085954625053136e-03
4.740000000000000000e+02 6.191092754160731730e-03
4.750000000000000000e+02 6.191093209794256563e-03
4.760000000000000000e+02 6.195741583019123699e-03
4.770000000000000000e+02 6.195741583019123699e-03
4.780000000000000000e+02 6.196874743596483652e-03
4.790000000000000000e+02 6.196874743596483652e-03
4.800000000000000000e+02 6.212157147667767172e-03
4.810000000000000000e+02 6.212157147667767172e-03
4.820000000000000000e+02 6.229445706150841047e-03
4.830000000000000000e+02 6.229445706150841047e-03
4.840000000000000000e+02 6.232306173422523694e-03
4.850000000000000000e+02 6.232327588198212538e-03
4.860000000000000000e+02 6.269100403122665997e-03
4.870000000000000000e+02 6.269498626823757047e-03
4.880000000000000000e+02 6.282173895863411503e-03
4.890000000000000000e+02 6.282173895863411503e-03
4.900000000000000000e+02 6.292090303907518258e-03
4.910000000000000000e+02 6.292090303907518258e-03
4.920000000000000000e+02 6.294777630439596892e-03
4.930000000000000000e+02 6.294777630439596892e-03
4.940000000000000000e+02 6.299175405225561179e-03
4.950000000000000000e+02 6.302766253038261796e-03
4.960000000000000000e+02 6.315458836151877260e-03
4.970000000000000000e+02 6.315458836151877260e-03
4.980000000000000000e+02 6.320324546568299728e-03
4.990000000000000000e+02 6.322294705931591832e-03
5.000000000000000000e+02 6.322294705931591832e-03
5.010000000000000000e+02 6.324317263150293529e-03
5.020000000000000000e+02 6.324317263150293529e-03
5.030000000000000000e+02 6.334415013337459967e-03
5.040000000000000000e+02 6.340280839341864462e-03
5.050000000000000000e+02 6.352850857037180103e-03
5.060000000000000000e+02 6.352850857037180103e-03
5.070000000000000000e+02 6.368684577674046943e-03
5.080000000000000000e+02 6.369606324295681334e-03
5.090000000000000000e+02 6.378487988603885779e-03
5.100000000000000000e+02 6.378487988603885779e-03
5.110000000000000000e+02 6.384381608253332854e-03
5.120000000000000000e+02 6.384382063886857687e-03
5.130000000000000000e+02 6.408809488443955975e-03
5.140000000000000000e+02 6.408891958112031446e-03
5.150000000000000000e+02 6.421584996859171744e-03
5.160000000000000000e+02 6.421584996859171744e-03
5.170000000000000000e+02 6.425595027515124819e-03
5.180000000000000000e+02 6.425616442290813662e-03
5.190000000000000000e+02 6.440467817047186051e-03
5.200000000000000000e+02 6.440467817047186051e-03
5.210000000000000000e+02 6.445701223718506255e-03
5.220000000000000000e+02 6.445701223718506255e-03
5.230000000000000000e+02 6.451886904457654164e-03
5.240000000000000000e+02 6.451886904457654164e-03
5.250000000000000000e+02 6.455750221118469571e-03
5.260000000000000000e+02 6.455755233087247073e-03
5.270000000000000000e+02 6.462389257215267122e-03
5.280000000000000000e+02 6.462787480916358171e-03
5.290000000000000000e+02 6.471336988384638299e-03
5.300000000000000000e+02 6.471336988384638299e-03
5.310000000000000000e+02 6.492464259318162303e-03
5.320000000000000000e+02 6.496055107130862920e-03
5.330000000000000000e+02 6.509472603183191416e-03
5.340000000000000000e+02 6.509472603183191416e-03
5.350000000000000000e+02 6.513509516217137404e-03
5.360000000000000000e+02 6.513509516217137404e-03
5.370000000000000000e+02 6.513613400660900853e-03
5.380000000000000000e+02 6.516378184892275723e-03
5.390000000000000000e+02 6.516378184892275723e-03
5.400000000000000000e+02 6.527311111331273244e-03
5.410000000000000000e+02 6.527311111331273244e-03
5.420000000000000000e+02 6.527703867430061091e-03
5.430000000000000000e+02 6.533569693434465586e-03
5.440000000000000000e+02 6.558183016469877960e-03
5.450000000000000000e+02 6.558183472103402793e-03
5.460000000000000000e+02 6.561973431766648934e-03
5.470000000000000000e+02 6.562895178388282458e-03
5.480000000000000000e+02 6.569843589648741849e-03
5.490000000000000000e+02 6.569843589648741849e-03
5.500000000000000000e+02 6.570627279312215609e-03
5.510000000000000000e+02 6.570627279312215609e-03
5.520000000000000000e+02 6.571899408114786727e-03
5.530000000000000000e+02 6.571899408114786727e-03
5.540000000000000000e+02 6.599396435731669924e-03
5.550000000000000000e+02 6.599417850507358768e-03
5.560000000000000000e+02 6.602098342536557099e-03
5.570000000000000000e+02 6.602180812204632571e-03
5.580000000000000000e+02 6.615414232312748916e-03
5.590000000000000000e+02 6.615414232312748916e-03
5.600000000000000000e+02 6.615645238510064856e-03
5.610000000000000000e+02 6.615645238510064856e-03
5.620000000000000000e+02 6.616645354098044281e-03
5.630000000000000000e+02 6.616645809731570849e-03
5.640000000000000000e+02 6.636190665431812227e-03
5.650000000000000000e+02 6.636588889132903277e-03
5.660000000000000000e+02 6.636778888312942597e-03
5.670000000000000000e+02 6.636778888312942597e-03
5.680000000000000000e+02 6.639468037379121432e-03
5.690000000000000000e+02 6.639468037379121432e-03
5.700000000000000000e+02 6.649039075211070696e-03
5.710000000000000000e+02 6.649044087179849065e-03
5.720000000000000000e+02 6.657858773359838847e-03
5.730000000000000000e+02 6.657880188135526824e-03
5.740000000000000000e+02 6.666265667534707409e-03
5.750000000000000000e+02 6.669856515347408026e-03
5.760000000000000000e+02 6.676353393784318843e-03
5.770000000000000000e+02 6.676353393784318843e-03
5.780000000000000000e+02 6.686322199683833456e-03
5.790000000000000000e+02 6.686322199683833456e-03
5.800000000000000000e+02 6.687414808877445958e-03
5.810000000000000000e+02 6.694653003059980283e-03
5.820000000000000000e+02 6.695051226761071332e-03
5.830000000000000000e+02 6.701505275646606197e-03
5.840000000000000000e+02 6.702761457275792541e-03
5.850000000000000000e+02 6.702761457275792541e-03
5.860000000000000000e+02 6.707371101651010692e-03
5.870000000000000000e+02 6.709118000586919428e-03
5.880000000000000000e+02 6.709118000586919428e-03
5.890000000000000000e+02 6.709752242454102185e-03
5.900000000000000000e+02 6.709752242454102185e-03
5.910000000000000000e+02 6.710228379488016037e-03
5.920000000000000000e+02 6.710228379488016037e-03
5.930000000000000000e+02 6.724728005162875465e-03
5.940000000000000000e+02 6.728318852975576081e-03
5.950000000000000000e+02 6.735774839983193173e-03
5.960000000000000000e+02 6.736696586604827564e-03
5.970000000000000000e+02 6.745877146505613146e-03
5.980000000000000000e+02 6.758052129934515040e-03
5.990000000000000000e+02 6.758052129934515040e-03
6.000000000000000000e+02 6.759967613274775119e-03
6.010000000000000000e+02 6.763132443741342974e-03
6.020000000000000000e+02 6.763132443741342974e-03
6.030000000000000000e+02 6.765833439279178747e-03
6.040000000000000000e+02 6.775899750753102205e-03
6.050000000000000000e+02 6.775982220421176809e-03
6.060000000000000000e+02 6.785358247104307516e-03
6.070000000000000000e+02 6.785358247104307516e-03
6.080000000000000000e+02 6.788510319832167898e-03
6.090000000000000000e+02 6.788510319832167898e-03
6.100000000000000000e+02 6.790161535727767990e-03
6.110000000000000000e+02 6.790161535727767990e-03
6.120000000000000000e+02 6.792005484604559870e-03
6.130000000000000000e+02 6.792005484604559870e-03
6.140000000000000000e+02 6.794237177611361228e-03
6.150000000000000000e+02 6.795158924232994752e-03
6.160000000000000000e+02 6.822840483427615801e-03
6.170000000000000000e+02 6.822845495396393303e-03
6.180000000000000000e+02 6.830067742405544588e-03
6.190000000000000000e+02 6.830067742405544588e-03
6.200000000000000000e+02 6.834362088381270260e-03
6.210000000000000000e+02 6.834444558049345732e-03
6.220000000000000000e+02 6.854024497531033093e-03
6.230000000000000000e+02 6.854024497531033093e-03
6.240000000000000000e+02 6.862682445778328470e-03
6.250000000000000000e+02 6.862682445778328470e-03
6.260000000000000000e+02 6.876559220424135511e-03
6.270000000000000000e+02 6.876559220424135511e-03
6.280000000000000000e+02 6.876562865492337646e-03
6.290000000000000000e+02 6.876562865492337646e-03
6.300000000000000000e+02 6.881302821055783857e-03
6.310000000000000000e+02 6.881307833024561359e-03
6.320000000000000000e+02 6.883061110829823831e-03
6.330000000000000000e+02 6.883061110829823831e-03
6.340000000000000000e+02 6.903517233580618029e-03
6.350000000000000000e+02 6.903517233580618029e-03
6.360000000000000000e+02 6.907094412387558904e-03
6.370000000000000000e+02 6.907094412387558904e-03
6.380000000000000000e+02 6.935025203120505702e-03
6.390000000000000000e+02 6.935025203120505702e-03
6.400000000000000000e+02 6.936933851957888079e-03
6.410000000000000000e+02 6.936933851957888079e-03
6.420000000000000000e+02 6.961718493198802531e-03
6.430000000000000000e+02 6.961718493198802531e-03
6.440000000000000000e+02 6.969408220204886296e-03
6.450000000000000000e+02 6.969408220204886296e-03
6.460000000000000000e+02 6.974782417635517866e-03
6.470000000000000000e+02 6.974782417635517866e-03
6.480000000000000000e+02 6.983450389820369114e-03
6.490000000000000000e+02 6.983450389820369114e-03
6.500000000000000000e+02 6.995396189586056135e-03
6.510000000000000000e+02 6.995396189586056135e-03
6.520000000000000000e+02 7.003869150622088827e-03
6.530000000000000000e+02 7.003869150622088827e-03
6.540000000000000000e+02 7.004716173345577716e-03
6.550000000000000000e+02 7.004716173345577716e-03
6.560000000000000000e+02 7.009319438851441264e-03
6.570000000000000000e+02 7.009319894484966965e-03
6.580000000000000000e+02 7.012230937077955535e-03
6.590000000000000000e+02 7.012231392711481236e-03
6.600000000000000000e+02 7.014492701897425374e-03
6.610000000000000000e+02 7.014492701897425374e-03
6.620000000000000000e+02 7.032103393282869430e-03
6.630000000000000000e+02 7.032103393282869430e-03
6.640000000000000000e+02 7.038589336515173843e-03
6.650000000000000000e+02 7.038589792148699543e-03
6.660000000000000000e+02 7.045459378809286466e-03
6.670000000000000000e+02 7.045459378809286466e-03
6.680000000000000000e+02 7.050532858113234096e-03
6.690000000000000000e+02 7.050554272888922940e-03
6.700000000000000000e+02 7.053444356339748367e-03
6.710000000000000000e+02 7.053465771115437211e-03
6.720000000000000000e+02 7.062331488250256882e-03
6.730000000000000000e+02 7.062331488250256882e-03
6.740000000000000000e+02 7.068698511132466208e-03
6.750000000000000000e+02 7.068698511132466208e-03
6.760000000000000000e+02 7.069848074516736636e-03
6.770000000000000000e+02 7.069848074516736636e-03
6.780000000000000000e+02 7.077318641797162267e-03
6.790000000000000000e+02 7.077318641797162267e-03
6.800000000000000000e+02 7.079802755776966675e-03
6.810000000000000000e+02 7.079824170552655518e-03
6.820000000000000000e+02 7.087327087813376399e-03
6.830000000000000000e+02 7.087725311514466581e-03
6.840000000000000000e+02 7.090238586039890670e-03
6.850000000000000000e+02 7.090636809740980852e-03
6.860000000000000000e+02 7.094039936541268049e-03
6.870000000000000000e+02 7.094040392174793749e-03
6.880000000000000000e+02 7.111080630386591543e-03
6.890000000000000000e+02 7.111081086020117244e-03
6.900000000000000000e+02 7.116596985477108978e-03
6.910000000000000000e+02 7.116995209178199160e-03
6.920000000000000000e+02 7.117402089916271581e-03
6.930000000000000000e+02 7.120313588142785852e-03
6.940000000000000000e+02 7.120992937728971330e-03
6.950000000000000000e+02 7.123904435955486468e-03
6.960000000000000000e+02 7.135253355803060880e-03
6.970000000000000000e+02 7.135274770578749724e-03
6.980000000000000000e+02 7.135780979425330323e-03
6.990000000000000000e+02 7.135780979425330323e-03
7.000000000000000000e+02 7.138551231259010130e-03
7.010000000000000000e+02 7.141462729485524401e-03
7.020000000000000000e+02 7.144495426229760526e-03
7.030000000000000000e+02 7.144495426229760526e-03
7.040000000000000000e+02 7.146671987580004159e-03
7.050000000000000000e+02 7.150262835392704776e-03
7.060000000000000000e+02 7.152294049648386109e-03
7.070000000000000000e+02 7.152315464424073219e-03
7.080000000000000000e+02 7.152345536236740832e-03
7.090000000000000000e+02 7.152345536236740832e-03
7.100000000000000000e+02 7.152641698028170368e-03
7.110000000000000000e+02 7.155553196254684639e-03
7.120000000000000000e+02 7.157251798036914220e-03
7.130000000000000000e+02 7.157251798036914220e-03
7.140000000000000000e+02 7.158507524032574863e-03
7.150000000000000000e+02 7.161419022259089134e-03
7.160000000000000000e+02 7.161825447363634987e-03
7.170000000000000000e+02 7.161825447363634987e-03
7.180000000000000000e+02 7.162697074297487421e-03
7.190000000000000000e+02 7.162697074297487421e-03
7.200000000000000000e+02 7.163534984350470106e-03
7.210000000000000000e+02 7.163534984350470106e-03
7.220000000000000000e+02 7.163974670702361741e-03
7.230000000000000000e+02 7.163974670702361741e-03
7.240000000000000000e+02 7.167821128922742709e-03
7.250000000000000000e+02 7.172047585503203183e-03
7.260000000000000000e+02 7.172445809204293365e-03
7.270000000000000000e+02 7.174424625604567708e-03
7.280000000000000000e+02 7.174424625604567708e-03
7.290000000000000000e+02 7.181911595691902947e-03
7.300000000000000000e+02 7.186911262364757344e-03
7.310000000000000000e+02 7.187777421696307442e-03
7.320000000000000000e+02 7.187833008986391735e-03
7.330000000000000000e+02 7.189088279348526678e-03
7.340000000000000000e+02 7.189486503049617727e-03
7.350000000000000000e+02 7.189822760591271615e-03
7.360000000000000000e+02 7.190744507212906006e-03
7.370000000000000000e+02 7.202122587606098365e-03
7.380000000000000000e+02 7.205713435418798982e-03
7.390000000000000000e+02 7.215714135665082275e-03
7.400000000000000000e+02 7.215714135665082275e-03
7.410000000000000000e+02 7.216181160028489923e-03
7.420000000000000000e+02 7.217102906650124314e-03
7.430000000000000000e+02 7.219163281451421860e-03
7.440000000000000000e+02 7.222754129264122476e-03
7.450000000000000000e+02 7.223271728948836914e-03
7.460000000000000000e+02 7.227036173134666376e-03
7.470000000000000000e+02 7.227118642802740980e-03
7.480000000000000000e+02 7.229947671361180647e-03
7.490000000000000000e+02 7.230030141029255251e-03
7.500000000000000000e+02 7.234651631876132076e-03
7.510000000000000000e+02 7.234651631876132076e-03
7.520000000000000000e+02 7.237362195717997153e-03
7.530000000000000000e+02 7.240312422794159541e-03
7.540000000000000000e+02 7.243228021722401648e-03
7.550000000000000000e+02 7.243649482733281741e-03
7.560000000000000000e+02 7.243649482733281741e-03
7.570000000000000000e+02 7.254402889563321515e-03
7.580000000000000000e+02 7.256306070798398955e-03
7.590000000000000000e+02 7.256388540466473559e-03
7.600000000000000000e+02 7.260268715567725142e-03
7.610000000000000000e+02 7.261987365225067333e-03
7.620000000000000000e+02 7.261987365225067333e-03
7.630000000000000000e+02 7.271631760054584129e-03
7.640000000000000000e+02 7.272553506676218520e-03
7.650000000000000000e+02 7.273976905809179973e-03
7.660000000000000000e+02 7.273981917777957475e-03
7.670000000000000000e+02 7.276888404035694244e-03
7.680000000000000000e+02 7.276893416004471746e-03
7.690000000000000000e+02 7.286581551652415896e-03
7.700000000000000000e+02 7.286581551652415896e-03
7.710000000000000000e+02 7.288672453899908490e-03
7.720000000000000000e+02 7.289594200521541147e-03
7.730000000000000000e+02 7.296617791313671740e-03
7.740000000000000000e+02 7.296617791313671740e-03
7.750000000000000000e+02 7.301387818689786431e-03
7.760000000000000000e+02 7.301387818689786431e-03
7.770000000000000000e+02 7.302111820361449797e-03
7.780000000000000000e+02 7.302111820361449797e-03
7.790000000000000000e+02 7.303246803472912552e-03
7.800000000000000000e+02 7.303251815441690054e-03
7.810000000000000000e+02 7.311756670824493161e-03
7.820000000000000000e+02 7.311839140492567765e-03
7.830000000000000000e+02 7.325352775218730607e-03
7.840000000000000000e+02 7.325352775218730607e-03
7.850000000000000000e+02 7.327699287873901818e-03
7.860000000000000000e+02 7.327699287873901818e-03
7.870000000000000000e+02 7.328797364669816655e-03
7.880000000000000000e+02 7.328879834337892127e-03
7.890000000000000000e+02 7.330610786100416089e-03
7.900000000000000000e+02 7.330610786100416089e-03
7.910000000000000000e+02 7.333687679296604402e-03
7.920000000000000000e+02 7.333687679296604402e-03
7.930000000000000000e+02 7.336498482514032526e-03
7.940000000000000000e+02 7.336498482514032526e-03
7.950000000000000000e+02 7.356969185537634397e-03
7.960000000000000000e+02 7.356969185537634397e-03
7.970000000000000000e+02 7.358697403499006758e-03
7.980000000000000000e+02 7.358702415467784259e-03
7.990000000000000000e+02 7.359583155072144632e-03
8.000000000000000000e+02 7.359583155072144632e-03
8.010000000000000000e+02 7.367713479697169700e-03
8.020000000000000000e+02 7.367713479697169700e-03
8.030000000000000000e+02 7.375738097344330252e-03
8.040000000000000000e+02 7.375743109313108621e-03
8.050000000000000000e+02 7.388070274339451383e-03
8.060000000000000000e+02 7.388070274339451383e-03
8.070000000000000000e+02 7.390981772565966522e-03
8.080000000000000000e+02 7.390981772565966522e-03
8.090000000000000000e+02 7.394960820142201449e-03
8.100000000000000000e+02 7.394960820142201449e-03
8.110000000000000000e+02 7.405165644207809504e-03
8.120000000000000000e+02 7.405165644207809504e-03
8.130000000000000000e+02 7.412419785563728603e-03
8.140000000000000000e+02 7.412419785563728603e-03
8.150000000000000000e+02 7.417340172003183962e-03
8.160000000000000000e+02 7.417340172003183962e-03
8.170000000000000000e+02 7.429460479409052097e-03
8.180000000000000000e+02 7.429460479409052097e-03
8.190000000000000000e+02 7.430260116245912365e-03
8.200000000000000000e+02 7.430260116245912365e-03
8.210000000000000000e+02 7.435788773441612438e-03
8.220000000000000000e+02 7.435788773441612438e-03
8.230000000000000000e+02 7.445660073766716472e-03
8.240000000000000000e+02 7.445660073766716472e-03
8.250000000000000000e+02 7.447309467128216363e-03
8.260000000000000000e+02 7.447309467128216363e-03
8.270000000000000000e+02 7.455005573003652998e-03
8.280000000000000000e+02 7.455005573003652998e-03
8.290000000000000000e+02 7.457917071230167269e-03
8.300000000000000000e+02 7.457917071230167269e-03
8.310000000000000000e+02 7.472790772029278168e-03
8.320000000000000000e+02 7.472790772029278168e-03
8.330000000000000000e+02 7.479870405745017020e-03
8.340000000000000000e+02 7.479870405745017020e-03
8.350000000000000000e+02 7.484275470667385577e-03
8.360000000000000000e+02 7.484275470667385577e-03
8.370000000000000000e+02 7.489831465874602530e-03
8.380000000000000000e+02 7.489831465874602530e-03
8.390000000000000000e+02 7.494251111069778759e-03
8.400000000000000000e+02 7.494251111069778759e-03
8.410000000000000000e+02 7.495296790010288340e-03
8.420000000000000000e+02 7.495296790010288340e-03
8.430000000000000000e+02 7.528455064178726439e-03
8.440000000000000000e+02 7.528455064178726439e-03
8.450000000000000000e+02 7.529296163666387293e-03
8.460000000000000000e+02 7.529296163666387293e-03
8.470000000000000000e+02 7.530174625103118295e-03
8.480000000000000000e+02 7.530174625103118295e-03
8.490000000000000000e+02 7.531366562405240710e-03
8.500000000000000000e+02 7.531366562405240710e-03
8.510000000000000000e+02 7.539726070693479783e-03
8.520000000000000000e+02 7.539726070693479783e-03
8.530000000000000000e+02 7.541514887913713938e-03
8.540000000000000000e+02 7.541514887913713938e-03
8.550000000000000000e+02 7.556766764538804144e-03
8.560000000000000000e+02 7.556766764538804144e-03
8.570000000000000000e+02 7.557724961842459017e-03
8.580000000000000000e+02 7.557724961842459017e-03
8.590000000000000000e+02 7.596351749581260228e-03
8.600000000000000000e+02 7.596351749581260228e-03
8.610000000000000000e+02 7.598454498300410628e-03
8.620000000000000000e+02 7.598454498300410628e-03
8.630000000000000000e+02 7.599977225541881994e-03
8.640000000000000000e+02 7.599977225541881994e-03
8.650000000000000000e+02 7.604418741146272767e-03
8.660000000000000000e+02 7.604418741146272767e-03
8.670000000000000000e+02 7.608388220418478391e-03
8.680000000000000000e+02 7.608388220418478391e-03
8.690000000000000000e+02 7.611299718644992662e-03
8.700000000000000000e+02 7.611299718644992662e-03
8.710000000000000000e+02 7.613175561868553223e-03
8.720000000000000000e+02 7.613175561868553223e-03
8.730000000000000000e+02 7.630216255713877585e-03
8.740000000000000000e+02 7.630216255713877585e-03
8.750000000000000000e+02 7.637658118082210970e-03
8.760000000000000000e+02 7.637658118082210970e-03
8.770000000000000000e+02 7.653671813961562126e-03
8.780000000000000000e+02 7.653671813961562126e-03
8.790000000000000000e+02 7.661606216170719838e-03
8.800000000000000000e+02 7.661606216170719838e-03
8.810000000000000000e+02 7.671657036104783355e-03
8.820000000000000000e+02 7.671657036104783355e-03
8.830000000000000000e+02 7.693108718108305176e-03
8.840000000000000000e+02 7.693108718108305176e-03
8.850000000000000000e+02 7.694785905114845913e-03
8.860000000000000000e+02 7.694785905114845913e-03
8.870000000000000000e+02 7.697697403341360184e-03
8.880000000000000000e+02 7.697697403341360184e-03
8.890000000000000000e+02 7.710149411953628670e-03
8.900000000000000000e+02 7.710149411953628670e-03
8.910000000000000000e+02 7.712134151589731049e-03
8.920000000000000000e+02 7.712134151589731049e-03
8.930000000000000000e+02 7.723463479195720287e-03
8.940000000000000000e+02 7.723463479195720287e-03
8.950000000000000000e+02 7.724055802778578492e-03
8.960000000000000000e+02 7.724055802778578492e-03
8.970000000000000000e+02 7.753461023599318366e-03
8.980000000000000000e+02 7.753461023599318366e-03
8.990000000000000000e+02 7.767946069001369254e-03
9.000000000000000000e+02 7.767946069001369254e-03
9.010000000000000000e+02 7.772255906516955734e-03
9.020000000000000000e+02 7.772255906516955734e-03
9.030000000000000000e+02 7.779506402804672698e-03
9.040000000000000000e+02 7.779506402804672698e-03
9.050000000000000000e+02 7.787634904895596698e-03
9.060000000000000000e+02 7.787634904895596698e-03
9.070000000000000000e+02 7.790546403122110969e-03
9.080000000000000000e+02 7.790546403122110969e-03
9.090000000000000000e+02 7.796547096649996192e-03
9.100000000000000000e+02 7.796547096649996192e-03
9.110000000000000000e+02 7.799459050510035296e-03
9.120000000000000000e+02 7.799459050510035296e-03
9.130000000000000000e+02 7.816904802559329277e-03
9.140000000000000000e+02 7.816904802559329277e-03
9.150000000000000000e+02 7.830718244145122922e-03
9.160000000000000000e+02 7.830718244145122922e-03
9.170000000000000000e+02 7.854433969135741350e-03
9.180000000000000000e+02 7.854433969135741350e-03
9.190000000000000000e+02 7.854895070263320095e-03
9.200000000000000000e+02 7.854895070263320095e-03
9.210000000000000000e+02 7.872355402585422615e-03
9.220000000000000000e+02 7.872355402585422615e-03
9.230000000000000000e+02 7.886925195823176610e-03
9.240000000000000000e+02 7.886925195823176610e-03
9.250000000000000000e+02 7.889396096430748712e-03
9.260000000000000000e+02 7.889396096430748712e-03
9.270000000000000000e+02 7.889836694049690013e-03
9.280000000000000000e+02 7.889836694049690013e-03
9.290000000000000000e+02 7.897264887412264525e-03
9.300000000000000000e+02 7.897264887412264525e-03
9.310000000000000000e+02 7.916195093486908321e-03
9.320000000000000000e+02 7.916195093486908321e-03
9.330000000000000000e+02 7.916988351454412251e-03
9.340000000000000000e+02 7.916988351454412251e-03
9.350000000000000000e+02 7.937890083792926987e-03
9.360000000000000000e+02 7.937890083792926987e-03
9.370000000000000000e+02 7.943731305586966204e-03
9.380000000000000000e+02 7.943731305586966204e-03
9.390000000000000000e+02 7.955727225040433448e-03
9.400000000000000000e+02 7.955727225040433448e-03
9.410000000000000000e+02 7.971645693513003395e-03
9.420000000000000000e+02 7.971645693513003395e-03
9.430000000000000000e+02 7.988686387358326021e-03
9.440000000000000000e+02 7.988686387358326021e-03
9.450000000000000000e+02 7.992651310295278977e-03
9.460000000000000000e+02 7.992651310295278977e-03
9.470000000000000000e+02 7.992747904602635553e-03
9.480000000000000000e+02 7.992747904602635553e-03
9.490000000000000000e+02 7.995562808521792381e-03
9.500000000000000000e+02 7.995562808521792381e-03
9.510000000000000000e+02 8.021921207959010688e-03
9.520000000000000000e+02 8.021921207959010688e-03
9.530000000000000000e+02 8.028696478479865201e-03
9.540000000000000000e+02 8.028696478479865201e-03
9.550000000000000000e+02 8.043626222202586093e-03
9.560000000000000000e+02 8.043626222202586093e-03
9.570000000000000000e+02 8.077371807985105762e-03
9.580000000000000000e+02 8.077371807985105762e-03
9.590000000000000000e+02 8.086932366245970852e-03
9.600000000000000000e+02 8.086932366245970852e-03
9.610000000000000000e+02 8.087158816108034123e-03
9.620000000000000000e+02 8.087158816108034123e-03
9.630000000000000000e+02 8.094412501830428389e-03
9.640000000000000000e+02 8.094412501830428389e-03
9.650000000000000000e+02 8.094422981401510828e-03
9.660000000000000000e+02 8.094422981401510828e-03
9.670000000000000000e+02 8.104808236343125430e-03
9.680000000000000000e+02 8.104808236343125430e-03
9.690000000000000000e+02 8.107719734569640568e-03
9.700000000000000000e+02 8.107719734569640568e-03
9.710000000000000000e+02 8.114250329887421134e-03
9.720000000000000000e+02 8.114250329887421134e-03
9.730000000000000000e+02 8.134078134006858876e-03
9.740000000000000000e+02 8.134078134006858876e-03
9.750000000000000000e+02 8.137020159679566461e-03
9.760000000000000000e+02 8.137020159679566461e-03
9.770000000000000000e+02 8.166549312819180659e-03
9.780000000000000000e+02 8.166549312819180659e-03
9.790000000000000000e+02 8.189528734032952215e-03
9.800000000000000000e+02 8.189528734032952215e-03
9.810000000000000000e+02 8.206569427878278311e-03
9.820000000000000000e+02 8.206569427878278311e-03
9.830000000000000000e+02 8.223392328898519038e-03
9.840000000000000000e+02 8.223392328898519038e-03
9.850000000000000000e+02 8.225011650447349582e-03
9.860000000000000000e+02 8.225011650447349582e-03
9.870000000000000000e+02 8.226303827125034177e-03
9.880000000000000000e+02 8.226303827125034177e-03
9.890000000000000000e+02 8.239234706572366382e-03
9.900000000000000000e+02 8.239234706572366382e-03
9.910000000000000000e+02 8.251532255419568099e-03
9.920000000000000000e+02 8.251532255419568099e-03
9.930000000000000000e+02 8.252662226562252484e-03
9.940000000000000000e+02 8.252662226562252484e-03
9.950000000000000000e+02 8.263292612340466733e-03
9.960000000000000000e+02 8.263292612340466733e-03
9.970000000000000000e+02 8.287711835494112819e-03
9.980000000000000000e+02 8.287711835494112819e-03
9.990000000000000000e+02 8.297027262918379997e-03
1.000000000000000000e+03 8.297027262918379997e-03
1.001000000000000000e+03 8.308112826588345823e-03
1.002000000000000000e+03 8.308112826588345823e-03
1.003000000000000000e+03 8.310821567896111567e-03
1.004000000000000000e+03 8.310821567896111567e-03
1.005000000000000000e+03 8.325153520433670185e-03
1.006000000000000000e+03 8.325153520433670185e-03
1.007000000000000000e+03 8.348401309793829564e-03
1.008000000000000000e+03 8.348401309793829564e-03
1.009000000000000000e+03 8.351312808020342968e-03
1.010000000000000000e+03 8.351312808020342968e-03
1.011000000000000000e+03 8.369283905524280490e-03
1.012000000000000000e+03 8.369283905524280490e-03
1.013000000000000000e+03 8.377671207457561275e-03
1.014000000000000000e+03 8.377671207457561275e-03
1.015000000000000000e+03 8.415059583274663718e-03
1.016000000000000000e+03 8.415059583274663718e-03
1.017000000000000000e+03 8.433121807483656349e-03
1.018000000000000000e+03 8.433121807483656349e-03
1.019000000000000000e+03 8.444821109512168356e-03
1.020000000000000000e+03 8.444821109512168356e-03
1.021000000000000000e+03 8.446069545371423862e-03
1.022000000000000000e+03 8.446069545371423862e-03
1.023000000000000000e+03 8.450162501328978976e-03
1.024000000000000000e+03 8.450162501328978976e-03
1.025000000000000000e+03 8.461513243710656190e-03
1.026000000000000000e+03 8.461513243710656190e-03
1.027000000000000000e+03 8.479832900861430239e-03
1.028000000000000000e+03 8.479832900861430239e-03
1.029000000000000000e+03 8.482744399087943643e-03
1.030000000000000000e+03 8.482744399087943643e-03
1.031000000000000000e+03 8.486219515985224740e-03
1.032000000000000000e+03 8.486219515985224740e-03
1.033000000000000000e+03 8.509102798525161951e-03
1.034000000000000000e+03 8.509102798525161951e-03
1.035000000000000000e+03 8.519975581338823378e-03
1.036000000000000000e+03 8.519975581338823378e-03
1.037000000000000000e+03 8.564553398551257024e-03
1.038000000000000000e+03 8.564553398551257024e-03
1.039000000000000000e+03 8.581594092396579651e-03
1.040000000000000000e+03 8.581594092396579651e-03
1.041000000000000000e+03 8.585003598066220584e-03
1.042000000000000000e+03 8.585003598066220584e-03
1.043000000000000000e+03 8.608348437367263975e-03
1.044000000000000000e+03 8.608348437367263975e-03
1.045000000000000000e+03 8.617685735200745697e-03
1.046000000000000000e+03 8.617685735200745697e-03
1.047000000000000000e+03 8.618622517728713461e-03
1.048000000000000000e+03 8.618622517728713461e-03
1.049000000000000000e+03 8.620597233427259101e-03
1.050000000000000000e+03 8.620597233427259101e-03
1.051000000000000000e+03 8.635261798438268604e-03
1.052000000000000000e+03 8.635261798438268604e-03
1.053000000000000000e+03 8.646955632864477409e-03
1.054000000000000000e+03 8.646955632864477409e-03
1.055000000000000000e+03 8.677084855356882384e-03
1.056000000000000000e+03 8.677084855356882384e-03
1.057000000000000000e+03 8.681828000355005029e-03
1.058000000000000000e+03 8.681828000355005029e-03
1.059000000000000000e+03 8.702406232890572482e-03
1.060000000000000000e+03 8.702406232890572482e-03
1.061000000000000000e+03 8.719446926735896844e-03
1.062000000000000000e+03 8.719446926735896844e-03
1.063000000000000000e+03 8.761363844160716466e-03
1.064000000000000000e+03 8.761363844160716466e-03
1.065000000000000000e+03 8.761957990277676606e-03
1.066000000000000000e+03 8.761957990277676606e-03
1.067000000000000000e+03 8.764869488504190009e-03
1.068000000000000000e+03 8.764869488504190009e-03
1.069000000000000000e+03 8.778292452158822576e-03
1.070000000000000000e+03 8.778292452158822576e-03
1.071000000000000000e+03 8.782149845583809081e-03
1.072000000000000000e+03 8.782149845583809081e-03
1.073000000000000000e+03 8.791227887941408317e-03
1.074000000000000000e+03 8.791227887941408317e-03
1.075000000000000000e+03 8.830870282808050628e-03
1.076000000000000000e+03 8.830870282808050628e-03
1.077000000000000000e+03 8.840612183211976269e-03
1.078000000000000000e+03 8.840612183211976269e-03
1.079000000000000000e+03 8.846678487967503390e-03
1.080000000000000000e+03 8.846678487967503390e-03
1.081000000000000000e+03 8.863719181812826017e-03
1.082000000000000000e+03 8.863719181812826017e-03
1.083000000000000000e+03 8.912649666092221229e-03
1.084000000000000000e+03 8.912649666092221229e-03
1.085000000000000000e+03 8.915561164318734633e-03
1.086000000000000000e+03 8.915561164318734633e-03
1.087000000000000000e+03 8.941919563755952940e-03
1.088000000000000000e+03 8.941919563755952940e-03
1.089000000000000000e+03 8.944140777191673594e-03
1.090000000000000000e+03 8.944140777191673594e-03
1.091000000000000000e+03 8.952093860375367682e-03
1.092000000000000000e+03 8.952093860375367682e-03
1.093000000000000000e+03 8.954652698253316723e-03
1.094000000000000000e+03 8.954652698253316723e-03
1.095000000000000000e+03 8.997370163782048014e-03
1.096000000000000000e+03 8.997370163782048014e-03
1.097000000000000000e+03 9.010556198003534870e-03
1.098000000000000000e+03 9.010556198003534870e-03
1.099000000000000000e+03 9.014410857627370641e-03
1.100000000000000000e+03 9.014410857627370641e-03
1.101000000000000000e+03 9.069758940110276765e-03
1.102000000000000000e+03 9.069758940110276765e-03
1.103000000000000000e+03 9.072670438336791904e-03
1.104000000000000000e+03 9.072670438336791904e-03
1.105000000000000000e+03 9.099028837774010212e-03
1.106000000000000000e+03 9.099028837774010212e-03
1.107000000000000000e+03 9.128454106469861828e-03
1.108000000000000000e+03 9.128454106469861828e-03
1.109000000000000000e+03 9.133333030258518337e-03
1.110000000000000000e+03 9.133333030258518337e-03
1.111000000000000000e+03 9.137429631284275586e-03
1.112000000000000000e+03 9.137429631284275586e-03
1.113000000000000000e+03 9.154479437800103550e-03
1.114000000000000000e+03 9.154479437800103550e-03
1.115000000000000000e+03 9.171520131645427912e-03
1.116000000000000000e+03 9.171520131645427912e-03
1.117000000000000000e+03 9.186916444098030751e-03
1.118000000000000000e+03 9.186916444098030751e-03
1.119000000000000000e+03 9.233286267965374119e-03
1.120000000000000000e+03 9.233286267965374119e-03
1.121000000000000000e+03 9.236197766191887523e-03
1.122000000000000000e+03 9.236197766191887523e-03
1.123000000000000000e+03 9.262556165629105831e-03
1.124000000000000000e+03 9.262556165629105831e-03
1.125000000000000000e+03 9.311231039500820691e-03
1.126000000000000000e+03 9.311231039500820691e-03
1.127000000000000000e+03 9.318006765655200904e-03
1.128000000000000000e+03 9.318006765655200904e-03
1.129000000000000000e+03 9.326621884351120328e-03
1.130000000000000000e+03 9.326621884351120328e-03
1.131000000000000000e+03 9.328941514628298626e-03
1.132000000000000000e+03 9.328941514628298626e-03
1.133000000000000000e+03 9.335047459500523531e-03
1.134000000000000000e+03 9.335047459500523531e-03
1.135000000000000000e+03 9.369693377128987880e-03
1.136000000000000000e+03 9.369693377128987880e-03
1.137000000000000000e+03 9.403230282756929251e-03
1.138000000000000000e+03 9.403230282756929251e-03
1.139000000000000000e+03 9.406141780983444389e-03
1.140000000000000000e+03 9.406141780983444389e-03
1.141000000000000000e+03 9.432500180420662697e-03
1.142000000000000000e+03 9.432500180420662697e-03
1.143000000000000000e+03 9.487950780446756036e-03
1.144000000000000000e+03 9.487950780446756036e-03
1.145000000000000000e+03 9.500423292567665434e-03
1.146000000000000000e+03 9.500423292567665434e-03
1.147000000000000000e+03 9.504991474292082132e-03
1.148000000000000000e+03 9.504991474292082132e-03
1.149000000000000000e+03 9.522230368720900617e-03
1.150000000000000000e+03 9.522230368720900617e-03
1.151000000000000000e+03 9.558885630195832622e-03
1.152000000000000000e+03 9.558885630195832622e-03
1.153000000000000000e+03 9.579590528851426867e-03
1.154000000000000000e+03 9.579590528851426867e-03
1.155000000000000000e+03 9.582502027077942006e-03
1.156000000000000000e+03 9.582502027077942006e-03
1.157000000000000000e+03 9.608860426515160313e-03
1.158000000000000000e+03 9.608860426515160313e-03
1.159000000000000000e+03 9.664311026541253652e-03
1.160000000000000000e+03 9.664311026541253652e-03
1.161000000000000000e+03 9.681351720386576279e-03
1.162000000000000000e+03 9.681351720386576279e-03
1.163000000000000000e+03 9.696031776937445723e-03
1.164000000000000000e+03 9.696031776937445723e-03
1.165000000000000000e+03 9.754494114565614646e-03
1.166000000000000000e+03 9.754494114565614646e-03
1.167000000000000000e+03 9.762367461882382261e-03
1.168000000000000000e+03 9.762367461882382261e-03
1.169000000000000000e+03 9.765278960108897399e-03
1.170000000000000000e+03 9.765278960108897399e-03
1.171000000000000000e+03 9.791637359546115707e-03
1.172000000000000000e+03 9.791637359546115707e-03
1.173000000000000000e+03 9.847087959572209045e-03
1.174000000000000000e+03 9.847087959572209045e-03
1.175000000000000000e+03 9.864128653417535142e-03
1.176000000000000000e+03 9.864128653417535142e-03
1.177000000000000000e+03 9.951559714949228738e-03
1.178000000000000000e+03 9.951559714949228738e-03
1.179000000000000000e+03 9.954471213175743877e-03
1.180000000000000000e+03 9.954471213175743877e-03
1.181000000000000000e+03 9.980829612612962184e-03
1.182000000000000000e+03 9.980829612612962184e-03
1.183000000000000000e+03 1.003628021263905552e-02
1.184000000000000000e+03 1.003628021263905552e-02
1.185000000000000000e+03 1.005332090648437815e-02
1.186000000000000000e+03 1.005332090648437815e-02
1.187000000000000000e+03 1.014716819931900903e-02
1.188000000000000000e+03 1.014716819931900903e-02
1.189000000000000000e+03 1.015007969754552417e-02
1.190000000000000000e+03 1.015007969754552417e-02
1.191000000000000000e+03 1.017643809698274247e-02
1.192000000000000000e+03 1.017643809698274247e-02
1.193000000000000000e+03 1.023188869700883581e-02
1.194000000000000000e+03 1.023188869700883581e-02
1.195000000000000000e+03 1.024892939085416191e-02
1.196000000000000000e+03 1.024892939085416191e-02
1.197000000000000000e+03 1.415729818338193856e-02
1.198000000000000000e+03 1.415729863901546426e-02
1.199000000000000000e+03 1.415870153463978827e-02
1.200000000000000000e+03 1.415870199027331570e-02
1.201000000000000000e+03 1.419851160264373226e-02
1.202000000000000000e+03 1.419853301741942110e-02
1.203000000000000000e+03 1.419953085483977376e-02
1.204000000000000000e+03 1.419953131047329946e-02
1.205000000000000000e+03 1.419991495390158370e-02
1.206000000000000000e+03 1.419993636867727081e-02
1.207000000000000000e+03 1.423530583234387283e-02
1.208000000000000000e+03 1.423570405604496561e-02
1.209000000000000000e+03 1.423670918360172254e-02
1.210000000000000000e+03 1.423710740730281532e-02
1.211000000000000000e+03 1.424074427410156746e-02
1.212000000000000000e+03 1.424076568887725630e-02
1.213000000000000000e+03 1.426538083444676974e-02
1.214000000000000000e+03 1.426678418570462119e-02
1.215000000000000000e+03 1.426897168225946949e-02
1.216000000000000000e+03 1.427037503351731920e-02
1.217000000000000000e+03 1.427753850380170803e-02
1.218000000000000000e+03 1.427793672750280081e-02
1.219000000000000000e+03 1.428652997578950742e-02
1.220000000000000000e+03 1.428793332704735713e-02
1.221000000000000000e+03 1.430062044255866853e-02
1.222000000000000000e+03 1.430145151810877091e-02
1.223000000000000000e+03 1.430145197374229835e-02
1.224000000000000000e+03 1.430202379381651998e-02
1.225000000000000000e+03 1.430648626856307129e-02
1.226000000000000000e+03 1.430761350590460321e-02
1.227000000000000000e+03 1.430788961982092100e-02
1.228000000000000000e+03 1.431120435371730469e-02
1.229000000000000000e+03 1.432876264724734262e-02
1.230000000000000000e+03 1.433489000689525464e-02
1.231000000000000000e+03 1.433581175351688816e-02
1.232000000000000000e+03 1.433629335815310608e-02
1.233000000000000000e+03 1.433721510477473787e-02
1.234000000000000000e+03 1.434266493737056634e-02
1.235000000000000000e+03 1.434268635214625345e-02
1.236000000000000000e+03 1.434285311401650373e-02
1.237000000000000000e+03 1.434871894002090649e-02
1.238000000000000000e+03 1.437501491766516454e-02
1.239000000000000000e+03 1.437509738733324001e-02
1.240000000000000000e+03 1.437641826892301425e-02
1.241000000000000000e+03 1.437650073859108972e-02
1.242000000000000000e+03 1.437712267835308984e-02
1.243000000000000000e+03 1.437804442497472336e-02
1.244000000000000000e+03 1.437945916707070518e-02
1.245000000000000000e+03 1.437985739077179796e-02
1.246000000000000000e+03 1.440953416917360383e-02
1.247000000000000000e+03 1.441312501698630184e-02
1.248000000000000000e+03 1.441724758912299974e-02
1.249000000000000000e+03 1.441733005879107521e-02
1.250000000000000000e+03 1.442195565033967813e-02
1.251000000000000000e+03 1.442196066230845737e-02
1.252000000000000000e+03 1.442335900159752958e-02
1.253000000000000000e+03 1.442336401356630708e-02
1.254000000000000000e+03 1.443068331051633978e-02
1.255000000000000000e+03 1.444477377728550262e-02
1.256000000000000000e+03 1.445063960328990364e-02
1.257000000000000000e+03 1.445948800635076491e-02
1.258000000000000000e+03 1.445948846198429061e-02
1.259000000000000000e+03 1.446418832179751160e-02
1.260000000000000000e+03 1.446419333376629257e-02
1.261000000000000000e+03 1.447567803240439911e-02
1.262000000000000000e+03 1.447567803240439911e-02
1.263000000000000000e+03 1.447708138366224882e-02
1.264000000000000000e+03 1.447708138366224882e-02
1.265000000000000000e+03 1.447904334162208873e-02
1.266000000000000000e+03 1.447996508824372051e-02
1.267000000000000000e+03 1.450052236163712482e-02
1.268000000000000000e+03 1.450052281727065052e-02
1.269000000000000000e+03 1.450070142561256034e-02
1.270000000000000000e+03 1.450072284038824745e-02
1.271000000000000000e+03 1.450962591947214074e-02
1.272000000000000000e+03 1.450962637510566644e-02
1.273000000000000000e+03 1.451791070386223605e-02
1.274000000000000000e+03 1.451791070386223605e-02
1.275000000000000000e+03 1.451916825239199689e-02
1.276000000000000000e+03 1.451923978685546422e-02
1.277000000000000000e+03 1.451924024248899166e-02
1.278000000000000000e+03 1.451925072206007236e-02
1.279000000000000000e+03 1.453604901886994955e-02
1.280000000000000000e+03 1.453604901886994955e-02
1.281000000000000000e+03 1.453745237012779926e-02
1.282000000000000000e+03 1.453745237012779926e-02
1.283000000000000000e+03 1.453749565531269917e-02
1.284000000000000000e+03 1.453789387901379196e-02
1.285000000000000000e+03 1.454173578089891852e-02
1.286000000000000000e+03 1.454175719567460737e-02
1.287000000000000000e+03 1.455083933873393444e-02
1.288000000000000000e+03 1.455086075350962155e-02
1.289000000000000000e+03 1.456045320611725966e-02
1.290000000000000000e+03 1.456047462089294676e-02
1.291000000000000000e+03 1.456610898506651222e-02
1.292000000000000000e+03 1.456611399703528972e-02
1.293000000000000000e+03 1.456757065741559436e-02
1.294000000000000000e+03 1.457116150522829584e-02
1.295000000000000000e+03 1.457828169032778474e-02
1.296000000000000000e+03 1.457828169032778474e-02
1.297000000000000000e+03 1.457853001059905909e-02
1.298000000000000000e+03 1.457892823430015188e-02
1.299000000000000000e+03 1.458763356843407501e-02
1.300000000000000000e+03 1.458803179213516779e-02
1.301000000000000000e+03 1.458871979875833377e-02
1.302000000000000000e+03 1.459724743581740022e-02
1.303000000000000000e+03 1.459764565951849301e-02
1.304000000000000000e+03 1.460281026552749661e-02
1.305000000000000000e+03 1.460298431753415116e-02
1.306000000000000000e+03 1.460298431753415116e-02
1.307000000000000000e+03 1.460438766879200087e-02
1.308000000000000000e+03 1.460438766879200087e-02
1.309000000000000000e+03 1.460860501270195601e-02
1.310000000000000000e+03 1.460867609153189764e-02
1.311000000000000000e+03 1.461219586051465576e-02
1.312000000000000000e+03 1.461770857053697019e-02
1.313000000000000000e+03 1.461983136713123146e-02
1.314000000000000000e+03 1.461983136713123146e-02
1.315000000000000000e+03 1.462129941834967167e-02
1.316000000000000000e+03 1.462732243792029714e-02
1.317000000000000000e+03 1.462975415404469369e-02
1.318000000000000000e+03 1.463091328573299689e-02
1.319000000000000000e+03 1.463707982986408272e-02
1.320000000000000000e+03 1.463800157648571451e-02
1.321000000000000000e+03 1.463885771187970787e-02
1.322000000000000000e+03 1.464384462081385480e-02
1.323000000000000000e+03 1.464521698899198636e-02
1.324000000000000000e+03 1.464521698899198636e-02
1.325000000000000000e+03 1.464847157926303309e-02
1.326000000000000000e+03 1.464971044681825756e-02
1.327000000000000000e+03 1.465294817864887071e-02
1.328000000000000000e+03 1.465881400465327347e-02
1.329000000000000000e+03 1.466256204603219593e-02
1.330000000000000000e+03 1.466842787203659869e-02
1.331000000000000000e+03 1.467643380870922373e-02
1.332000000000000000e+03 1.467643380870922373e-02
1.333000000000000000e+03 1.467720474063399089e-02
1.334000000000000000e+03 1.467728721030206636e-02
1.335000000000000000e+03 1.467783715996707518e-02
1.336000000000000000e+03 1.467783715996707518e-02
1.337000000000000000e+03 1.467811418515044090e-02
1.338000000000000000e+03 1.467903593177207443e-02
1.339000000000000000e+03 1.468020235359678190e-02
1.340000000000000000e+03 1.468020235359678190e-02
1.341000000000000000e+03 1.468721774298545682e-02
1.342000000000000000e+03 1.468813948960709034e-02
1.343000000000000000e+03 1.469683161036878204e-02
1.344000000000000000e+03 1.469775335699041556e-02
1.345000000000000000e+03 1.471823909592035080e-02
1.346000000000000000e+03 1.471832156558842628e-02
1.347000000000000000e+03 1.471866648016705893e-02
1.348000000000000000e+03 1.471866648016705893e-02
1.349000000000000000e+03 1.472414547330850275e-02
1.350000000000000000e+03 1.472415048527728372e-02
1.351000000000000000e+03 1.472734265375536498e-02
1.352000000000000000e+03 1.472742512342344219e-02
1.353000000000000000e+03 1.473695652113869020e-02
1.354000000000000000e+03 1.473703899080676741e-02
1.355000000000000000e+03 1.474713765226098351e-02
1.356000000000000000e+03 1.474713765226098351e-02
1.357000000000000000e+03 1.475636696494897655e-02
1.358000000000000000e+03 1.475636696494897655e-02
1.359000000000000000e+03 1.475777031620682800e-02
1.360000000000000000e+03 1.475777031620682800e-02
1.361000000000000000e+03 1.476517982859486440e-02
1.362000000000000000e+03 1.476518484056364190e-02
1.363000000000000000e+03 1.477428338642987858e-02
1.364000000000000000e+03 1.477428839839865782e-02
1.365000000000000000e+03 1.477786785537322720e-02
1.366000000000000000e+03 1.477786785537322720e-02
1.367000000000000000e+03 1.478389725381320553e-02
1.368000000000000000e+03 1.478390226578198303e-02
1.369000000000000000e+03 1.479859963640681002e-02
1.370000000000000000e+03 1.479859963640681002e-02
1.371000000000000000e+03 1.481890221065958538e-02
1.372000000000000000e+03 1.481890221065958538e-02
1.373000000000000000e+03 1.482058714343605782e-02
1.374000000000000000e+03 1.482058714343605782e-02
1.375000000000000000e+03 1.482800576849460303e-02
1.376000000000000000e+03 1.482800576849460303e-02
1.377000000000000000e+03 1.483761963587792478e-02
1.378000000000000000e+03 1.483761963587792478e-02
1.379000000000000000e+03 1.483823884183877589e-02
1.380000000000000000e+03 1.483823884183877589e-02
1.381000000000000000e+03 1.484276464964534407e-02
1.382000000000000000e+03 1.484276464964534407e-02
1.383000000000000000e+03 1.484416800090319379e-02
1.384000000000000000e+03 1.484416800090319379e-02
1.385000000000000000e+03 1.487927319712513581e-02
1.386000000000000000e+03 1.487927319712513581e-02
1.387000000000000000e+03 1.488499732110317927e-02
1.388000000000000000e+03 1.488499732110317927e-02
1.389000000000000000e+03 1.488837675496015173e-02
1.390000000000000000e+03 1.488837675496015173e-02
1.391000000000000000e+03 1.489799062234347694e-02
1.392000000000000000e+03 1.489799062234347694e-02
1.393000000000000000e+03 1.490052029967581064e-02
1.394000000000000000e+03 1.490052029967581064e-02
1.395000000000000000e+03 1.490517414050297751e-02
1.396000000000000000e+03 1.490517414050297751e-02
1.397000000000000000e+03 1.493561364942609486e-02
1.398000000000000000e+03 1.493561364942609486e-02
1.399000000000000000e+03 1.493701700068394631e-02
1.400000000000000000e+03 1.493701700068394631e-02
1.401000000000000000e+03 1.494620849578933743e-02
1.402000000000000000e+03 1.494620849578933743e-02
1.403000000000000000e+03 1.495531205362435334e-02
1.404000000000000000e+03 1.495531205362435334e-02
1.405000000000000000e+03 1.496492592100767682e-02
1.406000000000000000e+03 1.496492592100767682e-02
1.407000000000000000e+03 1.497784632088393006e-02
1.408000000000000000e+03 1.497784632088393006e-02
1.409000000000000000e+03 1.497862363167805182e-02
1.410000000000000000e+03 1.497862363167805182e-02
1.411000000000000000e+03 1.498691798437217643e-02
1.412000000000000000e+03 1.498691798437217643e-02
1.413000000000000000e+03 1.501965798696441000e-02
1.414000000000000000e+03 1.501965798696441000e-02
1.415000000000000000e+03 1.502876154479942591e-02
1.416000000000000000e+03 1.502876154479942591e-02
1.417000000000000000e+03 1.503490394035367390e-02
1.418000000000000000e+03 1.503490394035367390e-02
1.419000000000000000e+03 1.503630729161152361e-02
1.420000000000000000e+03 1.503630729161152361e-02
1.421000000000000000e+03 1.503837541218275113e-02
1.422000000000000000e+03 1.503837541218275113e-02
1.423000000000000000e+03 1.505855678791780117e-02
1.424000000000000000e+03 1.505855678791780117e-02
1.425000000000000000e+03 1.507713661181150737e-02
1.426000000000000000e+03 1.507713661181150737e-02
1.427000000000000000e+03 1.507976698415292895e-02
1.428000000000000000e+03 1.507976698415292895e-02
1.429000000000000000e+03 1.509959114320416282e-02
1.430000000000000000e+03 1.509959114320416282e-02
1.431000000000000000e+03 1.510869470103917700e-02
1.432000000000000000e+03 1.510869470103917700e-02
1.433000000000000000e+03 1.511830856842250395e-02
1.434000000000000000e+03 1.511830856842250395e-02
1.435000000000000000e+03 1.514063005482577627e-02
1.436000000000000000e+03 1.514063005482577627e-02
1.437000000000000000e+03 1.514203340608362598e-02
1.438000000000000000e+03 1.514203340608362598e-02
1.439000000000000000e+03 1.514495447261417042e-02
1.440000000000000000e+03 1.514495447261417042e-02
1.441000000000000000e+03 1.517905727508050626e-02
1.442000000000000000e+03 1.517905727508050626e-02
1.443000000000000000e+03 1.518286272628361147e-02
1.444000000000000000e+03 1.518286272628361147e-02
1.445000000000000000e+03 1.518598882790053034e-02
1.446000000000000000e+03 1.518598882790053034e-02
1.447000000000000000e+03 1.519509238573554452e-02
1.448000000000000000e+03 1.519509238573554452e-02
1.449000000000000000e+03 1.520470625311886974e-02
1.450000000000000000e+03 1.520470625311886974e-02
1.451000000000000000e+03 1.523780347239492294e-02
1.452000000000000000e+03 1.523780347239492294e-02
1.453000000000000000e+03 1.525278698087362446e-02
1.454000000000000000e+03 1.525278698087362446e-02
1.455000000000000000e+03 1.525419033213147590e-02
1.456000000000000000e+03 1.525419033213147590e-02
1.457000000000000000e+03 1.527883782768128113e-02
1.458000000000000000e+03 1.527883782768128113e-02
1.459000000000000000e+03 1.528478338955260862e-02
1.460000000000000000e+03 1.528478338955260862e-02
1.461000000000000000e+03 1.528794138551629704e-02
1.462000000000000000e+03 1.528794138551629704e-02
1.463000000000000000e+03 1.529501965233145966e-02
1.464000000000000000e+03 1.529501965233145966e-02
1.465000000000000000e+03 1.529755525289962226e-02
1.466000000000000000e+03 1.529755525289962226e-02
1.467000000000000000e+03 1.533709376332250025e-02
1.468000000000000000e+03 1.533709376332250025e-02
1.469000000000000000e+03 1.537137107342901633e-02
1.470000000000000000e+03 1.537137107342901633e-02
1.471000000000000000e+03 1.537277442468686604e-02
1.472000000000000000e+03 1.537277442468686604e-02
1.473000000000000000e+03 1.537812811860885844e-02
1.474000000000000000e+03 1.537812811860885844e-02
1.475000000000000000e+03 1.538723167644387435e-02
1.476000000000000000e+03 1.538723167644387435e-02
1.477000000000000000e+03 1.539684554382719957e-02
1.478000000000000000e+03 1.539684554382719957e-02
1.479000000000000000e+03 1.539694031560045855e-02
1.480000000000000000e+03 1.539694031560045855e-02
1.481000000000000000e+03 1.541360374488685153e-02
1.482000000000000000e+03 1.541360374488685153e-02
1.483000000000000000e+03 1.544281987779460262e-02
1.484000000000000000e+03 1.544281987779460262e-02
1.485000000000000000e+03 1.548385423308096254e-02
1.486000000000000000e+03 1.548385423308096254e-02
1.487000000000000000e+03 1.549295779091597845e-02
1.488000000000000000e+03 1.549295779091597845e-02
1.489000000000000000e+03 1.549638005432432859e-02
1.490000000000000000e+03 1.549638005432432859e-02
1.491000000000000000e+03 1.549778340558217830e-02
1.492000000000000000e+03 1.549778340558217830e-02
1.493000000000000000e+03 1.550257165829930193e-02
1.494000000000000000e+03 1.550257165829930193e-02
1.495000000000000000e+03 1.551552440815584868e-02
1.496000000000000000e+03 1.551552440815584868e-02
1.497000000000000000e+03 1.553861272578216032e-02
1.498000000000000000e+03 1.553861272578216032e-02
1.499000000000000000e+03 1.555497680384245254e-02
1.500000000000000000e+03 1.555497680384245254e-02
1.501000000000000000e+03 1.559601115912881072e-02
1.502000000000000000e+03 1.559601115912881072e-02
1.503000000000000000e+03 1.560511471696382664e-02
1.504000000000000000e+03 1.560511471696382664e-02
1.505000000000000000e+03 1.561472858434715186e-02
1.506000000000000000e+03 1.561472858434715186e-02
1.507000000000000000e+03 1.562781164539192927e-02
1.508000000000000000e+03 1.562781164539192927e-02
1.509000000000000000e+03 1.562921499664977898e-02
1.510000000000000000e+03 1.562921499664977898e-02
1.511000000000000000e+03 1.564053338905116095e-02
1.512000000000000000e+03 1.564053338905116095e-02
1.513000000000000000e+03 1.567004431684976273e-02
1.514000000000000000e+03 1.567004431684976273e-02
1.515000000000000000e+03 1.567356089639784442e-02
1.516000000000000000e+03 1.567356089639784442e-02
1.517000000000000000e+03 1.571459525168420260e-02
1.518000000000000000e+03 1.571459525168420260e-02
1.519000000000000000e+03 1.572369880951921678e-02
1.520000000000000000e+03 1.572369880951921678e-02
1.521000000000000000e+03 1.573331267690254373e-02
1.522000000000000000e+03 1.573331267690254373e-02
1.523000000000000000e+03 1.576566447973124299e-02
1.524000000000000000e+03 1.576566447973124299e-02
1.525000000000000000e+03 1.576706783098909270e-02
1.526000000000000000e+03 1.576706783098909270e-02
1.527000000000000000e+03 1.577196498011875989e-02
1.528000000000000000e+03 1.577196498011875989e-02
1.529000000000000000e+03 1.579856987729315321e-02
1.530000000000000000e+03 1.579856987729315321e-02
1.531000000000000000e+03 1.580789715118907993e-02
1.532000000000000000e+03 1.580789715118907993e-02
1.533000000000000000e+03 1.583960423257951486e-02
1.534000000000000000e+03 1.583960423257951486e-02
1.535000000000000000e+03 1.584870779041452557e-02
1.536000000000000000e+03 1.584870779041452557e-02
1.537000000000000000e+03 1.585832165779785599e-02
1.538000000000000000e+03 1.585832165779785599e-02
1.539000000000000000e+03 1.590981781445807708e-02
1.540000000000000000e+03 1.590981781445807708e-02
1.541000000000000000e+03 1.590993673480817563e-02
1.542000000000000000e+03 1.590993673480817563e-02
1.543000000000000000e+03 1.591134008606602535e-02
1.544000000000000000e+03 1.591134008606602535e-02
1.545000000000000000e+03 1.593000146836075562e-02
1.546000000000000000e+03 1.593000146836075562e-02
1.547000000000000000e+03 1.595216940626600910e-02
1.548000000000000000e+03 1.595216940626600910e-02
1.549000000000000000e+03 1.597103582364711380e-02
1.550000000000000000e+03 1.597103582364711380e-02
1.551000000000000000e+03 1.598013938148212798e-02
1.552000000000000000e+03 1.598013938148212798e-02
1.553000000000000000e+03 1.598975324886545493e-02
1.554000000000000000e+03 1.598975324886545493e-02
1.555000000000000000e+03 1.605409006953500625e-02
1.556000000000000000e+03 1.605409006953500625e-02
1.557000000000000000e+03 1.606062841062271679e-02
1.558000000000000000e+03 1.606062841062271679e-02
1.559000000000000000e+03 1.606203176188056650e-02
1.560000000000000000e+03 1.606203176188056650e-02
1.561000000000000000e+03 1.606785430270006934e-02
1.562000000000000000e+03 1.606785430270006934e-02
1.563000000000000000e+03 1.610286108208055372e-02
1.564000000000000000e+03 1.610286108208055372e-02
1.565000000000000000e+03 1.610888865798643099e-02
1.566000000000000000e+03 1.610888865798643099e-02
1.567000000000000000e+03 1.611799221582144517e-02
1.568000000000000000e+03 1.611799221582144517e-02
1.569000000000000000e+03 1.612760608320477212e-02
1.570000000000000000e+03 1.612760608320477212e-02
1.571000000000000000e+03 1.620478174534955088e-02
1.572000000000000000e+03 1.620478174534955088e-02
1.573000000000000000e+03 1.621212655777700198e-02
1.574000000000000000e+03 1.621212655777700198e-02
1.575000000000000000e+03 1.621773768464077753e-02
1.576000000000000000e+03 1.621773768464077753e-02
1.577000000000000000e+03 1.621914103589862724e-02
1.578000000000000000e+03 1.621914103589862724e-02
1.579000000000000000e+03 1.625316091306336017e-02
1.580000000000000000e+03 1.625316091306336017e-02
1.581000000000000000e+03 1.625997035609861099e-02
1.582000000000000000e+03 1.625997035609861099e-02
1.583000000000000000e+03 1.626226447089837435e-02
1.584000000000000000e+03 1.626226447089837435e-02
1.585000000000000000e+03 1.627187833828170130e-02
1.586000000000000000e+03 1.627187833828170130e-02
1.587000000000000000e+03 1.636189101936760815e-02
1.588000000000000000e+03 1.636189101936760815e-02
1.589000000000000000e+03 1.636281823359154314e-02
1.590000000000000000e+03 1.636281823359154314e-02
1.591000000000000000e+03 1.638126501249587141e-02
1.592000000000000000e+03 1.638126501249587141e-02
1.593000000000000000e+03 1.638266836375372112e-02
1.594000000000000000e+03 1.638266836375372112e-02
1.595000000000000000e+03 1.640385258887790479e-02
1.596000000000000000e+03 1.640385258887790479e-02
1.597000000000000000e+03 1.641295614671291897e-02
1.598000000000000000e+03 1.641295614671291897e-02
1.599000000000000000e+03 1.642257001409624592e-02
1.600000000000000000e+03 1.642257001409624592e-02
1.601000000000000000e+03 1.642349768395370488e-02
1.602000000000000000e+03 1.642349768395370488e-02
1.603000000000000000e+03 1.651992750760960041e-02
1.604000000000000000e+03 1.651992750760960041e-02
1.605000000000000000e+03 1.652541834722270203e-02
1.606000000000000000e+03 1.652541834722270203e-02
1.607000000000000000e+03 1.655120902728743001e-02
1.608000000000000000e+03 1.655120902728743001e-02
1.609000000000000000e+03 1.655261237854527973e-02
1.610000000000000000e+03 1.655261237854527973e-02
1.611000000000000000e+03 1.656096186289596206e-02
1.612000000000000000e+03 1.656096186289596206e-02
1.613000000000000000e+03 1.657006542073097624e-02
1.614000000000000000e+03 1.657006542073097624e-02
1.615000000000000000e+03 1.657967928811430319e-02
1.616000000000000000e+03 1.657967928811430319e-02
1.617000000000000000e+03 1.659344169874526348e-02
1.618000000000000000e+03 1.659344169874526348e-02
1.619000000000000000e+03 1.668345483546469776e-02
1.620000000000000000e+03 1.668345483546469776e-02
1.621000000000000000e+03 1.669536236201426063e-02
1.622000000000000000e+03 1.669536236201426063e-02
1.623000000000000000e+03 1.672448919075105594e-02
1.624000000000000000e+03 1.672448919075105594e-02
1.625000000000000000e+03 1.672756927338192590e-02
1.626000000000000000e+03 1.672756927338192590e-02
1.627000000000000000e+03 1.672897262463977561e-02
1.628000000000000000e+03 1.672897262463977561e-02
1.629000000000000000e+03 1.673359274858607360e-02
1.630000000000000000e+03 1.673359274858607360e-02
1.631000000000000000e+03 1.674320661596939708e-02
1.632000000000000000e+03 1.674320661596939708e-02
1.633000000000000000e+03 1.676980194483975936e-02
1.634000000000000000e+03 1.676980194483975936e-02
1.635000000000000000e+03 1.685339885025625636e-02
1.636000000000000000e+03 1.685339885025625636e-02
1.637000000000000000e+03 1.687172260810875651e-02
1.638000000000000000e+03 1.687172260810875651e-02
1.639000000000000000e+03 1.689443320554261455e-02
1.640000000000000000e+03 1.689443320554261455e-02
1.641000000000000000e+03 1.690353676337763220e-02
1.642000000000000000e+03 1.690353676337763220e-02
1.643000000000000000e+03 1.691034620641288302e-02
1.644000000000000000e+03 1.691034620641288302e-02
1.645000000000000000e+03 1.691174955767073274e-02
1.646000000000000000e+03 1.691174955767073274e-02
1.647000000000000000e+03 1.691315063076095568e-02
1.648000000000000000e+03 1.691315063076095568e-02
1.649000000000000000e+03 1.695257887787071649e-02
1.650000000000000000e+03 1.695257887787071649e-02
1.651000000000000000e+03 1.702975909635075225e-02
1.652000000000000000e+03 1.702975909635075225e-02
1.653000000000000000e+03 1.705449954113971364e-02
1.654000000000000000e+03 1.705449954113971364e-02
1.655000000000000000e+03 1.707079345163711043e-02
1.656000000000000000e+03 1.707079345163711043e-02
1.657000000000000000e+03 1.707989700947212461e-02
1.658000000000000000e+03 1.707989700947212461e-02
1.659000000000000000e+03 1.708951087685545156e-02
1.660000000000000000e+03 1.708951087685545156e-02
1.661000000000000000e+03 1.709953845947972603e-02
1.662000000000000000e+03 1.709953845947972603e-02
1.663000000000000000e+03 1.710094181073757574e-02
1.664000000000000000e+03 1.710094181073757574e-02
1.665000000000000000e+03 1.714177113093755950e-02
1.666000000000000000e+03 1.714177113093755950e-02
1.667000000000000000e+03 1.721253602938170937e-02
1.668000000000000000e+03 1.721253602938170937e-02
1.669000000000000000e+03 1.724369179420656012e-02
1.670000000000000000e+03 1.724369179420656012e-02
1.671000000000000000e+03 1.725357038466806756e-02
1.672000000000000000e+03 1.725357038466806756e-02
1.673000000000000000e+03 1.726267394250308521e-02
1.674000000000000000e+03 1.726267394250308521e-02
1.675000000000000000e+03 1.727228780988640869e-02
1.676000000000000000e+03 1.727228780988640869e-02
1.677000000000000000e+03 1.729514694384950979e-02
1.678000000000000000e+03 1.729514694384950979e-02
1.679000000000000000e+03 1.729655029510735950e-02
1.680000000000000000e+03 1.729655029510735950e-02
1.681000000000000000e+03 1.733737961530734326e-02
1.682000000000000000e+03 1.733737961530734326e-02
1.683000000000000000e+03 1.740172828244855238e-02
1.684000000000000000e+03 1.740172828244855238e-02
1.685000000000000000e+03 1.743930027857634041e-02
1.686000000000000000e+03 1.743930027857634041e-02
1.687000000000000000e+03 1.744276263773491056e-02
1.688000000000000000e+03 1.744276263773491056e-02
1.689000000000000000e+03 1.745186619556992821e-02
1.690000000000000000e+03 1.745186619556992821e-02
1.691000000000000000e+03 1.746148006295325170e-02
1.692000000000000000e+03 1.746148006295325170e-02
1.693000000000000000e+03 1.759733676681833614e-02
1.694000000000000000e+03 1.759733676681833614e-02
1.695000000000000000e+03 1.763837112210469432e-02
1.696000000000000000e+03 1.763837112210469432e-02
1.697000000000000000e+03 1.764747467993970850e-02
1.698000000000000000e+03 1.764747467993970850e-02
1.699000000000000000e+03 1.765708854732303545e-02
1.700000000000000000e+03 1.765708854732303545e-02
