  0.0000000E+00 -0.104633411720390     
   1.000000     -0.102909979131482     
   2.000000     -0.101204299240994     
   3.000000     -9.951630159656570E-002
   4.000000     -9.784591550082836E-002
   5.000000     -9.619307000988916E-002
   6.000000     -9.455769393170751E-002
   7.000000     -9.293971582450930E-002
   8.000000     -9.133906399519046E-002
   9.000000     -8.975566649769588E-002
   10.00000     -8.818945113140073E-002
   11.00000     -8.664034543947211E-002
   12.00000     -8.510827670723384E-002
   13.00000     -8.359317196051222E-002
   14.00000     -8.209495796397528E-002
   15.00000     -8.061356121946842E-002
   16.00000     -7.914890796432592E-002
   17.00000     -7.770092416969768E-002
   18.00000     -7.626953553884294E-002
   19.00000     -7.485466750543104E-002
   20.00000     -7.345624523182911E-002
   21.00000     -7.207419360737691E-002
   22.00000     -7.070843724666251E-002
   23.00000     -6.935890048778567E-002
   24.00000     -6.802550739060528E-002
   25.00000     -6.670818173499790E-002
   26.00000     -6.540684701910485E-002
   27.00000     -6.412142645757027E-002
   28.00000     -6.285184297965155E-002
   29.00000     -6.159801922723609E-002
   30.00000     -6.035987755367347E-002
   31.00000     -5.913734002435980E-002
   32.00000     -5.793032841440784E-002
   33.00000     -5.673876419114335E-002
   34.00000     -5.556256849184524E-002
   35.00000     -5.440166217822143E-002
   36.00000     -5.325596602533014E-002
   37.00000     -5.212540073211860E-002
   38.00000     -5.100988606710369E-002
   39.00000     -4.990933955138852E-002
   40.00000     -4.882367799223261E-002
   41.00000     -4.775282483664486E-002
   42.00000     -4.669671544607015E-002
   43.00000     -4.565527947509387E-002
   44.00000     -4.462839782142455E-002
   45.00000     -4.361589482496717E-002
   46.00000     -4.261765456498490E-002
   47.00000     -4.163381234662089E-002
   48.00000     -4.066472183319902E-002
   49.00000     -3.971041273078435E-002
   50.00000     -3.876989180145718E-002
   51.00000     -3.784144150594193E-002
   52.00000     -3.692454381175239E-002
   53.00000     -3.602196408375727E-002
   54.00000     -3.513919952188135E-002
   55.00000     -3.427897556434037E-002
   56.00000     -3.343349953433672E-002
   57.00000     -3.258780764538236E-002
   58.00000     -3.173539519378395E-002
   59.00000     -3.088498535362688E-002
   60.00000     -3.006006850189479E-002
   61.00000     -2.930414999189204E-002
   62.00000     -2.862680742936413E-002
   63.00000     -2.791372707553260E-002
   64.00000     -2.712843688464559E-002
   65.00000     -2.631474237698958E-002
   66.00000     -2.549884339816586E-002
   67.00000     -2.469391631772810E-002
   68.00000     -2.392118312478489E-002
   69.00000     -2.337610531639884E-002
   70.00000     -2.298553762406387E-002
   71.00000     -2.227151168168599E-002
   72.00000     -2.152434615508867E-002
   73.00000     -2.078544772933138E-002
   74.00000     -2.006020448131617E-002
   75.00000     -1.935014745358541E-002
   76.00000     -1.865590932655843E-002
   77.00000     -1.797787711631463E-002
   78.00000     -1.731670618526113E-002
   79.00000     -1.667883931807939E-002
   80.00000     -1.643217555161336E-002
   81.00000     -1.602918630803115E-002
   82.00000     -1.541862983009045E-002
   83.00000     -1.482060835529930E-002
   84.00000     -1.423756645773081E-002
   85.00000     -1.366970137314364E-002
   86.00000     -1.311693546453938E-002
   87.00000     -1.257911556862825E-002
   88.00000     -1.205605768940545E-002
   89.00000     -1.154756184152547E-002
   90.00000     -1.105341858082225E-002
   91.00000     -1.057341274198524E-002
   92.00000     -1.010732644387170E-002
   93.00000     -9.654943131137449E-003
   94.00000     -9.216057616691966E-003
   95.00000     -8.790521734194945E-003
   96.00000     -8.378812880908606E-003
   97.00000     -8.172997920977263E-003
   98.00000     -7.975645925226727E-003
   99.00000     -7.589284710226056E-003
   100.0000     -7.214372591135092E-003
   101.0000     -6.851420860402668E-003
   102.0000     -6.500285032587581E-003
   103.0000     -6.160762234669851E-003
   104.0000     -5.832637444279714E-003
   105.0000     -5.515692858944575E-003
   106.0000     -5.209710747755989E-003
   107.0000     -4.914474574487788E-003
   108.0000     -4.629769533212888E-003
   109.0000     -4.355382844950904E-003
   110.0000     -4.091103941972734E-003
   111.0000     -3.836724592330751E-003
   112.0000     -3.592038989010332E-003
   113.0000     -3.356843816227726E-003
   114.0000     -3.130938299947862E-003
   115.0000     -2.914124247037385E-003
   116.0000     -2.706206076072167E-003
   117.0000     -2.506990842087938E-003
   118.0000     -2.316288257157929E-003
   119.0000     -2.133910708484686E-003
   120.0000     -1.959673275628748E-003
   121.0000     -1.793393748526456E-003
   122.0000     -1.634892648070149E-003
   123.0000     -1.483993251239318E-003
   124.0000     -1.340521623085677E-003
   125.0000     -1.204306658335970E-003
   126.0000     -1.075180136005297E-003
   127.0000     -9.529767912998252E-004
   128.0000     -8.375344103077113E-004
   129.0000     -7.286939547001595E-004
   130.0000     -6.262997261161467E-004
   131.0000     -5.301995834393174E-004
   132.0000     -4.402452313936650E-004
   133.0000     -3.562926067369813E-004
   134.0000     -2.782024004595280E-004
   135.0000     -2.058407736941498E-004
   136.0000     -1.390803568056703E-004
   137.0000     -7.780167556532973E-005
   138.0000     -2.189524617092136E-005
