  0.0000000E+00 -0.108556229280681     
   1.000000     -0.106816916523071     
   2.000000     -0.105095304590515     
   3.000000     -0.103391322703978     
   4.000000     -0.101704899836955     
   5.000000     -0.100035964713885     
   6.000000     -9.838444580853871E-002
   7.000000     -9.675027134241214E-002
   8.000000     -9.513336928309850E-002
   9.000000     -9.353366734266426E-002
   10.00000     -9.195109297599834E-002
   11.00000     -9.038557337916568E-002
   12.00000     -8.883703548774256E-002
   13.00000     -8.730540597515217E-002
   14.00000     -8.579061125097802E-002
   15.00000     -8.429257745928115E-002
   16.00000     -8.281123047689863E-002
   17.00000     -8.134649591173514E-002
   18.00000     -7.989829910104866E-002
   19.00000     -7.846656510972953E-002
   20.00000     -7.705121872855623E-002
   21.00000     -7.565218447246745E-002
   22.00000     -7.426938657879782E-002
   23.00000     -7.290274900552489E-002
   24.00000     -7.155219542950290E-002
   25.00000     -7.021764924469313E-002
   26.00000     -6.889903356038489E-002
   27.00000     -6.759627119933408E-002
   28.00000     -6.630928469583085E-002
   29.00000     -6.503799629429556E-002
   30.00000     -6.378232794911325E-002
   31.00000     -6.254220132226072E-002
   32.00000     -6.131753776967512E-002
   33.00000     -6.010825832596960E-002
   34.00000     -5.891428375311418E-002
   35.00000     -5.773553468545105E-002
   36.00000     -5.657193157787697E-002
   37.00000     -5.542339392216898E-002
   38.00000     -5.428983936569397E-002
   39.00000     -5.317118583564955E-002
   40.00000     -5.206735814128215E-002
   41.00000     -5.097828918251161E-002
   42.00000     -4.990389772157804E-002
   43.00000     -4.884405304754001E-002
   44.00000     -4.779859811227387E-002
   45.00000     -4.676749154655373E-002
   46.00000     -4.575093887011376E-002
   47.00000     -4.474917811820693E-002
   48.00000     -4.376182828665705E-002
   49.00000     -4.278754768164533E-002
   50.00000     -4.182514420896938E-002
   51.00000     -4.087582052642680E-002
   52.00000     -3.994401067599182E-002
   53.00000     -3.903376046396084E-002
   54.00000     -3.814098223952977E-002
   55.00000     -3.725217322240236E-002
   56.00000     -3.635789510792656E-002
   57.00000     -3.546428978568134E-002
   58.00000     -3.459481254023684E-002
   59.00000     -3.379164500961289E-002
   60.00000     -3.306056244852808E-002
   61.00000     -3.229561317655362E-002
   62.00000     -3.146004570000531E-002
   63.00000     -3.059415527145028E-002
   64.00000     -2.972567037889543E-002
   65.00000     -2.887392277646817E-002
   66.00000     -2.811693561701268E-002
   67.00000     -2.772070266069806E-002
   68.00000     -2.706642381141457E-002
   69.00000     -2.626087704953915E-002
   70.00000     -2.545180514754655E-002
   71.00000     -2.465387545392854E-002
   72.00000     -2.387040454340655E-002
   73.00000     -2.310269614417893E-002
   74.00000     -2.235166610717489E-002
   75.00000     -2.161990072803395E-002
   76.00000     -2.108002951231597E-002
   77.00000     -2.087244567298930E-002
   78.00000     -2.018577955449343E-002
   79.00000     -1.950121647023280E-002
   80.00000     -1.883174675181376E-002
   81.00000     -1.817811824853586E-002
   82.00000     -1.754039503356866E-002
   83.00000     -1.691848947083583E-002
   84.00000     -1.631225767188812E-002
   85.00000     -1.572152803963149E-002
   86.00000     -1.514611390502802E-002
   87.00000     -1.458582334635022E-002
   88.00000     -1.404047814696468E-002
   89.00000     -1.351000791301370E-002
   90.00000     -1.299684368620283E-002
   91.00000     -1.287397233184656E-002
   92.00000     -1.248950104248852E-002
   93.00000     -1.200199424470179E-002
   94.00000     -1.152774008087427E-002
   95.00000     -1.106689233069037E-002
   96.00000     -1.061927797741843E-002
   97.00000     -1.018467983570907E-002
   98.00000     -9.762869357657992E-003
   99.00000     -9.353614397536602E-003
   100.0000     -8.956681871107260E-003
   101.0000     -8.571838936660491E-003
   102.0000     -8.198853635837043E-003
   103.0000     -7.837495297874161E-003
   104.0000     -7.487534823012929E-003
   105.0000     -7.148744895390681E-003
   106.0000     -6.820900150002018E-003
   107.0000     -6.503777307171699E-003
   108.0000     -6.197155282875473E-003
   109.0000     -5.900815280962802E-003
   110.0000     -5.614540872741878E-003
   111.0000     -5.338118070447159E-003
   112.0000     -5.071335404892905E-003
   113.0000     -4.813984027856474E-003
   114.0000     -4.565857888133632E-003
   115.0000     -4.326754118978025E-003
   116.0000     -4.096474107318931E-003
   117.0000     -3.874827359969746E-003
   118.0000     -3.661653457366059E-003
   119.0000     -3.457301926947756E-003
   120.0000     -3.399688481237344E-003
   121.0000     -3.259080466352237E-003
   122.0000     -3.070127993977993E-003
   123.0000     -2.888685281584129E-003
   124.0000     -2.714686646032355E-003
   125.0000     -2.547967793754257E-003
   126.0000     -2.388353955344061E-003
   127.0000     -2.235669330813335E-003
   128.0000     -2.089739162384968E-003
   129.0000     -1.950390350521969E-003
   130.0000     -1.817451661185481E-003
   131.0000     -1.690753790485380E-003
   132.0000     -1.570129371363367E-003
   133.0000     -1.455412953822215E-003
   134.0000     -1.346440971940831E-003
   135.0000     -1.243051703793601E-003
   136.0000     -1.145085227354134E-003
   137.0000     -1.052383374045174E-003
   138.0000     -9.647896809022020E-004
   139.0000     -8.821493419533103E-004
   140.0000     -8.043091592208775E-004
   141.0000     -7.311174936358111E-004
   142.0000     -6.624242160986099E-004
   143.0000     -5.980806588820859E-004
   144.0000     -5.379395675627867E-004
   145.0000     -4.818550536683322E-004
   146.0000     -4.296825482466930E-004
   147.0000     -3.812787565951392E-004
   148.0000     -3.365016144427923E-004
   149.0000     -2.952102459609071E-004
   150.0000     -2.572649240984369E-004
   151.0000     -2.225270339197667E-004
   152.0000     -1.908590398960269E-004
   153.0000     -1.621244585159753E-004
   154.0000     -1.361878382310850E-004
   155.0000     -1.129147497842774E-004
   156.0000     -9.217179167440039E-005
   157.0000     -7.382661840731694E-005
   158.0000     -5.774800432445699E-005
   159.0000     -4.380596536741492E-005
   160.0000     -3.187198002921796E-005
   161.0000     -2.181939087706704E-005
   162.0000     -1.352416168245525E-005
   163.0000     -6.866413031793179E-006
   164.0000     -1.733945207070635E-006
