  0.0000000E+00 -0.107482886115765     
   1.000000     -0.105747903606317     
   2.000000     -0.104030635906741     
   3.000000     -0.102331012323247     
   4.000000     -0.100648961915159     
   5.000000     -9.898441349332208E-002
   6.000000     -9.733729561850467E-002
   7.000000     -9.570753659978253E-002
   8.000000     -9.409506449291997E-002
   9.000000     -9.249980709874266E-002
   10.00000     -9.092169196149062E-002
   11.00000     -8.936064636717626E-002
   12.00000     -8.781659734191342E-002
   13.00000     -8.628947165026264E-002
   14.00000     -8.477919579354280E-002
   15.00000     -8.328569600814494E-002
   16.00000     -8.180889826383785E-002
   17.00000     -8.034872826206040E-002
   18.00000     -7.890511143420613E-002
   19.00000     -7.747797293990070E-002
   20.00000     -7.606723766526623E-002
   21.00000     -7.467283022118092E-002
   22.00000     -7.329467494152912E-002
   23.00000     -7.193269588144312E-002
   24.00000     -7.058681681553312E-002
   25.00000     -6.925696123612056E-002
   26.00000     -6.794305235146257E-002
   27.00000     -6.664501308391717E-002
   28.00000     -6.536276606797979E-002
   29.00000     -6.409623364865689E-002
   30.00000     -6.284533788115969E-002
   31.00000     -6.161000053003084E-002
   32.00000     -6.039014305853722E-002
   33.00000     -5.918568660821537E-002
   34.00000     -5.799655202183444E-002
   35.00000     -5.682265998062179E-002
   36.00000     -5.566393107646748E-002
   37.00000     -5.452028524352286E-002
   38.00000     -5.339164060530764E-002
   39.00000     -5.227791426656823E-002
   40.00000     -5.117902814648094E-002
   41.00000     -5.009491430864486E-002
   42.00000     -4.902550139983318E-002
   43.00000     -4.797067704437029E-002
   44.00000     -4.693027892607436E-002
   45.00000     -4.590419900596542E-002
   46.00000     -4.489255760521819E-002
   47.00000     -4.389565790640458E-002
   48.00000     -4.291345342361863E-002
   49.00000     -4.194492199264832E-002
   50.00000     -4.098851104049771E-002
   51.00000     -4.004414552283209E-002
   52.00000     -3.911507128650787E-002
   53.00000     -3.820646359642348E-002
   54.00000     -3.731888978084653E-002
   55.00000     -3.644207536608861E-002
   56.00000     -3.556236186002540E-002
   57.00000     -3.467791177211330E-002
   58.00000     -3.380325847258511E-002
   59.00000     -3.297123777197480E-002
   60.00000     -3.222265307483567E-002
   61.00000     -3.150433205649801E-002
   62.00000     -3.071592410842214E-002
   63.00000     -2.987498102934782E-002
   64.00000     -2.901945283179322E-002
   65.00000     -2.816937303112833E-002
   66.00000     -2.734672480912870E-002
   67.00000     -2.671268330685928E-002
   68.00000     -2.632230043528089E-002
   69.00000     -2.558743141592529E-002
   70.00000     -2.479376566082846E-002
   71.00000     -2.400525660110614E-002
   72.00000     -2.322963690696236E-002
   73.00000     -2.246904886972095E-002
   74.00000     -2.172443439717259E-002
   75.00000     -2.099656747384048E-002
   76.00000     -2.028826373624059E-002
   77.00000     -1.980953414304141E-002
   78.00000     -1.956852075815593E-002
   79.00000     -1.890021497613739E-002
   80.00000     -1.823810912001486E-002
   81.00000     -1.759110141262310E-002
   82.00000     -1.695977883892895E-002
   83.00000     -1.634416508798316E-002
   84.00000     -1.574415338819001E-002
   85.00000     -1.515958770597849E-002
   86.00000     -1.459028742889589E-002
   87.00000     -1.403605805342870E-002
   88.00000     -1.349669837139420E-002
   89.00000     -1.297201049092321E-002
   90.00000     -1.246183280380912E-002
   91.00000     -1.196631123507551E-002
   92.00000     -1.159428175379176E-002
   93.00000     -1.147912011176198E-002
   94.00000     -1.101371807233248E-002
   95.00000     -1.055904735654371E-002
   96.00000     -1.011743111220614E-002
   97.00000     -9.688778337046519E-003
   98.00000     -9.272888057024961E-003
   99.00000     -8.869537993942028E-003
   100.0000     -8.478499929728307E-003
   101.0000     -8.099544066328877E-003
   102.0000     -7.732440698526790E-003
   103.0000     -7.376961016713983E-003
   104.0000     -7.032877564978058E-003
   105.0000     -6.699964538294984E-003
   106.0000     -6.377997993141221E-003
   107.0000     -6.066756005357309E-003
   108.0000     -5.766018792402564E-003
   109.0000     -5.475568809567429E-003
   110.0000     -5.195190826033303E-003
   111.0000     -4.924671984756283E-003
   112.0000     -4.663801849150385E-003
   113.0000     -4.412372439056152E-003
   114.0000     -4.170178258389603E-003
   115.0000     -3.937016317233830E-003
   116.0000     -3.712686152232238E-003
   117.0000     -3.496989851860043E-003
   118.0000     -3.289732099657021E-003
   119.0000     -3.090720265456369E-003
   120.0000     -2.899764623816315E-003
   121.0000     -2.716678945974473E-003
   122.0000     -2.541282424034972E-003
   123.0000     -2.373408241366274E-003
   124.0000     -2.212979890765214E-003
   125.0000     -2.096646111803581E-003
   126.0000     -2.058218639934624E-003
   127.0000     -1.912477987246594E-003
   128.0000     -1.772834228923193E-003
   129.0000     -1.639749456872236E-003
   130.0000     -1.513091265930799E-003
   131.0000     -1.392700632732083E-003
   132.0000     -1.278414872742873E-003
   133.0000     -1.170071558950236E-003
   134.0000     -1.067509562483411E-003
   135.0000     -9.705693954938809E-004
   136.0000     -8.790933348103747E-004
   137.0000     -7.929254650818220E-004
   138.0000     -7.119116902042209E-004
   139.0000     -6.358997332078468E-004
   140.0000     -5.647391345027064E-004
   141.0000     -4.982812545368697E-004
   142.0000     -4.363792856888679E-004
   143.0000     -3.788882783334727E-004
   144.0000     -3.256651870692353E-004
   145.0000     -2.765689451426005E-004
   146.0000     -2.314605784831498E-004
   147.0000     -1.902033762555041E-004
   148.0000     -1.526631438560376E-004
   149.0000     -1.187085796147155E-004
   150.0000     -8.821184358544202E-005
   151.0000     -6.104943735975242E-005
   152.0000     -3.710361426791761E-005
   153.0000     -1.626475564114977E-005
