  0.0000000E+00 -0.105948840932382     
   1.000000     -0.104220066608533     
   2.000000     -0.102509027352922     
   3.000000     -0.100815652598944     
   4.000000     -9.913987153406316E-002
   5.000000     -9.748161309823410E-002
   6.000000     -9.584080598230703E-002
   7.000000     -9.421737862641870E-002
   8.000000     -9.261125921838469E-002
   9.000000     -9.102237569206838E-002
   10.00000     -8.945065572575274E-002
   11.00000     -8.789602674049625E-002
   12.00000     -8.635841589847974E-002
   13.00000     -8.483775010134485E-002
   14.00000     -8.333395598851916E-002
   15.00000     -8.184695993554179E-002
   16.00000     -8.037668805236901E-002
   17.00000     -7.892306618167715E-002
   18.00000     -7.748601989715286E-002
   19.00000     -7.606547450178068E-002
   20.00000     -7.466135502610886E-002
   21.00000     -7.327358622652595E-002
   22.00000     -7.190209258351075E-002
   23.00000     -7.054679829988168E-002
   24.00000     -6.920762729904049E-002
   25.00000     -6.788450322320665E-002
   26.00000     -6.657734943165282E-002
   27.00000     -6.528608899890968E-002
   28.00000     -6.401064471282407E-002
   29.00000     -6.275093907268318E-002
   30.00000     -6.150689428848820E-002
   31.00000     -6.027843228128009E-002
   32.00000     -5.906547467730487E-002
   33.00000     -5.786794278680595E-002
   34.00000     -5.668575759732329E-002
   35.00000     -5.551883987190291E-002
   36.00000     -5.436711032072720E-002
   37.00000     -5.323048936967061E-002
   38.00000     -5.210889603084400E-002
   39.00000     -5.100224724679485E-002
   40.00000     -4.991046153723709E-002
   41.00000     -4.883346685150584E-002
   42.00000     -4.777119872715106E-002
   43.00000     -4.672357056878833E-002
   44.00000     -4.569043686173567E-002
   45.00000     -4.467163282405089E-002
   46.00000     -4.366714026320810E-002
   47.00000     -4.267721499437019E-002
   48.00000     -4.170212472953667E-002
   49.00000     -4.074144445175432E-002
   50.00000     -3.979371528739446E-002
   51.00000     -3.885760678224000E-002
   52.00000     -3.793421854519378E-002
   53.00000     -3.702807439177588E-002
   54.00000     -3.614391728853350E-002
   55.00000     -3.527891562747239E-002
   56.00000     -3.441970399055294E-002
   57.00000     -3.355485524636188E-002
   58.00000     -3.268740220797949E-002
   59.00000     -3.183579593809804E-002
   60.00000     -3.103751425280823E-002
   61.00000     -3.032598188692524E-002
   62.00000     -2.961768623702388E-002
   63.00000     -2.883318123905837E-002
   64.00000     -2.800667712099391E-002
   65.00000     -2.717157937978868E-002
   66.00000     -2.634438991404397E-002
   67.00000     -2.554499222500628E-002
   68.00000     -2.493463761866162E-002
   69.00000     -2.456076959858084E-002
   70.00000     -2.384454059467947E-002
   71.00000     -2.307554153779543E-002
   72.00000     -2.231275016445061E-002
   73.00000     -2.156313090116408E-002
   74.00000     -2.082858339862361E-002
   75.00000     -2.010990018204188E-002
   76.00000     -1.940761149994962E-002
   77.00000     -1.872284920206128E-002
   78.00000     -1.808256042802955E-002
   79.00000     -1.795729162251060E-002
   80.00000     -1.738777912313343E-002
   81.00000     -1.675197572736011E-002
   82.00000     -1.613021663435615E-002
   83.00000     -1.552378785901798E-002
   84.00000     -1.493279550407662E-002
   85.00000     -1.435714798321086E-002
   86.00000     -1.379669099786218E-002
   87.00000     -1.325124211117292E-002
   88.00000     -1.272060342522984E-002
   89.00000     -1.220456786363756E-002
   90.00000     -1.170292372543019E-002
   91.00000     -1.121546070158111E-002
   92.00000     -1.074198623850236E-002
   93.00000     -1.028241657602482E-002
   94.00000     -9.839504211125364E-003
   95.00000     -9.747973552513408E-003
   96.00000     -9.401065325566359E-003
   97.00000     -8.981467946167963E-003
   98.00000     -8.574238539037587E-003
   99.00000     -8.179466454359076E-003
   100.0000     -7.796974856887426E-003
   101.0000     -7.426550498283454E-003
   102.0000     -7.067971419868953E-003
   103.0000     -6.721013544569272E-003
   104.0000     -6.385452901831188E-003
   105.0000     -6.061066582484518E-003
   106.0000     -5.747633231402817E-003
   107.0000     -5.444933340453287E-003
   108.0000     -5.152749441706139E-003
   109.0000     -4.870866244091157E-003
   110.0000     -4.599070734254160E-003
   111.0000     -4.337152252609292E-003
   112.0000     -4.084902550972484E-003
   113.0000     -3.842115835803045E-003
   114.0000     -3.608588799819135E-003
   115.0000     -3.384120644015559E-003
   116.0000     -3.168513091674261E-003
   117.0000     -2.961570395670827E-003
   118.0000     -2.763099340212505E-003
   119.0000     -2.572909238007447E-003
   120.0000     -2.390811923807185E-003
   121.0000     -2.216621745216881E-003
   122.0000     -2.050155551667225E-003
   123.0000     -1.891232682463771E-003
   124.0000     -1.739674954899073E-003
   125.0000     -1.595306653523959E-003
   126.0000     -1.457954521863563E-003
   127.0000     -1.327447758147037E-003
   128.0000     -1.203618017095375E-003
   129.0000     -1.086299420581368E-003
   130.0000     -9.753285813460755E-004
   131.0000     -8.705446465492040E-004
   132.0000     -7.717893733385978E-004
   133.0000     -6.789072611871963E-004
   134.0000     -5.917457990310627E-004
   135.0000     -5.101559887734055E-004
   136.0000     -4.339937043016078E-004
   137.0000     -3.631245219958554E-004
   138.0000     -2.974533966642653E-004
   139.0000     -2.381511064474307E-004
   140.0000     -2.285827743556690E-004
   141.0000     -1.803097721834438E-004
   142.0000     -1.292764880280350E-004
   143.0000     -8.276607511025893E-005
   144.0000     -4.073781435263943E-005
   145.0000     -3.103392102171142E-006
