  0.0000000E+00 -1.635715508413762E-002
   1.000000     -1.595500050614001E-002
   2.000000     -1.555914417300918E-002
   3.000000     -1.516954717188200E-002
   4.000000     -1.478617038009257E-002
   5.000000     -1.440897446309542E-002
   6.000000     -1.403791987237102E-002
   7.000000     -1.367296684330997E-002
   8.000000     -1.331407539308027E-002
   9.000000     -1.296120531847473E-002
   10.00000     -1.261431619373991E-002
   11.00000     -1.227336736838733E-002
   12.00000     -1.193831796498607E-002
   13.00000     -1.160912687693876E-002
   14.00000     -1.128575276623822E-002
   15.00000     -1.096815406121042E-002
   16.00000     -1.065628895423788E-002
   17.00000     -1.035011539946805E-002
   18.00000     -1.004959111050806E-002
   19.00000     -9.754673558100183E-003
   20.00000     -9.465319967788169E-003
   21.00000     -9.181487317565205E-003
   22.00000     -8.903132335512300E-003
   23.00000     -8.630211497421963E-003
   24.00000     -8.362681024413066E-003
   25.00000     -8.100496880529062E-003
   26.00000     -7.843614770324282E-003
   27.00000     -7.591990136439384E-003
   28.00000     -7.345578157203742E-003
   29.00000     -7.104333320751654E-003
   30.00000     -6.868211540429669E-003
   31.00000     -6.637165916720977E-003
   32.00000     -6.411150969504570E-003
   33.00000     -6.190120516712611E-003
   34.00000     -5.974028095548021E-003
   35.00000     -5.762826964085907E-003
   36.00000     -5.556470107315205E-003
   37.00000     -5.354910241264683E-003
   38.00000     -5.158099801330813E-003
   39.00000     -4.965990903297503E-003
   40.00000     -4.778535287276714E-003
   41.00000     -4.595684289846576E-003
   42.00000     -4.417388909134302E-003
   43.00000     -4.243599994090330E-003
   44.00000     -4.074268492363721E-003
   45.00000     -3.909345577749671E-003
   46.00000     -3.748782441968181E-003
   47.00000     -3.592529656844139E-003
   48.00000     -3.440536282275812E-003
   49.00000     -3.292749181774495E-003
   50.00000     -3.149113111338602E-003
   51.00000     -3.009571923432730E-003
   52.00000     -2.874070707052509E-003
   53.00000     -2.742558104841693E-003
   54.00000     -2.614987735636644E-003
   55.00000     -2.491317815536502E-003
   56.00000     -2.371508670036996E-003
   57.00000     -2.255518615387527E-003
   58.00000     -2.143299369602400E-003
   59.00000     -2.034792516908598E-003
   60.00000     -1.929928450273903E-003
   61.00000     -1.828628573045069E-003
   62.00000     -1.730810438866426E-003
   63.00000     -1.636394344459367E-003
   64.00000     -1.545309270879403E-003
   65.00000     -1.457496392791755E-003
   66.00000     -1.372909450130346E-003
   67.00000     -1.291512445658649E-003
   68.00000     -1.213275803707631E-003
   69.00000     -1.138172154602726E-003
   70.00000     -1.066172535191934E-003
   71.00000     -9.972433465697342E-004
   72.00000     -9.313440940410902E-004
   73.00000     -8.684258102312456E-004
   74.00000     -8.084300982186070E-004
   75.00000     -7.512888585142924E-004
   76.00000     -6.969248922753957E-004
   77.00000     -6.452535980325315E-004
   78.00000     -5.961858112853023E-004
   79.00000     -5.496314772338696E-004
   80.00000     -5.055034512618014E-004
   81.00000     -4.637205434047762E-004
   82.00000     -4.242091268171866E-004
   83.00000     -3.869031307692317E-004
   84.00000     -3.517427535817255E-004
   85.00000     -3.186725074938635E-004
   86.00000     -2.876391891978524E-004
   87.00000     -2.585901698823856E-004
   88.00000     -2.314721679284432E-004
   89.00000     -2.062304986325072E-004
   90.00000     -1.828087095359538E-004
   91.00000     -1.611484874368023E-004
   92.00000     -1.411897351962588E-004
   93.00000     -1.228707409922639E-004
   94.00000     -1.061283874472260E-004
   95.00000     -9.089836810242199E-005
   96.00000     -7.711539311834336E-005
   97.00000     -6.471337567379169E-005
   98.00000     -5.362559661204966E-005
   99.00000     -4.378484866861258E-005
   100.0000     -3.512356414034418E-005
   101.0000     -2.757393202006547E-005
   102.0000     -2.106801341133906E-005
   103.0000     -1.553786900160454E-005
   104.0000     -1.091572274871574E-005
   105.0000     -7.134209985317016E-006
   106.0000     -4.126820510067768E-006
   107.0000     -1.828836590667920E-006
   108.0000     -1.798037102583029E-007
