  0.0000000E+00 -1.053349466078606E-002
   1.000000     -1.016931968988263E-002
   2.000000     -9.811666132154659E-003
   3.000000     -9.460498284655307E-003
   4.000000     -9.115780322057579E-003
   5.000000     -8.777476298776836E-003
   6.000000     -8.445550151371894E-003
   7.000000     -8.119965701260640E-003
   8.000000     -7.800686657773719E-003
   9.000000     -7.487676621585462E-003
   10.00000     -7.180899088561305E-003
   11.00000     -6.880317454062531E-003
   12.00000     -6.585895017759750E-003
   13.00000     -6.297594989010317E-003
   14.00000     -6.015380492858487E-003
   15.00000     -5.739214576731706E-003
   16.00000     -5.469060217910239E-003
   17.00000     -5.204880331860045E-003
   18.00000     -4.946637781529807E-003
   19.00000     -4.694295387729359E-003
   20.00000     -4.447815940721032E-003
   21.00000     -4.207162213176113E-003
   22.00000     -3.972296974670259E-003
   23.00000     -3.743183007919311E-003
   24.00000     -3.519783126989370E-003
   25.00000     -3.302060197748406E-003
   26.00000     -3.089977160878005E-003
   27.00000     -2.883497057810538E-003
   28.00000     -2.682583060026819E-003
   29.00000     -2.487198502224064E-003
   30.00000     -2.297306919959672E-003
   31.00000     -2.112872092493581E-003
   32.00000     -1.933858091693157E-003
   33.00000     -1.760229338042430E-003
   34.00000     -1.591950665018510E-003
   35.00000     -1.428987393373661E-003
   36.00000     -1.271305417211432E-003
   37.00000     -1.118871304192617E-003
   38.00000     -9.716524127853995E-004
   39.00000     -8.296170302262788E-004
   40.00000     -6.927345358530617E-004
   41.00000     -5.609755957888281E-004
   42.00000     -4.343123967289354E-004
   43.00000     -3.127189289997741E-004
   44.00000     -1.961713324100868E-004
   45.00000     -8.464832314670710E-005
