  0.0000000E+00 -1.615442675315018E-002
   1.000000     -1.575353179621765E-002
   2.000000     -1.535894136107508E-002
   3.000000     -1.497061659409513E-002
   4.000000     -1.458851843247922E-002
   5.000000     -1.421260760218636E-002
   6.000000     -1.384284461584110E-002
   7.000000     -1.347918977062235E-002
   8.000000     -1.312160314613278E-002
   9.000000     -1.277004460225178E-002
   10.00000     -1.242447377696494E-002
   11.00000     -1.208485008418063E-002
   12.00000     -1.175113271152438E-002
   13.00000     -1.142328061811710E-002
   14.00000     -1.110125253233638E-002
   15.00000     -1.078500694955858E-002
   16.00000     -1.047450212988679E-002
   17.00000     -1.016969609586062E-002
   18.00000     -9.870546630151352E-003
   19.00000     -9.577011273241922E-003
   20.00000     -9.289047321091082E-003
   21.00000     -9.006611822784935E-003
   22.00000     -8.729661578174990E-003
   23.00000     -8.458153135503160E-003
   24.00000     -8.192042789016720E-003
   25.00000     -7.931286576569961E-003
   26.00000     -7.675840277208985E-003
   27.00000     -7.425659408746583E-003
   28.00000     -7.180698950821185E-003
   29.00000     -6.940914715178025E-003
   30.00000     -6.706260598080045E-003
   31.00000     -6.476691323132080E-003
   32.00000     -6.252161065660644E-003
   33.00000     -6.032623723647995E-003
   34.00000     -5.818032914563535E-003
   35.00000     -5.608341975072546E-003
   36.00000     -5.403503965528698E-003
   37.00000     -5.203471676359898E-003
   38.00000     -5.008197625622609E-003
   39.00000     -4.817634033750830E-003
   40.00000     -4.631732773259574E-003
   41.00000     -4.450445320011848E-003
   42.00000     -4.273722761676097E-003
   43.00000     -4.101515915623346E-003
   44.00000     -3.933775548386871E-003
   45.00000     -3.770452586977289E-003
   46.00000     -3.611498133089315E-003
   47.00000     -3.456863116372723E-003
   48.00000     -3.306497590171974E-003
   49.00000     -3.160349927230289E-003
   50.00000     -3.018366372515638E-003
   51.00000     -2.880491400256728E-003
   52.00000     -2.746669036080888E-003
   53.00000     -2.616844835570866E-003
   54.00000     -2.490967786540536E-003
   55.00000     -2.368991263539543E-003
   56.00000     -2.250872408993317E-003
   57.00000     -2.136569846524725E-003
   58.00000     -2.026040228408500E-003
   59.00000     -1.919234573147080E-003
   60.00000     -1.816095534851347E-003
   61.00000     -1.716556601495540E-003
   62.00000     -1.620543726095252E-003
   63.00000     -1.527979132318943E-003
   64.00000     -1.438786254779816E-003
   65.00000     -1.352894343178168E-003
   66.00000     -1.270241431032027E-003
   67.00000     -1.190775055802586E-003
   68.00000     -1.114450929988058E-003
   69.00000     -1.041230305110321E-003
   70.00000     -9.710768904131427E-004
   71.00000     -9.039539917017428E-004
   72.00000     -8.398222286254342E-004
   73.00000     -7.786379283163703E-004
   74.00000     -7.203521418028218E-004
   75.00000     -6.649101793835293E-004
   76.00000     -6.122515757830804E-004
   77.00000     -5.623104362489824E-004
   78.00000     -5.150161482978248E-004
   79.00000     -4.702944471398892E-004
   80.00000     -4.280687852434989E-004
   81.00000     -3.882618862944460E-004
   82.00000     -3.507972905635356E-004
   83.00000     -3.156006634083479E-004
   84.00000     -2.826006710821395E-004
   85.00000     -2.517293253325661E-004
   86.00000     -2.229218232446886E-004
   87.00000     -1.961160119588999E-004
   88.00000     -1.712516562576028E-004
   89.00000     -1.482696778615507E-004
   90.00000     -1.271114891656707E-004
   91.00000     -1.077184878239457E-004
   92.00000     -9.003173165912206E-005
   93.00000     -7.399178422476789E-005
   94.00000     -5.953870998877232E-005
   95.00000     -4.661220106861639E-005
   96.00000     -3.515183198496007E-005
   97.00000     -2.509746628405376E-005
   98.00000     -1.638988905343269E-005
   99.00000     -8.971843544319491E-006
   100.0000     -2.789905212995990E-006
