  0.0000000E+00 -1.641854387051728E-002
   1.000000     -1.601600865895967E-002
   2.000000     -1.561976980872449E-002
   3.000000     -1.522978838953314E-002
   4.000000     -1.484602526113223E-002
   5.000000     -1.446844107121605E-002
   6.000000     -1.409699625333244E-002
   7.000000     -1.373165102476686E-002
   8.000000     -1.337236538440938E-002
   9.000000     -1.301909911060153E-002
   10.00000     -1.267181175896660E-002
   11.00000     -1.233046266022037E-002
   12.00000     -1.199501091796440E-002
   13.00000     -1.166541540646206E-002
   14.00000     -1.134163476839679E-002
   15.00000     -1.102362741261476E-002
   16.00000     -1.071135151184983E-002
   17.00000     -1.040476500043336E-002
   18.00000     -1.010382557198837E-002
   19.00000     -9.808490677109753E-003
   20.00000     -9.518717521029146E-003
   21.00000     -9.234463061266386E-003
   22.00000     -8.955684005268562E-003
   23.00000     -8.682336808037955E-003
   24.00000     -8.414377669745995E-003
   25.00000     -8.151762533338040E-003
   26.00000     -7.894447082118242E-003
   27.00000     -7.642386737331648E-003
   28.00000     -7.395536655775074E-003
   29.00000     -7.153851727468932E-003
   30.00000     -6.917286573318415E-003
   31.00000     -6.685795542466334E-003
   32.00000     -6.459332709013333E-003
   33.00000     -6.237851868460900E-003
   34.00000     -6.021306535724181E-003
   35.00000     -5.809649947347457E-003
   36.00000     -5.602835067821038E-003
   37.00000     -5.400814592486401E-003
   38.00000     -5.203540932466720E-003
   39.00000     -5.010966171710561E-003
   40.00000     -4.823042011149437E-003
   41.00000     -4.639719750887869E-003
   42.00000     -4.460950375674045E-003
   43.00000     -4.286684764204233E-003
   44.00000     -4.116873935427198E-003
   45.00000     -3.951469132983595E-003
   46.00000     -3.790421533689084E-003
   47.00000     -3.633681522366345E-003
   48.00000     -3.481197773247687E-003
   49.00000     -3.332916660635655E-003
   50.00000     -3.188782575471230E-003
   51.00000     -3.048739419194434E-003
   52.00000     -2.912732956502393E-003
   53.00000     -2.780713120890100E-003
   54.00000     -2.652635126077613E-003
   55.00000     -2.528458522482153E-003
   56.00000     -2.408144051990938E-003
   57.00000     -2.291649006005387E-003
   58.00000     -2.178922477737349E-003
   59.00000     -2.069902196813678E-003
   60.00000     -1.964514382423267E-003
   61.00000     -1.862677179223290E-003
   62.00000     -1.764306929910035E-003
   63.00000     -1.669325344680348E-003
   64.00000     -1.577665238539197E-003
   65.00000     -1.489273194821866E-003
   66.00000     -1.404108838925053E-003
   67.00000     -1.322141572093882E-003
   68.00000     -1.243346097344696E-003
   69.00000     -1.167697890081630E-003
   70.00000     -1.095169275765083E-003
   71.00000     -1.025726317588733E-003
   72.00000     -9.593264597526898E-004
   73.00000     -8.959168382661037E-004
   74.00000     -8.354333045768333E-004
   75.00000     -7.778004081290549E-004
   76.00000     -7.229327097681623E-004
   77.00000     -6.707376854266491E-004
   78.00000     -6.211200450710783E-004
   79.00000     -5.739866737505282E-004
   80.00000     -5.292509715119789E-004
   81.00000     -4.868354794243387E-004
   82.00000     -4.466723266218414E-004
   83.00000     -4.087018240500861E-004
   84.00000     -3.728700208388626E-004
   85.00000     -3.391260742983129E-004
   86.00000     -3.074200139104272E-004
   87.00000     -2.777011433074862E-004
   88.00000     -2.499170762790846E-004
   89.00000     -2.240132795220802E-004
   90.00000     -1.999329653011175E-004
   91.00000     -1.776171967438625E-004
   92.00000     -1.570051041763170E-004
   93.00000     -1.380341453327059E-004
   94.00000     -1.206403690900723E-004
   95.00000     -1.047586609230191E-004
   96.00000     -9.032296008001655E-005
   97.00000     -7.726644548469238E-005
   98.00000     -6.552169121492532E-005
   99.00000     -5.502079431261383E-005
   100.0000     -4.569547843477508E-005
   101.0000     -3.747717698227215E-005
   102.0000     -3.029709914652007E-005
   103.0000     -2.408628198092387E-005
   104.0000     -1.877563124103449E-005
   105.0000     -1.429595341534328E-005
   106.0000     -1.057798114978278E-005
   107.0000     -7.552394248183095E-006
   108.0000     -5.149838823694231E-006
   109.0000     -3.300948575016071E-006
   110.0000     -1.936376448603742E-006
   111.0000     -9.868592400553911E-007
   112.0000     -3.833968085974677E-007
   113.0000     -5.800336786109132E-008
