  0.0000000E+00 -1.604011492700532E-002
   1.000000     -1.563993202018259E-002
   2.000000     -1.524605721339809E-002
   3.000000     -1.485845168761544E-002
   4.000000     -1.447707641502923E-002
   5.000000     -1.410189215699695E-002
   6.000000     -1.373285946195130E-002
   7.000000     -1.336993866329392E-002
   8.000000     -1.301308987726946E-002
   9.000000     -1.266227300082086E-002
   10.00000     -1.231744770942715E-002
   11.00000     -1.197857345492009E-002
   12.00000     -1.164560946328695E-002
   13.00000     -1.131851473245109E-002
   14.00000     -1.099724803003879E-002
   15.00000     -1.068176789112681E-002
   16.00000     -1.037203261597397E-002
   17.00000     -1.006800026773744E-002
   18.00000     -9.769628670172656E-003
   19.00000     -9.476875405317567E-003
   20.00000     -9.189697811164049E-003
   21.00000     -8.908052979314761E-003
   22.00000     -8.631897752626010E-003
   23.00000     -8.361188722840855E-003
   24.00000     -8.095882228208912E-003
   25.00000     -7.835934351095912E-003
   26.00000     -7.581300915577769E-003
   27.00000     -7.331937485021114E-003
   28.00000     -7.087799359670802E-003
   29.00000     -6.848841574287913E-003
   30.00000     -6.615018895850994E-003
   31.00000     -6.386285821167122E-003
   32.00000     -6.162596574038989E-003
   33.00000     -5.943905101762664E-003
   34.00000     -5.730165071683391E-003
   35.00000     -5.521329869990779E-003
   36.00000     -5.317352605087945E-003
   37.00000     -5.118186114236271E-003
   38.00000     -4.923782964851085E-003
   39.00000     -4.734095436614956E-003
   40.00000     -4.549075477444584E-003
   41.00000     -4.368674650347399E-003
   42.00000     -4.192844118427564E-003
   43.00000     -4.021534723849082E-003
   44.00000     -3.854697175984107E-003
   45.00000     -3.692282275992727E-003
   46.00000     -3.534241016904748E-003
   47.00000     -3.380524384531754E-003
   48.00000     -3.231082796842442E-003
   49.00000     -3.085865335749753E-003
   50.00000     -2.944819139581274E-003
   51.00000     -2.807889394457649E-003
   52.00000     -2.675020195081436E-003
   53.00000     -2.546156170725811E-003
   54.00000     -2.421244355515468E-003
   55.00000     -2.300235542845711E-003
   56.00000     -2.183084444693265E-003
   57.00000     -2.069748354988795E-003
   58.00000     -1.960184528789218E-003
   59.00000     -1.854346940552067E-003
   60.00000     -1.752183341431370E-003
   61.00000     -1.653633538318315E-003
   62.00000     -1.558629550127657E-003
   63.00000     -1.467097784696518E-003
   64.00000     -1.378962739958763E-003
   65.00000     -1.294151201498077E-003
   66.00000     -1.212595745352072E-003
   67.00000     -1.134236660087837E-003
   68.00000     -1.059022013433144E-003
   69.00000     -9.869061874550466E-004
   70.00000     -9.178475399172820E-004
   71.00000     -8.518058662550166E-004
   72.00000     -7.887401480591201E-004
   73.00000     -7.286068321136565E-004
   74.00000     -6.713586913484811E-004
   75.00000     -6.169442092528938E-004
   76.00000     -5.653073907487313E-004
   77.00000     -5.163879074320391E-004
   78.00000     -4.701215069765127E-004
   79.00000     -4.264406364795294E-004
   80.00000     -3.852752369914955E-004
   81.00000     -3.465536585253878E-004
   82.00000     -3.102036259632719E-004
   83.00000     -2.761531669398765E-004
   84.00000     -2.443314057461627E-004
   85.00000     -2.146691416718779E-004
   86.00000     -1.870991662250476E-004
   87.00000     -1.615563217111051E-004
   88.00000     -1.379773489078983E-004
   89.00000     -1.163006014126206E-004
   90.00000     -9.646571376368190E-005
   91.00000     -7.841330321361651E-005
   92.00000     -6.208476995273054E-005
   93.00000     -4.742224800417779E-005
   94.00000     -3.436875899707237E-005
   95.00000     -2.286864569845506E-005
   96.00000     -1.286843509235625E-005
   97.00000     -4.318465222573344E-006
