  0.0000000E+00 -1.636968236635125E-002
   1.000000     -1.596745008454872E-002
   2.000000     -1.557151566260399E-002
   3.000000     -1.518184018408024E-002
   4.000000     -1.479838452270224E-002
   5.000000     -1.442110934027981E-002
   6.000000     -1.404997508461167E-002
   7.000000     -1.368494198737163E-002
   8.000000     -1.332597006197443E-002
   9.000000     -1.297301910142323E-002
   10.00000     -1.262604867613901E-002
   11.00000     -1.228501813177158E-002
   12.00000     -1.194988658699203E-002
   13.00000     -1.162061293126913E-002
   14.00000     -1.129715582262580E-002
   15.00000     -1.097947368538229E-002
   16.00000     -1.066752470787951E-002
   17.00000     -1.036126684018816E-002
   18.00000     -1.006065779180224E-002
   19.00000     -9.765655029317394E-003
   20.00000     -9.476215774094271E-003
   21.00000     -9.192296999909526E-003
   22.00000     -8.913855430592192E-003
   23.00000     -8.640847537650154E-003
   24.00000     -8.373229537882991E-003
   25.00000     -8.110957390982644E-003
   26.00000     -7.853986797118323E-003
   27.00000     -7.602273194514210E-003
   28.00000     -7.355771757052851E-003
   29.00000     -7.114437391940281E-003
   30.00000     -6.878224737374145E-003
   31.00000     -6.647088159934926E-003
   32.00000     -6.420981751355038E-003
   33.00000     -6.199859324922330E-003
   34.00000     -5.983674413215991E-003
   35.00000     -5.772380269833556E-003
   36.00000     -5.565929875497159E-003
   37.00000     -5.364275941952646E-003
   38.00000     -5.167370899623664E-003
   39.00000     -4.975166857806717E-003
   40.00000     -4.787615548565756E-003
   41.00000     -4.604668300776439E-003
   42.00000     -4.426276109264186E-003
   43.00000     -4.252389828280373E-003
   44.00000     -4.082960419514891E-003
   45.00000     -3.917939071468198E-003
   46.00000     -3.757276974765168E-003
   47.00000     -3.600924666265495E-003
   48.00000     -3.448831130161426E-003
   49.00000     -3.300943130472713E-003
   50.00000     -3.157205343978329E-003
   51.00000     -3.017561622588079E-003
   52.00000     -2.881957178993474E-003
   53.00000     -2.750340906636163E-003
   54.00000     -2.622666745547855E-003
   55.00000     -2.498893194101785E-003
   56.00000     -2.378980689431448E-003
   57.00000     -2.262887378953669E-003
   58.00000     -2.150564489494523E-003
   59.00000     -2.041952852305257E-003
   60.00000     -1.936982015132458E-003
   61.00000     -1.835572685297494E-003
   62.00000     -1.737642102948040E-003
   63.00000     -1.643110767349546E-003
   64.00000     -1.551908359025673E-003
   65.00000     -1.463977095064154E-003
   66.00000     -1.379271884691694E-003
   67.00000     -1.297757828027145E-003
   68.00000     -1.219406238944287E-003
   69.00000     -1.144190359957216E-003
   70.00000     -1.072081536740791E-003
   71.00000     -1.003046165538448E-003
   72.00000     -9.370434200882602E-004
   73.00000     -8.740236567164131E-004
   74.00000     -8.139274500652401E-004
   75.00000     -7.566853536725302E-004
   76.00000     -7.022186119355825E-004
   77.00000     -6.504410572761009E-004
   78.00000     -6.012622162208860E-004
   79.00000     -5.545912391639313E-004
   80.00000     -5.103408513067651E-004
   81.00000     -4.684303778698272E-004
   82.00000     -4.287871759405525E-004
   83.00000     -3.913463722419166E-004
   84.00000     -3.560493367056410E-004
   85.00000     -3.228415654343724E-004
   86.00000     -2.916705802608333E-004
   87.00000     -2.624842186420232E-004
   88.00000     -2.352294461630478E-004
   89.00000     -2.098516599054307E-004
   90.00000     -1.862943751399197E-004
   91.00000     -1.644991741595434E-004
   92.00000     -1.444058137576808E-004
   93.00000     -1.259524151696740E-004
   94.00000     -1.090756859912554E-004
   95.00000     -9.371114359629930E-005
   96.00000     -7.979332356085170E-005
   97.00000     -6.725596567682371E-005
   98.00000     -5.603217570588769E-005
   99.00000     -4.605456431555206E-005
   100.0000     -3.725536661335475E-005
   101.0000     -2.956654710441530E-005
   102.0000     -2.291989643297008E-005
   103.0000     -1.724712881719500E-005
   104.0000     -1.247999427524418E-005
   105.0000     -8.550431354984349E-006
   106.0000     -5.390814493105753E-006
   107.0000     -2.934428709595557E-006
   108.0000     -1.116566009554233E-006
