  0.0000000E+00 -7.864652510433327E-003
   1.000000     -7.519353067769290E-003
   2.000000     -7.180717624873604E-003
   3.000000     -6.848714920712765E-003
   4.000000     -6.523311281183965E-003
   5.000000     -6.204474688237815E-003
   6.000000     -5.892172764708812E-003
   7.000000     -5.586373194715210E-003
   8.000000     -5.287043739878565E-003
   9.000000     -4.994152257245434E-003
   10.00000     -4.707666719118346E-003
   11.00000     -4.427555235034661E-003
   12.00000     -4.153786076162712E-003
   13.00000     -3.886327702436905E-003
   14.00000     -3.625148792791104E-003
   15.00000     -3.370218278919541E-003
   16.00000     -3.121505383060281E-003
   17.00000     -2.878979660381802E-003
   18.00000     -2.642611046661202E-003
   19.00000     -2.412369912059390E-003
   20.00000     -2.188227121961695E-003
   21.00000     -1.970154106030668E-003
   22.00000     -1.758122936855794E-003
   23.00000     -1.552106419870849E-003
   24.00000     -1.352078196571783E-003
   25.00000     -1.158012863523014E-003
   26.00000     -9.698861102231328E-004
   27.00000     -7.876748796453490E-004
   28.00000     -6.113575562382324E-004
   29.00000     -4.409141874392981E-004
   30.00000     -2.763267464381806E-004
   31.00000     -1.175794461842391E-004
