  0.0000000E+00 -1.609976842756597E-002
   1.000000     -1.569921377629634E-002
   2.000000     -1.530496535423150E-002
   3.000000     -1.491698432417435E-002
   4.000000     -1.453523163994631E-002
   5.000000     -1.415966804431514E-002
   6.000000     -1.379025406690522E-002
   7.000000     -1.342695002208898E-002
   8.000000     -1.306971600685898E-002
   9.000000     -1.271851189867945E-002
   10.00000     -1.237329735332190E-002
   11.00000     -1.203403180268051E-002
   12.00000     -1.170067445256955E-002
   13.00000     -1.137318428050378E-002
   14.00000     -1.105152003346099E-002
   15.00000     -1.073564022562738E-002
   16.00000     -1.042550313612572E-002
   17.00000     -1.012106680672873E-002
   18.00000     -9.822289039555884E-003
   19.00000     -9.529127394754665E-003
   20.00000     -9.241539188168515E-003
   21.00000     -8.959481488989521E-003
   22.00000     -8.682911117399057E-003
   23.00000     -8.411784642195774E-003
   24.00000     -8.146058378412008E-003
   25.00000     -7.885688384918828E-003
   26.00000     -7.630630462014766E-003
   27.00000     -7.380840149002810E-003
   28.00000     -7.136272721775562E-003
   29.00000     -6.896883190455491E-003
   30.00000     -6.662626297089936E-003
   31.00000     -6.433456513228291E-003
   32.00000     -6.209328037012935E-003
   33.00000     -5.990194789620169E-003
   34.00000     -5.776010411945835E-003
   35.00000     -5.566728263858473E-003
   36.00000     -5.362301428167614E-003
   37.00000     -5.162682717211627E-003
   38.00000     -4.967824672335066E-003
   39.00000     -4.777679542231146E-003
   40.00000     -4.592199235450229E-003
   41.00000     -4.411335268969866E-003
   42.00000     -4.235038764640374E-003
   43.00000     -4.063260548099529E-003
   44.00000     -3.895951354198495E-003
   45.00000     -3.733062047323771E-003
   46.00000     -3.574543680281108E-003
   47.00000     -3.420347220522666E-003
   48.00000     -3.270422912851248E-003
   49.00000     -3.124719484890442E-003
   50.00000     -2.983183611270530E-003
   51.00000     -2.845760084321588E-003
   52.00000     -2.712392911616499E-003
   53.00000     -2.583027134987415E-003
   54.00000     -2.457610739935128E-003
   55.00000     -2.336095831205887E-003
   56.00000     -2.218438413305388E-003
   57.00000     -2.104596572676590E-003
   58.00000     -1.994527417104854E-003
   59.00000     -1.888183584407397E-003
   60.00000     -1.785510357420399E-003
   61.00000     -1.686444357041688E-003
   62.00000     -1.590914411020672E-003
   63.00000     -1.498844558667018E-003
   64.00000     -1.410158428278762E-003
   65.00000     -1.324783720651660E-003
   66.00000     -1.242655520185241E-003
   67.00000     -1.163717654629071E-003
   68.00000     -1.087922057712279E-003
   69.00000     -1.015226681361871E-003
   70.00000     -9.455927399927647E-004
   71.00000     -8.789819749561950E-004
   72.00000     -8.153543690494681E-004
   73.00000     -7.546664810175592E-004
   74.00000     -6.968703930435950E-004
   75.00000     -6.419131824614360E-004
   76.00000     -5.897368167888678E-004
   77.00000     -5.402783945849170E-004
   78.00000     -4.934706846716739E-004
   79.00000     -4.492429327235039E-004
   80.00000     -4.075218963564068E-004
   81.00000     -3.682330379368210E-004
   82.00000     -3.313017610211895E-004
   83.00000     -2.966545437363716E-004
   84.00000     -2.642198225415652E-004
   85.00000     -2.339285219070301E-004
   86.00000     -2.057141987152293E-004
   87.00000     -1.795128486663339E-004
   88.00000     -1.552624788559566E-004
   89.00000     -1.329025719025243E-004
   90.00000     -1.123735552135874E-004
   91.00000     -9.361635797311075E-005
   92.00000     -7.657210399621398E-005
   93.00000     -6.118196227437539E-005
   94.00000     -4.738716477657203E-005
   95.00000     -3.512920570263390E-005
   96.00000     -2.435026232657647E-005
   97.00000     -1.499393890321287E-005
   98.00000     -7.006575348820346E-006
   99.00000     -3.397219126601499E-007
