  0.0000000E+00 -8.818795781592113E-002
   1.000000     -8.699007954634744E-002
   2.000000     -8.677703893146933E-002
   3.000000     -8.422500424284078E-002
   4.000000     -8.201673579706452E-002
   5.000000     -8.051476001751912E-002
   6.000000     -7.622895513099165E-002
   7.000000     -7.196359496060561E-002
   8.000000     -7.165811081980761E-002
   9.000000     -6.700227143937275E-002
   10.00000     -6.239661732817116E-002
   11.00000     -5.793047921741954E-002
   12.00000     -5.436254617672578E-002
   13.00000     -5.366034383757975E-002
   14.00000     -4.961946957034581E-002
   15.00000     -4.582475956491937E-002
   16.00000     -4.228178241574418E-002
   17.00000     -3.898836374074244E-002
   18.00000     -3.593718450041215E-002
   19.00000     -3.311764368714103E-002
   20.00000     -3.051718662380606E-002
   21.00000     -2.812224404575187E-002
   22.00000     -2.594666776950040E-002
   23.00000     -2.591888054420154E-002
   24.00000     -2.389328052114074E-002
   25.00000     -2.203197761938924E-002
   26.00000     -2.032211869675021E-002
   27.00000     -1.875154494672299E-002
   28.00000     -1.730886017445683E-002
   29.00000     -1.598345377290937E-002
   30.00000     -1.476549720046804E-002
   31.00000     -1.364592265931968E-002
   32.00000     -1.261639027057281E-002
   33.00000     -1.166924827723619E-002
   34.00000     -1.079748950694351E-002
   35.00000     -9.994706371051806E-003
   36.00000     -9.255045976023609E-003
   37.00000     -8.573166410812452E-003
   38.00000     -7.944194901431181E-003
   39.00000     -7.363688254737471E-003
   40.00000     -6.827595820804062E-003
   41.00000     -6.332225067039387E-003
   42.00000     -5.874209762595273E-003
   43.00000     -5.450480707473726E-003
   44.00000     -5.058238898875710E-003
   45.00000     -4.694931001603076E-003
   46.00000     -4.358226975175211E-003
   47.00000     -4.045999704392508E-003
   48.00000     -3.756306479873481E-003
   49.00000     -3.487372178783670E-003
   50.00000     -3.237574002218537E-003
   51.00000     -3.005427633527595E-003
   52.00000     -2.789574690567360E-003
   53.00000     -2.588771353950830E-003
   54.00000     -2.401878062469496E-003
   55.00000     -2.227850175763676E-003
   56.00000     -2.065729512851295E-003
   57.00000     -1.914636683195754E-003
   58.00000     -1.773764134547269E-003
   59.00000     -1.642369848803651E-003
   60.00000     -1.519771623603450E-003
   61.00000     -1.405341883299330E-003
   62.00000     -1.298502968383573E-003
   63.00000     -1.198722857378075E-003
   64.00000     -1.105511279690611E-003
   65.00000     -1.018416182008360E-003
   66.00000     -9.370205144833142E-004
   67.00000     -8.609393062934613E-004
   68.00000     -7.898170031700015E-004
   69.00000     -7.233250421942422E-004
   70.00000     -6.611596416146515E-004
   71.00000     -6.030397856426868E-004
   72.00000     -5.487053861771131E-004
   73.00000     -4.979156052052174E-004
   74.00000     -4.504473232545343E-004
   75.00000     -4.060937407410498E-004
   76.00000     -3.646631003966991E-004
   77.00000     -3.259775201790538E-004
   78.00000     -2.898719271854890E-004
   79.00000     -2.561930841317342E-004
   80.00000     -2.247987009289619E-004
   81.00000     -1.955566248263572E-004
   82.00000     -1.683441035038525E-004
   83.00000     -1.430471164364921E-004
   84.00000     -1.195597708546965E-004
   85.00000     -9.778375976203866E-005
   86.00000     -7.762788084777252E-005
   87.00000     -5.900761691106127E-005
   88.00000     -4.184478087076168E-005
   89.00000     -2.606723203945344E-005
   90.00000     -1.160867593623550E-005
