  0.0000000E+00 -8.941342821408262E-002
   1.000000     -8.820245443707858E-002
   2.000000     -8.801825864328970E-002
   3.000000     -8.536098168249037E-002
   4.000000     -8.334292636099161E-002
   5.000000     -8.160937379643884E-002
   6.000000     -7.728451345549237E-002
   7.000000     -7.334500533346713E-002
   8.000000     -7.267671769659111E-002
   9.000000     -6.798578933183151E-002
   10.00000     -6.334685385767037E-002
   11.00000     -5.884909637715642E-002
   12.00000     -5.580264388461207E-002
   13.00000     -5.454889519988761E-002
   14.00000     -5.047940514048455E-002
   15.00000     -4.665744064971036E-002
   16.00000     -4.308848420016795E-002
   17.00000     -3.977028297705777E-002
   18.00000     -3.669544546107636E-002
   19.00000     -3.385330356852007E-002
   20.00000     -3.123124047122259E-002
   21.00000     -2.881562928137483E-002
   22.00000     -2.744922688917474E-002
   23.00000     -2.659248773617963E-002
   24.00000     -2.454793005843129E-002
   25.00000     -2.266846399252105E-002
   26.00000     -2.094118639560287E-002
   27.00000     -1.935389815967119E-002
   28.00000     -1.789516546812185E-002
   29.00000     -1.655434255179669E-002
   30.00000     -1.532156797311565E-002
   31.00000     -1.418774312886766E-002
   32.00000     -1.314449926532279E-002
   33.00000     -1.218415753512151E-002
   34.00000     -1.129968532643115E-002
   35.00000     -1.048465113976724E-002
   36.00000     -9.733179587295476E-003
   37.00000     -9.039907577360314E-003
   38.00000     -8.399942374548023E-003
   39.00000     -7.808821956539345E-003
   40.00000     -7.262477896422523E-003
   41.00000     -6.757200863003427E-003
   42.00000     -6.289608737088804E-003
   43.00000     -5.856617277647148E-003
   44.00000     -5.455413229934697E-003
   45.00000     -5.083429741986476E-003
   46.00000     -4.738323941763330E-003
   47.00000     -4.417956521351695E-003
   48.00000     -4.120373174439767E-003
   49.00000     -3.843787737013756E-003
   50.00000     -3.586566887487321E-003
   51.00000     -3.347216270325018E-003
   52.00000     -3.124367915941777E-003
   53.00000     -2.916768838758272E-003
   54.00000     -2.723270704416823E-003
   55.00000     -2.542820466076405E-003
   56.00000     -2.374451878252276E-003
   57.00000     -2.217277804747706E-003
   58.00000     -2.070483244788225E-003
   59.00000     -1.933319008488902E-003
   60.00000     -1.805095979259074E-003
   61.00000     -1.685179906689476E-003
   62.00000     -1.572986678895227E-003
   63.00000     -1.467978028231887E-003
   64.00000     -1.369657628792911E-003
   65.00000     -1.277567548166923E-003
   66.00000     -1.191285019615793E-003
   67.00000     -1.110419504161615E-003
   68.00000     -1.034610015072808E-003
   69.00000     -9.635226799468715E-004
   70.00000     -8.968485180259225E-004
   71.00000     -8.343014125774336E-004
   72.00000     -7.756162601497188E-004
   73.00000     -7.205472802904130E-004
   74.00000     -6.688664709174710E-004
   75.00000     -6.203621959721601E-004
   76.00000     -5.748378932798493E-004
   77.00000     -5.321108917104730E-004
   78.00000     -4.920113277808319E-004
   79.00000     -4.543811527855104E-004
   80.00000     -4.190732223955338E-004
   81.00000     -3.859504614303788E-004
   82.00000     -3.548850972017035E-004
   83.00000     -3.257579554511058E-004
   84.00000     -2.984578134688200E-004
   85.00000     -2.728808054904674E-004
   86.00000     -2.489298759314394E-004
   87.00000     -2.265142764386506E-004
   88.00000     -2.055491031219751E-004
   89.00000     -1.859548706780907E-004
   90.00000     -1.676571204418345E-004
   91.00000     -1.505860596997867E-004
   92.00000     -1.346762298826441E-004
   93.00000     -1.198662015226908E-004
   94.00000     -1.060982941272308E-004
   95.00000     -9.331831938730670E-005
   96.00000     -8.147534642507941E-005
   97.00000     -7.052148810017838E-005
   98.00000     -6.041170777083063E-005
   99.00000     -5.110364637948054E-005
   100.0000     -4.255747036964945E-005
   101.0000     -3.473574184910709E-005
   102.0000     -2.760331378283438E-005
   103.0000     -2.112725517018609E-005
   104.0000     -1.527681478570938E-005
   105.0000     -1.002343845054751E-005
   106.0000     -5.340866752723951E-006
   107.0000     -1.205364137562168E-006
