  0.0000000E+00 -8.889275074530208E-002
   1.000000     -8.768493710146866E-002
   2.000000     -8.749336564574853E-002
   3.000000     -8.487835178175304E-002
   4.000000     -8.277948194766716E-002
   5.000000     -8.114431725212289E-002
   6.000000     -7.683604948827144E-002
   7.000000     -7.275809544716222E-002
   8.000000     -7.224395740928126E-002
   9.000000     -6.756793237678149E-002
   10.00000     -6.294313679459218E-002
   11.00000     -5.845881309345888E-002
   12.00000     -5.519080476053465E-002
   13.00000     -5.417138582075304E-002
   14.00000     -5.011405328563155E-002
   15.00000     -4.630366811705193E-002
   16.00000     -4.274574921540177E-002
   17.00000     -3.943807708785892E-002
   18.00000     -3.637329100852017E-002
   19.00000     -3.354075139127237E-002
   20.00000     -3.092786781283064E-002
   21.00000     -2.852103786079729E-002
   22.00000     -2.681084784309017E-002
   23.00000     -2.630630195353011E-002
   24.00000     -2.426979584623315E-002
   25.00000     -2.239804655170427E-002
   26.00000     -2.067816942013123E-002
   27.00000     -1.909798246407125E-002
   28.00000     -1.764606784999381E-002
   29.00000     -1.631179474679045E-002
   30.00000     -1.508531569201781E-002
   31.00000     -1.395754516925391E-002
   32.00000     -1.292012669116896E-002
   33.00000     -1.196539291845773E-002
   34.00000     -1.108632204571817E-002
   35.00000     -1.027649273019509E-002
   36.00000     -9.530039138669118E-003
   37.00000     -8.841607175650683E-003
   38.00000     -8.206312583556386E-003
   39.00000     -7.619701336454435E-003
   40.00000     -7.077712556344909E-003
   41.00000     -6.576644044778750E-003
   42.00000     -6.113120428029641E-003
   43.00000     -5.684063849938092E-003
   44.00000     -5.286667104709019E-003
   45.00000     -4.918369076236271E-003
   46.00000     -4.576832336402747E-003
   47.00000     -4.259922748894850E-003
   48.00000     -3.965690924882815E-003
   49.00000     -3.692355380627478E-003
   50.00000     -3.438287253330993E-003
   51.00000     -3.201996439388898E-003
   52.00000     -2.982119027911267E-003
   53.00000     -2.777405911472581E-003
   54.00000     -2.586712465166318E-003
   55.00000     -2.408989193949227E-003
   56.00000     -2.243273256800354E-003
   57.00000     -2.088680784298005E-003
   58.00000     -1.944399913775814E-003
   59.00000     -1.809684473235497E-003
   60.00000     -1.683848251664467E-003
   61.00000     -1.566259799344195E-003
   62.00000     -1.456337707160968E-003
   63.00000     -1.353546318872804E-003
   64.00000     -1.257391834775364E-003
   65.00000     -1.167418769278697E-003
   66.00000     -1.083206728588299E-003
   67.00000     -1.004367478010351E-003
   68.00000     -9.305422714032808E-004
   69.00000     -8.613994180049684E-004
   70.00000     -7.966320643044405E-004
   71.00000     -7.359561708243584E-004
   72.00000     -6.791086656590939E-004
   73.00000     -6.258457583947384E-004
   74.00000     -5.759413996411923E-004
   75.00000     -5.291858728508755E-004
   76.00000     -4.853845063996333E-004
   77.00000     -4.443564950785040E-004
   78.00000     -4.059338212027564E-004
   79.00000     -3.699602665008265E-004
   80.00000     -3.362905068104544E-004
   81.00000     -3.047892823940700E-004
   82.00000     -2.753306373998101E-004
   83.00000     -2.477972226481585E-004
   84.00000     -2.220796565264558E-004
   85.00000     -1.980759393345198E-004
   86.00000     -1.756909169546296E-004
   87.00000     -1.548357902303980E-004
   88.00000     -1.354276669473147E-004
   89.00000     -1.173891538314002E-004
   90.00000     -1.006479865502843E-004
   91.00000     -8.513669635192376E-005
   92.00000     -7.079231277136306E-005
   93.00000     -5.755610287234500E-005
   94.00000     -4.537334892658733E-005
   95.00000     -3.419316854283456E-005
   96.00000     -2.396838452547551E-005
   97.00000     -1.465545707559397E-005
   98.00000     -6.214500124452816E-006
