  0.0000000E+00 -8.976131228739638E-002
   1.000000     -8.855049091478792E-002
   2.000000     -8.836663683702034E-002
   3.000000     -8.568342559544032E-002
   4.000000     -8.371936276344349E-002
   5.000000     -8.192007726956527E-002
   6.000000     -7.758413180732149E-002
   7.000000     -7.373712078554387E-002
   8.000000     -7.296584298086684E-002
   9.000000     -6.826495920641010E-002
   10.00000     -6.361657689249151E-002
   11.00000     -5.910984432568570E-002
   12.00000     -5.621141336926318E-002
   13.00000     -5.480110884558190E-002
   14.00000     -5.072349642509601E-002
   15.00000     -4.689379580368818E-002
   16.00000     -4.331746518237866E-002
   17.00000     -3.999222948464996E-002
   18.00000     -3.691067661842106E-002
   19.00000     -3.406211946104604E-002
   20.00000     -3.143392354384598E-002
   21.00000     -2.901244563742278E-002
   22.00000     -2.787572829820148E-002
   23.00000     -2.678368823509410E-002
   24.00000     -2.473375138060744E-002
   25.00000     -2.284912976372160E-002
   26.00000     -2.111690794197806E-002
   27.00000     -1.952487537028048E-002
   28.00000     -1.806158755442763E-002
   29.00000     -1.671638874588170E-002
   30.00000     -1.547940817109967E-002
   31.00000     -1.434153848452818E-002
   32.00000     -1.329440273833124E-002
   33.00000     -1.233031439784536E-002
   34.00000     -1.144223363286021E-002
   35.00000     -1.062372215977172E-002
   36.00000     -9.868898209114614E-003
   37.00000     -9.172392680943992E-003
   38.00000     -8.529307178126349E-003
   39.00000     -7.935174338575766E-003
   40.00000     -7.385920694906104E-003
   41.00000     -6.877832153860793E-003
   42.00000     -6.407522093335049E-003
   43.00000     -5.971902010752629E-003
   44.00000     -5.568154614755683E-003
   45.00000     -5.193709226490461E-003
   46.00000     -4.846219342676490E-003
   47.00000     -4.523542206760062E-003
   48.00000     -4.223720234290678E-003
   49.00000     -3.944964142386661E-003
   50.00000     -3.685637639432895E-003
   51.00000     -3.444243539008340E-003
   52.00000     -3.219411170766810E-003
   53.00000     -3.009884970099431E-003
   54.00000     -2.814514137534999E-003
   55.00000     -2.632243267753550E-003
   56.00000     -2.462103856639063E-003
   57.00000     -2.303206602882157E-003
   58.00000     -2.154734428210172E-003
   59.00000     -2.015936147344244E-003
   60.00000     -1.886120725259739E-003
   61.00000     -1.764652065268786E-003
   62.00000     -1.650944276874132E-003
   63.00000     -1.544457377288866E-003
   64.00000     -1.444693385009332E-003
   65.00000     -1.351192767899455E-003
   66.00000     -1.263531211928947E-003
   67.00000     -1.181316680035123E-003
   68.00000     -1.104186733581857E-003
   69.00000     -1.031806091596154E-003
   70.00000     -9.638644054026557E-004
   71.00000     -9.000742284726519E-004
   72.00000     -8.401691632815322E-004
   73.00000     -7.839021687475823E-004
   74.00000     -7.310440134258344E-004
   75.00000     -6.813818610710565E-004
   76.00000     -6.347179764789673E-004
   77.00000     -5.908685406814400E-004
   78.00000     -5.496625656195081E-004
   79.00000     -5.109408993628954E-004
   80.00000     -4.745553137945506E-004
   81.00000     -4.403676674439726E-004
   82.00000     -4.082491368432130E-004
   83.00000     -3.780795104003224E-004
   84.00000     -3.497465393457593E-004
   85.00000     -3.231453408125051E-004
   86.00000     -2.981778485666675E-004
   87.00000     -2.747523073173443E-004
   88.00000     -2.527828069065683E-004
   89.00000     -2.321888530166918E-004
   90.00000     -2.128949713369841E-004
   91.00000     -1.948303424072165E-004
   92.00000     -1.779284646060858E-004
   93.00000     -1.621268429795715E-004
   94.00000     -1.473667018112451E-004
   95.00000     -1.335927190250803E-004
   96.00000     -1.207527806844243E-004
   97.00000     -1.087977540093573E-004
   98.00000     -9.768127748251704E-005
   99.00000     -8.735956675085840E-005
   100.0000     -7.779123516208666E-005
   101.0000     -6.893712790094788E-005
   102.0000     -6.076016881707721E-005
   103.0000     -5.322521916660904E-005
   104.0000     -4.629894763181635E-005
   105.0000     -3.994971114669373E-005
   106.0000     -3.414744625767596E-005
   107.0000     -2.886357101367971E-005
   108.0000     -2.407089775179524E-005
   109.0000     -1.974355770023080E-005
   110.0000     -1.585693919642681E-005
   111.0000     -1.238764277793458E-005
   112.0000     -9.313458972867528E-006
   113.0000     -6.613379418862278E-006
   114.0000     -4.267661563692368E-006
   115.0000     -2.257988210312491E-006
   116.0000     -5.678143945985582E-007
