     0   -0.2552303328E-02
     1   -0.2464463984E-02
     2   -0.2378275431E-02
     3   -0.2293727565E-02
     4   -0.2210810238E-02
     5   -0.2129513256E-02
     6   -0.2049826376E-02
     7   -0.1971739313E-02
     8   -0.1895241735E-02
     9   -0.1820323263E-02
    10   -0.1746973475E-02
    11   -0.1675181903E-02
    12   -0.1604938038E-02
    13   -0.1536231323E-02
    14   -0.1469051163E-02
    15   -0.1403386917E-02
    16   -0.1339227908E-02
    17   -0.1276563415E-02
    18   -0.1215382682E-02
    19   -0.1155674914E-02
    20   -0.1097429282E-02
    21   -0.1040634924E-02
    22   -0.9852809466E-03
    23   -0.9313564293E-03
    24   -0.8788504254E-03
    25   -0.8277519664E-03
    26   -0.7780500657E-03
    27   -0.7297337228E-03
    28   -0.6827919281E-03
    29   -0.6372136688E-03
    30   -0.5929879350E-03
    31   -0.5501037273E-03
    32   -0.5085500653E-03
    33   -0.4683159971E-03
    34   -0.4293906108E-03
    35   -0.3917630473E-03
    36   -0.3554225157E-03
    37   -0.3203583109E-03
    38   -0.2865598347E-03
    39   -0.2540166196E-03
    40   -0.2227183588E-03
    41   -0.1926549400E-03
    42   -0.1638164877E-03
    43   -0.1361934134E-03
    44   -0.1097764768E-03
    45   -0.8455686217E-04
    46   -0.6052627224E-04
    47   -0.3767704743E-04
    48   -0.1600231778E-04
    49    0.4503799695E-05
    50    0.2384594013E-04
    51    0.4202713864E-04
    52    0.5904834269E-04
    53    0.7490771633E-04
    54    0.8959961028E-04
    55    0.1031129652E-03
    56    0.1154286844E-03
    57    0.1265149498E-03
    58    0.1363178469E-03
    59    0.1447387977E-03
    60    0.1515557410E-03
