     0   -0.3571911487E-02
     1   -0.3476961986E-02
     2   -0.3383619670E-02
     3   -0.3291873809E-02
     4   -0.3201713614E-02
     5   -0.3113128231E-02
     6   -0.3026106742E-02
     7   -0.2940638167E-02
     8   -0.2856711458E-02
     9   -0.2774315501E-02
    10   -0.2693439118E-02
    11   -0.2614071062E-02
    12   -0.2536200017E-02
    13   -0.2459814601E-02
    14   -0.2384903361E-02
    15   -0.2311454773E-02
    16   -0.2239457243E-02
    17   -0.2168899106E-02
    18   -0.2099768624E-02
    19   -0.2032053985E-02
    20   -0.1965743304E-02
    21   -0.1900824622E-02
    22   -0.1837285903E-02
    23   -0.1775115036E-02
    24   -0.1714299832E-02
    25   -0.1654828025E-02
    26   -0.1596687271E-02
    27   -0.1539865146E-02
    28   -0.1484349145E-02
    29   -0.1430126683E-02
    30   -0.1377185095E-02
    31   -0.1325511630E-02
    32   -0.1275093457E-02
    33   -0.1225917659E-02
    34   -0.1177971235E-02
    35   -0.1131241098E-02
    36   -0.1085714076E-02
    37   -0.1041376909E-02
    38   -0.9982162469E-03
    39   -0.9562186546E-03
    40   -0.9153706054E-03
    41   -0.8756584831E-03
    42   -0.8370685803E-03
    43   -0.7995870982E-03
    44   -0.7632001453E-03
    45   -0.7278937373E-03
    46   -0.6936537959E-03
    47   -0.6604661485E-03
    48   -0.6283165271E-03
    49   -0.5971905683E-03
    50   -0.5670738118E-03
    51   -0.5379517006E-03
    52   -0.5098095799E-03
    53   -0.4826326967E-03
    54   -0.4564061993E-03
    55   -0.4311151368E-03
    56   -0.4067444584E-03
    57   -0.3832790132E-03
    58   -0.3607035498E-03
    59   -0.3390027155E-03
    60   -0.3181610566E-03
    61   -0.2981630177E-03
    62   -0.2789929413E-03
    63   -0.2606350682E-03
    64   -0.2430735368E-03
    65   -0.2262923830E-03
    66   -0.2102755407E-03
    67   -0.1950068413E-03
    68   -0.1804700139E-03
    69   -0.1666486858E-03
    70   -0.1535263822E-03
    71   -0.1410865270E-03
    72   -0.1293124431E-03
    73   -0.1181873527E-03
    74   -0.1076943781E-03
    75   -0.9781654245E-04
    76   -0.8853677065E-04
    77   -0.7983789013E-04
    78   -0.7170263219E-04
    79   -0.6411363321E-04
    80   -0.5705343625E-04
    81   -0.5050449269E-04
    82   -0.4444916433E-04
    83   -0.3886972562E-04
    84   -0.3374836644E-04
    85   -0.2906719528E-04
    86   -0.2480824310E-04
    87   -0.2095346801E-04
    88   -0.1748476113E-04
    89   -0.1438395410E-04
    90   -0.1163282899E-04
    91   -0.9213131923E-05
    92   -0.7106592425E-05
    93   -0.5294952602E-05
    94   -0.3760013338E-05
    95   -0.2483712902E-05
    96   -0.1448272678E-05
    97   -0.6365009448E-06
    98   -0.3254832986E-07
    99    0.3754910836E-06
