     0   -0.3467135621E-02
     1   -0.3372891231E-02
     2   -0.3280257858E-02
     3   -0.3189224813E-02
     4   -0.3099781347E-02
     5   -0.3011916647E-02
     6   -0.2925619838E-02
     7   -0.2840879980E-02
     8   -0.2757686069E-02
     9   -0.2676027035E-02
    10   -0.2595891743E-02
    11   -0.2517268990E-02
    12   -0.2440147507E-02
    13   -0.2364515956E-02
    14   -0.2290362929E-02
    15   -0.2217676951E-02
    16   -0.2146446475E-02
    17   -0.2076659882E-02
    18   -0.2008305484E-02
    19   -0.1941371518E-02
    20   -0.1875846150E-02
    21   -0.1811717469E-02
    22   -0.1748973491E-02
    23   -0.1687602157E-02
    24   -0.1627591331E-02
    25   -0.1568928799E-02
    26   -0.1511602271E-02
    27   -0.1455599377E-02
    28   -0.1400907669E-02
    29   -0.1347514617E-02
    30   -0.1295407611E-02
    31   -0.1244573959E-02
    32   -0.1195000889E-02
    33   -0.1146675542E-02
    34   -0.1099584977E-02
    35   -0.1053716169E-02
    36   -0.1009056006E-02
    37   -0.9655912905E-03
    38   -0.9233087380E-03
    39   -0.8821949765E-03
    40   -0.8422365455E-03
    41   -0.8034198955E-03
    42   -0.7657313870E-03
    43   -0.7291572905E-03
    44   -0.6936837851E-03
    45   -0.6592969583E-03
    46   -0.6259828053E-03
    47   -0.5937272285E-03
    48   -0.5625160366E-03
    49   -0.5323349446E-03
    50   -0.5031695729E-03
    51   -0.4750054472E-03
    52   -0.4478279978E-03
    53   -0.4216225593E-03
    54   -0.3963743707E-03
    55   -0.3720685746E-03
    56   -0.3486902176E-03
    57   -0.3262242497E-03
    58   -0.3046555248E-03
    59   -0.2839688009E-03
    60   -0.2641487398E-03
    61   -0.2451799080E-03
    62   -0.2270467773E-03
    63   -0.2097337252E-03
    64   -0.1932250363E-03
    65   -0.1775049033E-03
    66   -0.1625574287E-03
    67   -0.1483666268E-03
    68   -0.1349164259E-03
    69   -0.1221906713E-03
    70   -0.1101731292E-03
    71   -0.9884749060E-04
    72   -0.8819737725E-04
    73   -0.7820634820E-04
    74   -0.6885790827E-04
    75   -0.6013551875E-04
    76   -0.5202261089E-04
    77   -0.4450260338E-04
    78   -0.3755892504E-04
    79   -0.3117504506E-04
    80   -0.2533451394E-04
    81   -0.2002102010E-04
    82   -0.1521847060E-04
    83   -0.1091110984E-04
    84   -0.7083701390E-05
    85   -0.3721820879E-05
    86   -0.8123598827E-06
    87    0.1655526167E-05
    88    0.3688384569E-05
    89    0.5283033165E-05
    90    0.6403537663E-05
