     0   -0.3593654805E-02
     1   -0.3498559649E-02
     2   -0.3405070898E-02
     3   -0.3313177815E-02
     4   -0.3222869602E-02
     5   -0.3134135399E-02
     6   -0.3046964279E-02
     7   -0.2961345252E-02
     8   -0.2877267264E-02
     9   -0.2794719193E-02
    10   -0.2713689850E-02
    11   -0.2634167982E-02
    12   -0.2556142264E-02
    13   -0.2479601304E-02
    14   -0.2404533641E-02
    15   -0.2330927743E-02
    16   -0.2258772006E-02
    17   -0.2188054756E-02
    18   -0.2118764246E-02
    19   -0.2050888656E-02
    20   -0.1984416091E-02
    21   -0.1919334582E-02
    22   -0.1855632084E-02
    23   -0.1793296476E-02
    24   -0.1732315561E-02
    25   -0.1672677063E-02
    26   -0.1614368627E-02
    27   -0.1557377819E-02
    28   -0.1501692126E-02
    29   -0.1447298952E-02
    30   -0.1394185622E-02
    31   -0.1342339375E-02
    32   -0.1291747370E-02
    33   -0.1242396680E-02
    34   -0.1194274294E-02
    35   -0.1147367114E-02
    36   -0.1101661957E-02
    37   -0.1057145553E-02
    38   -0.1013804543E-02
    39   -0.9716254804E-03
    40   -0.9305948275E-03
    41   -0.8906989579E-03
    42   -0.8519241535E-03
    43   -0.8142566048E-03
    44   -0.7776824098E-03
    45   -0.7421875734E-03
    46   -0.7077580066E-03
    47   -0.6743795261E-03
    48   -0.6420378532E-03
    49   -0.6107186135E-03
    50   -0.5804073363E-03
    51   -0.5510894536E-03
    52   -0.5227502999E-03
    53   -0.4953751115E-03
    54   -0.4689490260E-03
    55   -0.4434570815E-03
    56   -0.4188842168E-03
    57   -0.3952152701E-03
    58   -0.3724349793E-03
    59   -0.3505279812E-03
    60   -0.3294788112E-03
    61   -0.3092719033E-03
    62   -0.2898915894E-03
    63   -0.2713220995E-03
    64   -0.2535475612E-03
    65   -0.2365519999E-03
    66   -0.2203193385E-03
    67   -0.2048333973E-03
    68   -0.1900778947E-03
    69   -0.1760364465E-03
    70   -0.1626925667E-03
    71   -0.1500296673E-03
    72   -0.1380310592E-03
    73   -0.1266799521E-03
    74   -0.1159594552E-03
    75   -0.1058525779E-03
    76   -0.9634223025E-04
    77   -0.8741122398E-04
    78   -0.7904227312E-04
    79   -0.7121799514E-04
    80   -0.6392091195E-04
    81   -0.5713345109E-04
    82   -0.5083794709E-04
    83   -0.4501664283E-04
    84   -0.3965169111E-04
    85   -0.3472515637E-04
    86   -0.3021901642E-04
    87   -0.2611516450E-04
    88   -0.2239541128E-04
    89   -0.1904148722E-04
    90   -0.1603504494E-04
    91   -0.1335766182E-04
    92   -0.1099084287E-04
    93   -0.8916023689E-05
    94   -0.7114573796E-05
    95   -0.5567800234E-05
    96   -0.4256951630E-05
    97   -0.3163222884E-05
    98   -0.2267760885E-05
    99   -0.1551672050E-05
   100   -0.9960334911E-06
   101   -0.5819123994E-06
   102   -0.2904072157E-06
   103   -0.1027618934E-06
   104   -0.8548498362E-09
