     0   -0.3221850686E-02
     1   -0.3129278579E-02
     2   -0.3038326980E-02
     3   -0.2948985314E-02
     4   -0.2861242943E-02
     5   -0.2775089172E-02
     6   -0.2690513244E-02
     7   -0.2607504338E-02
     8   -0.2526051573E-02
     9   -0.2446144003E-02
    10   -0.2367770621E-02
    11   -0.2290920353E-02
    12   -0.2215582061E-02
    13   -0.2141744542E-02
    14   -0.2069396527E-02
    15   -0.1998526677E-02
    16   -0.1929123591E-02
    17   -0.1861175795E-02
    18   -0.1794671749E-02
    19   -0.1729599843E-02
    20   -0.1665948397E-02
    21   -0.1603705661E-02
    22   -0.1542859814E-02
    23   -0.1483398961E-02
    24   -0.1425311138E-02
    25   -0.1368584307E-02
    26   -0.1313206355E-02
    27   -0.1259165097E-02
    28   -0.1206448272E-02
    29   -0.1155043547E-02
    30   -0.1104938509E-02
    31   -0.1056120674E-02
    32   -0.1008577479E-02
    33   -0.9622962833E-03
    34   -0.9172643724E-03
    35   -0.8734689527E-03
    36   -0.8308971534E-03
    37   -0.7895360264E-03
    38   -0.7493725458E-03
    39   -0.7103936080E-03
    40   -0.6725860321E-03
    41   -0.6359365596E-03
    42   -0.6004318552E-03
    43   -0.5660585069E-03
    44   -0.5328030269E-03
    45   -0.5006518522E-03
    46   -0.4695913460E-03
    47   -0.4396077984E-03
    48   -0.4106874286E-03
    49   -0.3828163863E-03
    50   -0.3559807544E-03
    51   -0.3301665515E-03
    52   -0.3053597354E-03
    53   -0.2815462068E-03
    54   -0.2587118145E-03
    55   -0.2368423607E-03
    56   -0.2159236080E-03
    57   -0.1959412875E-03
    58   -0.1768811087E-03
    59   -0.1587287716E-03
    60   -0.1414699810E-03
    61   -0.1250904647E-03
    62   -0.1095759950E-03
    63   -0.9491241662E-04
    64   -0.8108568093E-04
    65   -0.6808188963E-04
    66   -0.5588735126E-04
    67   -0.4448865476E-04
    68   -0.3387276750E-04
    69   -0.2402716825E-04
    70   -0.1494003217E-04
    71   -0.6600495692E-05
    72    0.1000950582E-05
    73    0.7871852510E-05
    74    0.1401679221E-04
    75    0.1943561658E-04
    76    0.2411994279E-04
    77    0.2804500230E-04
    78    0.3114341481E-04
