  0.0000000E+00 -7.247020035302021E-002
   1.000000     -7.189901183441728E-002
   2.000000     -7.133065819214705E-002
   3.000000     -7.076512772445616E-002
   4.000000     -7.020241706919567E-002
   5.000000     -6.964252076782637E-002
   6.000000     -6.908543335253242E-002
   7.000000     -6.853114934623275E-002
   8.000000     -6.797966326671442E-002
   9.000000     -6.743096958691044E-002
   10.00000     -6.688506286655266E-002
   11.00000     -6.634193830994903E-002
   12.00000     -6.580158446788892E-002
   13.00000     -6.526401298268883E-002
   14.00000     -6.472924793488344E-002
   15.00000     -6.419691130789164E-002
   16.00000     -6.366820127261616E-002
   17.00000     -6.314276488644238E-002
   18.00000     -6.261204190402127E-002
   19.00000     -6.210674973562311E-002
   20.00000     -6.159563848298183E-002
   21.00000     -6.101132111357277E-002
   22.00000     -6.064371548500222E-002
   23.00000     -6.008164144775028E-002
   24.00000     -5.931617462689993E-002
   25.00000     -5.913205850805592E-002
   26.00000     -5.843323277665893E-002
   27.00000     -5.755874000951006E-002
   28.00000     -5.714730647437830E-002
   29.00000     -5.665686939445698E-002
   30.00000     -5.574240660406399E-002
   31.00000     -5.481699980498699E-002
   32.00000     -5.470921924040429E-002
   33.00000     -5.388141259253513E-002
   34.00000     -5.294223401190574E-002
   35.00000     -5.200067122703927E-002
   36.00000     -5.185147856127654E-002
   37.00000     -5.105812346496308E-002
   38.00000     -5.011725245878802E-002
   39.00000     -4.917930653612410E-002
   40.00000     -4.855094440850481E-002
   41.00000     -4.824559612845793E-002
   42.00000     -4.731754630535081E-002
   43.00000     -4.639610214860301E-002
   44.00000     -4.548225124650499E-002
   45.00000     -4.477598068548839E-002
   46.00000     -4.457678638525351E-002
   47.00000     -4.368056652582895E-002
   48.00000     -4.279414624864385E-002
   49.00000     -4.191811483057472E-002
   50.00000     -4.105296684752317E-002
   51.00000     -4.048806431393650E-002
   52.00000     -4.019910322255514E-002
   53.00000     -3.935693138430907E-002
   54.00000     -3.852672546967106E-002
   55.00000     -3.770874749643871E-002
   56.00000     -3.690320777138376E-002
   57.00000     -3.611027570183451E-002
   58.00000     -3.564294697159122E-002
   59.00000     -3.533006885129357E-002
   60.00000     -3.456270598651125E-002
   61.00000     -3.380823625457145E-002
   62.00000     -3.306669864617754E-002
   63.00000     -3.233810419731266E-002
   64.00000     -3.162244074628309E-002
   65.00000     -3.091967551012717E-002
   66.00000     -3.022977590029204E-002
   67.00000     -3.019114440703983E-002
   68.00000     -2.955261111171295E-002
   69.00000     -2.888816325341451E-002
   70.00000     -2.823631151923407E-002
   71.00000     -2.759694704093738E-002
   72.00000     -2.696994999895409E-002
   73.00000     -2.635519108580903E-002
   74.00000     -2.575253267103776E-002
   75.00000     -2.516182986356021E-002
   76.00000     -2.458293162022213E-002
   77.00000     -2.407808133986763E-002
   78.00000     -2.401567319462958E-002
   79.00000     -2.345991398098893E-002
   80.00000     -2.291546998548800E-002
   81.00000     -2.238217787310506E-002
   82.00000     -2.185986644892704E-002
   83.00000     -2.134836227646723E-002
   84.00000     -2.084749027332062E-002
   85.00000     -2.035707418410101E-002
   86.00000     -1.987693700125559E-002
   87.00000     -1.940690134531863E-002
   88.00000     -1.894678980968703E-002
   89.00000     -1.849642527458488E-002
   90.00000     -1.805563120026901E-002
   91.00000     -1.762423197437184E-002
   92.00000     -1.724361556172607E-002
   93.00000     -1.720204755661273E-002
   94.00000     -1.678891856973120E-002
   95.00000     -1.638466024478367E-002
   96.00000     -1.598910585560284E-002
   97.00000     -1.560208680205024E-002
   98.00000     -1.522343628110277E-002
   99.00000     -1.485298945732174E-002
   100.0000     -1.449058357038140E-002
   101.0000     -1.413605802300412E-002
   102.0000     -1.378925445546821E-002
   103.0000     -1.345001680874236E-002
   104.0000     -1.311819137745858E-002
   105.0000     -1.279362685367292E-002
   106.0000     -1.247617436223549E-002
   107.0000     -1.216568748851358E-002
   108.0000     -1.186202229914885E-002
   109.0000     -1.156503735648065E-002
   110.0000     -1.127459372722725E-002
   111.0000     -1.099055498601667E-002
   112.0000     -1.071278721441852E-002
   113.0000     -1.044115899653108E-002
   114.0000     -1.017554141436314E-002
   115.0000     -9.915808065734829E-003
   116.0000     -9.661836250311980E-003
   117.0000     -9.621936258070576E-003
   118.0000     -9.413499573005298E-003
   119.0000     -9.170684590610472E-003
   120.0000     -8.933272251769753E-003
   121.0000     -8.701148291120623E-003
   122.0000     -8.474200706363181E-003
   123.0000     -8.252319796891640E-003
   124.0000     -8.035398141425221E-003
   125.0000     -7.823330568058336E-003
   126.0000     -7.616014121958722E-003
   127.0000     -7.413348031816754E-003
   128.0000     -7.215233675431313E-003
   129.0000     -7.021574544641893E-003
   130.0000     -6.832276209756408E-003
   131.0000     -6.647246283594681E-003
   132.0000     -6.466394385249052E-003
   133.0000     -6.289632103657964E-003
   134.0000     -6.116872961074538E-003
   135.0000     -5.948032376503747E-003
   136.0000     -5.783027629177453E-003
   137.0000     -5.621777822128218E-003
   138.0000     -5.464203845917139E-003
   139.0000     -5.310228342565521E-003
   140.0000     -5.159775669735800E-003
   141.0000     -5.012771865201320E-003
   142.0000     -4.869144611640520E-003
   143.0000     -4.728823201790693E-003
   144.0000     -4.591738503984228E-003
   145.0000     -4.457822928099731E-003
   146.0000     -4.327010391942018E-003
   147.0000     -4.199236288079012E-003
   148.0000     -4.074437451144347E-003
   149.0000     -3.952552125626653E-003
   150.0000     -3.833519934151752E-003
   151.0000     -3.717281846274202E-003
   152.0000     -3.603780147780688E-003
   153.0000     -3.492958410517256E-003
   154.0000     -3.384761462741046E-003
   155.0000     -3.279135360004320E-003
   156.0000     -3.176027356569506E-003
   157.0000     -3.075385877361587E-003
   158.0000     -2.977160490451942E-003
   159.0000     -2.881301880079145E-003
   160.0000     -2.787761820201527E-003
   161.0000     -2.696493148580458E-003
   162.0000     -2.607449741391061E-003
   163.0000     -2.520586488358398E-003
   164.0000     -2.435859268412570E-003
   165.0000     -2.353224925859999E-003
   166.0000     -2.272641247065739E-003
   167.0000     -2.194066937640837E-003
   168.0000     -2.117461600129179E-003
   169.0000     -2.042785712189022E-003
   170.0000     -1.970000605261160E-003
   171.0000     -1.899068443720100E-003
   172.0000     -1.829952204499177E-003
   173.0000     -1.762615657185390E-003
   174.0000     -1.697023344578473E-003
   175.0000     -1.633140563706864E-003
   176.0000     -1.570933347301123E-003
   177.0000     -1.510368445722498E-003
   178.0000     -1.451413309363313E-003
   179.0000     -1.394036071562822E-003
   180.0000     -1.338205532198492E-003
   181.0000     -1.283891142590368E-003
   182.0000     -1.231062995257377E-003
   183.0000     -1.179691858813962E-003
   184.0000     -1.141005419545399E-003
   185.0000     -1.129747883686248E-003
   186.0000     -1.081205558434634E-003
   187.0000     -1.034035278471475E-003
   188.0000     -9.882105604548930E-004
   189.0000     -9.437049988156950E-004
   190.0000     -9.004926999363902E-004
   191.0000     -8.585482855957730E-004
   192.0000     -8.178468831864417E-004
   193.0000     -7.783641142676910E-004
   194.0000     -7.400760829897512E-004
   195.0000     -7.029593647256060E-004
   196.0000     -6.669909950049991E-004
   197.0000     -6.321484587874435E-004
   198.0000     -5.984096800883737E-004
   199.0000     -5.657530119699418E-004
   200.0000     -5.341572269040910E-004
   201.0000     -5.036015075180089E-004
   202.0000     -4.740654377325880E-004
   203.0000     -4.455289943082703E-004
   204.0000     -4.179725388145152E-004
   205.0000     -3.913768100437455E-004
   206.0000     -3.657229168954608E-004
   207.0000     -3.409923317616182E-004
   208.0000     -3.171668844511464E-004
   209.0000     -2.942287567005430E-004
   210.0000     -2.721604773273918E-004
   211.0000     -2.509449180967259E-004
   212.0000     -2.305652903864358E-004
   213.0000     -2.110051427570443E-004
   214.0000     -1.922483595580414E-004
   215.0000     -1.742791607337019E-004
   216.0000     -1.570821030339409E-004
   217.0000     -1.406420828889643E-004
   218.0000     -1.249443412773356E-004
   219.0000     -1.099744710102782E-004
   220.0000     -9.571842698129668E-005
   221.0000     -8.216254009977823E-005
   222.0000     -6.929353586391738E-005
   223.0000     -5.709855885738151E-005
   224.0000     -4.556520492609767E-005
   225.0000     -3.468156347663571E-005
   226.0000     -2.443627335836898E-005
   227.0000     -1.481859734912643E-005
   228.0000     -5.818522708878968E-006
