  0.0000000E+00 -7.325174187985217E-002
   1.000000     -7.267902460790127E-002
   2.000000     -7.210913981343815E-002
   3.000000     -7.154207578367140E-002
   4.000000     -7.097782915051801E-002
   5.000000     -7.041639444819768E-002
   6.000000     -6.985776620161045E-002
   7.000000     -6.930193892660773E-002
   8.000000     -6.874890713278907E-002
   9.000000     -6.819866528027645E-002
   10.00000     -6.765120800449147E-002
   11.00000     -6.710653012854287E-002
   12.00000     -6.656462017441597E-002
   13.00000     -6.602549852392928E-002
   14.00000     -6.548914641816289E-002
   15.00000     -6.495524817537587E-002
   16.00000     -6.442528966669449E-002
   17.00000     -6.389721539280130E-002
   18.00000     -6.336582426603996E-002
   19.00000     -6.286365015249787E-002
   20.00000     -6.233525681452614E-002
   21.00000     -6.176605169396327E-002
   22.00000     -6.141220148277153E-002
   23.00000     -6.078438858885001E-002
   24.00000     -6.006428836998606E-002
   25.00000     -5.991868699957990E-002
   26.00000     -5.911158212369446E-002
   27.00000     -5.823036286936313E-002
   28.00000     -5.801081354593401E-002
   29.00000     -5.732040756055792E-002
   30.00000     -5.639923621319902E-002
   31.00000     -5.558789376563098E-002
   32.00000     -5.546533388587638E-002
   33.00000     -5.452590665289254E-002
   34.00000     -5.358080572022111E-002
   35.00000     -5.273887445714699E-002
   36.00000     -5.263281477955035E-002
   37.00000     -5.168523055901048E-002
   38.00000     -5.073877883259940E-002
   39.00000     -4.979536810537772E-002
   40.00000     -4.944762323019036E-002
   41.00000     -4.885626325669865E-002
   42.00000     -4.792287867784299E-002
   43.00000     -4.699619694840425E-002
   44.00000     -4.607718986904907E-002
   45.00000     -4.568252299733595E-002
   46.00000     -4.516664534321686E-002
   47.00000     -4.426538420533228E-002
   48.00000     -4.337400741909440E-002
   49.00000     -4.249308531404124E-002
   50.00000     -4.162311805094111E-002
   51.00000     -4.140447834311436E-002
   52.00000     -4.076448422335174E-002
   53.00000     -3.991760048906100E-002
   54.00000     -3.908274615965827E-002
   55.00000     -3.826017735324570E-002
   56.00000     -3.745010315600075E-002
   57.00000     -3.665270707552761E-002
   58.00000     -3.656927945893842E-002
   59.00000     -3.586805996297951E-002
   60.00000     -3.509632091927548E-002
   61.00000     -3.433752876573672E-002
   62.00000     -3.359171947078136E-002
   63.00000     -3.285890299598140E-002
   64.00000     -3.213906630041896E-002
   65.00000     -3.143217681993642E-002
   66.00000     -3.112753660588928E-002
   67.00000     -3.073817332799037E-002
   68.00000     -3.005699968506445E-002
   69.00000     -2.938856388098653E-002
   70.00000     -2.873276882995960E-002
   71.00000     -2.808950464203958E-002
   72.00000     -2.745865068806222E-002
   73.00000     -2.684007689603456E-002
   74.00000     -2.623364490772046E-002
   75.00000     -2.563920922287219E-002
   76.00000     -2.505662980004845E-002
   77.00000     -2.502457178316187E-002
   78.00000     -2.448571054380086E-002
   79.00000     -2.392633020893819E-002
   80.00000     -2.337830810150879E-002
   81.00000     -2.284147510842359E-002
   82.00000     -2.231565927986701E-002
   83.00000     -2.180068652192606E-002
   84.00000     -2.129638111896414E-002
   85.00000     -2.080256619659453E-002
   86.00000     -2.031906414024153E-002
   87.00000     -1.984569697527768E-002
   88.00000     -1.938228671442606E-002
   89.00000     -1.892865568760023E-002
   90.00000     -1.848462701886120E-002
   91.00000     -1.820039330126505E-002
   92.00000     -1.805002169438328E-002
   93.00000     -1.762466977711136E-002
   94.00000     -1.720839352713257E-002
   95.00000     -1.680102111271285E-002
   96.00000     -1.640238163495827E-002
   97.00000     -1.601230589840644E-002
   98.00000     -1.563062657328212E-002
   99.00000     -1.525717831431893E-002
   100.0000     -1.489179786092931E-002
   101.0000     -1.453432412327142E-002
   102.0000     -1.418459825605900E-002
   103.0000     -1.384246372133363E-002
   104.0000     -1.350776634119542E-002
   105.0000     -1.318035434137683E-002
   106.0000     -1.286007838645984E-002
   107.0000     -1.254679160748234E-002
   108.0000     -1.224034962263527E-002
   109.0000     -1.194061055175644E-002
   110.0000     -1.164743502545511E-002
   111.0000     -1.136068619041314E-002
   112.0000     -1.108022971687525E-002
   113.0000     -1.080593386912652E-002
   114.0000     -1.058913698279803E-002
   115.0000     -1.053766720578717E-002
   116.0000     -1.027530778777716E-002
   117.0000     -1.001872716073739E-002
   118.0000     -9.767804396947709E-003
   119.0000     -9.522420016549939E-003
   120.0000     -9.282456903909178E-003
   121.0000     -9.047800310894354E-003
   122.0000     -8.818337833864660E-003
   123.0000     -8.593959385518428E-003
   124.0000     -8.374557164526696E-003
   125.0000     -8.160025623714741E-003
   126.0000     -7.950261437124594E-003
   127.0000     -7.745163466174085E-003
   128.0000     -7.544632725068418E-003
   129.0000     -7.348572345607256E-003
   130.0000     -7.156887541508193E-003
   131.0000     -6.969485572355473E-003
   132.0000     -6.786275707274768E-003
   133.0000     -6.607169188422517E-003
   134.0000     -6.432079194374253E-003
   135.0000     -6.260920803481569E-003
   136.0000     -6.093610957271615E-003
   137.0000     -5.930068423943342E-003
   138.0000     -5.770213762020852E-003
   139.0000     -5.613969284210353E-003
   140.0000     -5.461259021508041E-003
   141.0000     -5.312008687595106E-003
   142.0000     -5.166145643561590E-003
   143.0000     -5.023598862985083E-003
   144.0000     -4.884298897396794E-003
   145.0000     -4.748177842158464E-003
   146.0000     -4.615169302771846E-003
   147.0000     -4.485208361641227E-003
   148.0000     -4.358231545304880E-003
   149.0000     -4.234176792148763E-003
   150.0000     -4.112983420616899E-003
   151.0000     -3.994592097926686E-003
   152.0000     -3.878944809297334E-003
   153.0000     -3.765984827700390E-003
   154.0000     -3.655656684133389E-003
   155.0000     -3.547906138425701E-003
   156.0000     -3.442680150571943E-003
   157.0000     -3.339926852603371E-003
   158.0000     -3.239595520988038E-003
   159.0000     -3.141636549566658E-003
   160.0000     -3.046001423018285E-003
   161.0000     -2.952642690857773E-003
   162.0000     -2.861513941958956E-003
   163.0000     -2.772569779606960E-003
   164.0000     -2.685765797078461E-003
   165.0000     -2.601058553759848E-003
   166.0000     -2.518405551830946E-003
   167.0000     -2.437765213609546E-003
   168.0000     -2.359096859897195E-003
   169.0000     -2.282360690913668E-003
   170.0000     -2.207517781883681E-003
   171.0000     -2.134530545673546E-003
   172.0000     -2.118772724987621E-003
   173.0000     -2.063359479350769E-003
   174.0000     -1.993970803999210E-003
   175.0000     -1.926327577447980E-003
   176.0000     -1.860394880240270E-003
   177.0000     -1.796138469457510E-003
   178.0000     -1.733524810767837E-003
   179.0000     -1.672521066352318E-003
   180.0000     -1.613095078775998E-003
   181.0000     -1.555215354359238E-003
   182.0000     -1.498851046690865E-003
   183.0000     -1.443971940442596E-003
   184.0000     -1.390548435530852E-003
   185.0000     -1.338551531638102E-003
   186.0000     -1.287952813095470E-003
   187.0000     -1.238724434122134E-003
   188.0000     -1.190839104416486E-003
   189.0000     -1.144270075093250E-003
   190.0000     -1.098991124958728E-003
   191.0000     -1.054976547119177E-003
   192.0000     -1.012201135913958E-003
   193.0000     -9.706401741678639E-004
   194.0000     -9.302694207563882E-004
   195.0000     -8.910650984759632E-004
   196.0000     -8.530038822150483E-004
   197.0000     -8.160628874183373E-004
   198.0000     -7.802196588391103E-004
   199.0000     -7.454521595742210E-004
   200.0000     -7.117387603751313E-004
   201.0000     -6.790582292316743E-004
   202.0000     -6.473897212218172E-004
   203.0000     -6.167127686238981E-004
   204.0000     -5.870072712868889E-004
   205.0000     -5.582534872540286E-004
   206.0000     -5.304320236374540E-004
   207.0000     -5.035238277393085E-004
   208.0000     -4.775101784176765E-004
   209.0000     -4.523726776945519E-004
   210.0000     -4.280932426046037E-004
   211.0000     -4.046540972836552E-004
   212.0000     -3.820377652969056E-004
   213.0000     -3.602270622073815E-004
   214.0000     -3.392050883869269E-004
   215.0000     -3.189552220724355E-004
   216.0000     -2.994611126719460E-004
   217.0000     -2.807066743266543E-004
   218.0000     -2.626760797374799E-004
   219.0000     -2.453537542664998E-004
   220.0000     -2.287243703270778E-004
   221.0000     -2.127728420799763E-004
   222.0000     -1.974843204569857E-004
   223.0000     -1.828441885395122E-004
   224.0000     -1.688380573254726E-004
   225.0000     -1.554517619273713E-004
   226.0000     -1.426713582542500E-004
   227.0000     -1.304831202443528E-004
   228.0000     -1.188735377324008E-004
   229.0000     -1.078293150582336E-004
   230.0000     -9.733737055334478E-005
   231.0000     -8.738483708055314E-005
   232.0000     -7.795906385506066E-005
   233.0000     -6.904761984613130E-005
   234.0000     -6.063829915646940E-005
   235.0000     -5.271912891343865E-005
   236.0000     -4.527838040041217E-005
   237.0000     -3.830458443781727E-005
   238.0000     -3.178655243911219E-005
   239.0000     -2.571340519647320E-005
   240.0000     -2.007461242909799E-005
   241.0000     -1.486004769620164E-005
   242.0000     -1.006006588511874E-005
   243.0000     -5.665615005528299E-006
   244.0000     -1.668402263091464E-006
