  0.0000000E+00 -7.340011720917751E-002
   1.000000     -7.282711041943243E-002
   2.000000     -7.225693516869995E-002
   3.000000     -7.168958047149038E-002
   4.000000     -7.112504271550153E-002
   5.000000     -7.056331643360876E-002
   6.000000     -7.000439614936180E-002
   7.000000     -6.944827637730570E-002
   8.000000     -6.889495162543861E-002
   9.000000     -6.834441635198102E-002
   10.00000     -6.779666520639178E-002
   11.00000     -6.725169292420968E-002
   12.00000     -6.670948812795700E-002
   13.00000     -6.617007261411492E-002
   14.00000     -6.563341875293831E-002
   15.00000     -6.509922986933446E-002
   16.00000     -6.456902579736550E-002
   17.00000     -6.404043130151824E-002
   18.00000     -6.350905518717159E-002
   19.00000     -6.300718939487993E-002
   20.00000     -6.247547412618132E-002
   21.00000     -6.191083862456816E-002
   22.00000     -6.155617357196878E-002
   23.00000     -6.091754216817474E-002
   24.00000     -6.021567699384021E-002
   25.00000     -6.005841071619612E-002
   26.00000     -5.924026738460889E-002
   27.00000     -5.835816098572862E-002
   28.00000     -5.817433855558167E-002
   29.00000     -5.744630804168156E-002
   30.00000     -5.652388574943052E-002
   31.00000     -5.575396145099504E-002
   32.00000     -5.558905337848804E-002
   33.00000     -5.464821523723503E-002
   34.00000     -5.370199314842011E-002
   35.00000     -5.290704938714429E-002
   36.00000     -5.275301616138302E-002
   37.00000     -5.180424216682319E-002
   38.00000     -5.085673233733463E-002
   39.00000     -4.991228925762588E-002
   40.00000     -4.961779211035464E-002
   41.00000     -4.897215422163475E-002
   42.00000     -4.803775963373334E-002
   43.00000     -4.711008424489452E-002
   44.00000     -4.619009954384139E-002
   45.00000     -4.585456882192496E-002
   46.00000     -4.527858790882845E-002
   47.00000     -4.437637260900228E-002
   48.00000     -4.348405536983241E-002
   49.00000     -4.260220529525650E-002
   50.00000     -4.173132838054107E-002
   51.00000     -4.157839279198797E-002
   52.00000     -4.087178382368189E-002
   53.00000     -4.002400660740311E-002
   54.00000     -3.918827023299971E-002
   55.00000     -3.836483029246500E-002
   56.00000     -3.755389570025523E-002
   57.00000     -3.675578745495663E-002
   58.00000     -3.674494603031163E-002
   59.00000     -3.597016247387413E-002
   60.00000     -3.519759331255983E-002
   61.00000     -3.443798096636778E-002
   62.00000     -3.369136109687468E-002
   63.00000     -3.295774347438198E-002
   64.00000     -3.223711444024662E-002
   65.00000     -3.152944352416352E-002
   66.00000     -3.130524187719155E-002
   67.00000     -3.083466540359396E-002
   68.00000     -3.015272622224027E-002
   69.00000     -2.948353373701824E-002
   70.00000     -2.882699044952935E-002
   71.00000     -2.818298630153432E-002
   72.00000     -2.755140051343885E-002
   73.00000     -2.693210286978885E-002
   74.00000     -2.632495487850887E-002
   75.00000     -2.572981096563836E-002
   76.00000     -2.520422299558315E-002
   77.00000     -2.514651008063182E-002
   78.00000     -2.457491818736795E-002
   79.00000     -2.401485174638744E-002
   80.00000     -2.346615077116563E-002
   81.00000     -2.292864596733511E-002
   82.00000     -2.240216525495611E-002
   83.00000     -2.188653441742456E-002
   84.00000     -2.138157761968352E-002
   85.00000     -2.088711787037790E-002
   86.00000     -2.040297744024831E-002
   87.00000     -1.992897824250179E-002
   88.00000     -1.946494218168692E-002
   89.00000     -1.901069149408321E-002
   90.00000     -1.856604948423067E-002
   91.00000     -1.838197265267690E-002
   92.00000     -1.813083651388360E-002
   93.00000     -1.770488216135456E-002
   94.00000     -1.728800960536628E-002
   95.00000     -1.688004650432617E-002
   96.00000     -1.648082184165843E-002
   97.00000     -1.609016632031850E-002
   98.00000     -1.570791251267121E-002
   99.00000     -1.533389497756067E-002
   100.0000     -1.496795036004961E-002
   101.0000     -1.460991747733301E-002
   102.0000     -1.425963739247164E-002
   103.0000     -1.391695347711514E-002
   104.0000     -1.358171146419555E-002
   105.0000     -1.325375949147203E-002
   106.0000     -1.293294813672591E-002
   107.0000     -1.261913044535672E-002
   108.0000     -1.231216195109889E-002
   109.0000     -1.201190069061085E-002
   110.0000     -1.171820721296902E-002
   111.0000     -1.143094458658649E-002
   112.0000     -1.114997841763329E-002
   113.0000     -1.087517718098077E-002
   114.0000     -1.077269276844032E-002
   115.0000     -1.060640929435790E-002
   116.0000     -1.034355098049709E-002
   117.0000     -1.008647609969721E-002
   118.0000     -9.835062798280864E-003
   119.0000     -9.589191497512542E-003
   120.0000     -9.348745003487847E-003
   121.0000     -9.113608493573934E-003
   122.0000     -8.883669491174744E-003
   123.0000     -8.658817837070523E-003
   124.0000     -8.438945658886608E-003
   125.0000     -8.223947339203612E-003
   126.0000     -8.013719482583365E-003
   127.0000     -7.808160881699409E-003
   128.0000     -7.607172482729747E-003
   129.0000     -7.410657350145171E-003
   130.0000     -7.218520631016155E-003
   131.0000     -7.030669518947048E-003
   132.0000     -6.847013217735065E-003
   133.0000     -6.667462904846204E-003
   134.0000     -6.491931694788601E-003
   135.0000     -6.320334602457255E-003
   136.0000     -6.152588506519688E-003
   137.0000     -5.988612112899222E-003
   138.0000     -5.828325918415492E-003
   139.0000     -5.671652174629734E-003
   140.0000     -5.518514851939087E-003
   141.0000     -5.368839603960833E-003
   142.0000     -5.222553732243153E-003
   143.0000     -5.079586151333637E-003
   144.0000     -4.939867354231860E-003
   145.0000     -4.803329378256041E-003
   146.0000     -4.669905771340414E-003
   147.0000     -4.539531558787809E-003
   148.0000     -4.412143210487935E-003
   149.0000     -4.287678608621238E-003
   150.0000     -4.166077015858364E-003
   151.0000     -4.047279044063280E-003
   152.0000     -3.931226623511609E-003
   153.0000     -3.817862972630680E-003
   154.0000     -3.707132568261085E-003
   155.0000     -3.598981116452146E-003
   156.0000     -3.493355523786123E-003
   157.0000     -3.390203869237169E-003
   158.0000     -3.289475376563002E-003
   159.0000     -3.191120387232082E-003
   160.0000     -3.095090333882014E-003
   161.0000     -3.001337714313374E-003
   162.0000     -2.909816066018923E-003
   163.0000     -2.820479941257106E-003
   164.0000     -2.733284882697955E-003
   165.0000     -2.648187399726475E-003
   166.0000     -2.565144945703166E-003
   167.0000     -2.484115897550809E-003
   168.0000     -2.405059547396132E-003
   169.0000     -2.327936366468356E-003
   170.0000     -2.304336547427517E-003
   171.0000     -2.252705780067682E-003
   172.0000     -2.179331771023202E-003
   173.0000     -2.107775933580653E-003
   174.0000     -2.038001791968891E-003
   175.0000     -1.969973567710314E-003
   176.0000     -1.903656226759830E-003
   177.0000     -1.839015467596107E-003
   178.0000     -1.776017704409236E-003
   179.0000     -1.714630049675379E-003
   180.0000     -1.654820296857849E-003
   181.0000     -1.596556903413916E-003
   182.0000     -1.539808974160970E-003
   183.0000     -1.484546245015326E-003
   184.0000     -1.430739067104732E-003
   185.0000     -1.378358391251503E-003
   186.0000     -1.327375752820643E-003
   187.0000     -1.277763256926223E-003
   188.0000     -1.229493563989670E-003
   189.0000     -1.182539875641865E-003
   190.0000     -1.136875920962604E-003
   191.0000     -1.092475943051300E-003
   192.0000     -1.049314685919145E-003
   193.0000     -1.007367381699004E-003
   194.0000     -9.666097381642105E-004
   195.0000     -9.270179265500023E-004
   196.0000     -8.885685696712530E-004
   197.0000     -8.512387303299073E-004
   198.0000     -8.150059000061852E-004
   199.0000     -7.798479878266738E-004
   200.0000     -7.457433098039386E-004
   201.0000     -7.126705783420563E-004
   202.0000     -6.806088920019177E-004
   203.0000     -6.495377255208511E-004
   204.0000     -6.194369200822628E-004
   205.0000     -5.902866738293204E-004
   206.0000     -5.620675326183204E-004
   207.0000     -5.347603810075012E-004
   208.0000     -5.083464334766249E-004
   209.0000     -4.828072258738482E-004
   210.0000     -4.581246070859131E-004
   211.0000     -4.342807309288936E-004
   212.0000     -4.112580482561798E-004
   213.0000     -3.890392992816972E-004
   214.0000     -3.676075061166918E-004
   215.0000     -3.469459655179752E-004
   216.0000     -3.270382418483811E-004
   217.0000     -3.078681602482087E-004
   218.0000     -2.894198000199661E-004
   219.0000     -2.716774882277015E-004
   220.0000     -2.546257935148272E-004
   221.0000     -2.382495201451247E-004
   222.0000     -2.225337022737462E-004
   223.0000     -2.074635984567840E-004
   224.0000     -1.930246864112400E-004
   225.0000     -1.792026580395856E-004
   226.0000     -1.659834147379019E-004
   227.0000     -1.533530630105755E-004
   228.0000     -1.412979104215412E-004
   229.0000     -1.298044619190101E-004
   230.0000     -1.188594165807134E-004
   231.0000     -1.084496648394530E-004
   232.0000     -9.856228626441195E-005
   233.0000     -8.918454799552513E-005
   234.0000     -8.030390395586241E-005
   235.0000     -7.190799500475855E-005
   236.0000     -6.398465024486245E-005
   237.0000     -5.652188976642539E-005
   238.0000     -4.950792920891573E-005
   239.0000     -4.293118665761684E-005
   240.0000     -3.678029259119852E-005
   241.0000     -3.104410388799614E-005
   242.0000     -2.571172333840114E-005
   243.0000     -2.077252678975703E-005
   244.0000     -1.621620113211769E-005
   245.0000     -1.203279811498228E-005
   246.0000     -8.212812042432390E-006
   247.0000     -4.747294894720894E-006
   248.0000     -1.628032911097090E-006
