  0.0000000E+00 -7.294900831485553E-002
   1.000000     -7.237688278325330E-002
   2.000000     -7.180759051903393E-002
   3.000000     -7.124112001757163E-002
   4.000000     -7.067746784507468E-002
   5.000000     -7.011662853853548E-002
   6.000000     -6.955859662564330E-002
   7.000000     -6.900336662494833E-002
   8.000000     -6.845093304926966E-002
   9.000000     -6.790129036316962E-002
   10.00000     -6.735443317281177E-002
   11.00000     -6.681035646578579E-002
   12.00000     -6.626904866671404E-002
   13.00000     -6.573052699293935E-002
   14.00000     -6.519479018697753E-002
   15.00000     -6.466149082868163E-002
   16.00000     -6.413202359996892E-002
   17.00000     -6.360499498737604E-002
   18.00000     -6.307371314365451E-002
   19.00000     -6.257060925631146E-002
   20.00000     -6.204900106959546E-002
   21.00000     -6.147213061972343E-002
   22.00000     -6.111650329323186E-002
   23.00000     -6.051248540005733E-002
   24.00000     -5.976484257319511E-002
   25.00000     -5.962390167161794E-002
   26.00000     -5.884892994615493E-002
   27.00000     -5.797004077608408E-002
   28.00000     -5.767661918897479E-002
   29.00000     -5.706346243408199E-002
   30.00000     -5.614486273571310E-002
   31.00000     -5.525084860718081E-002
   32.00000     -5.521100558513255E-002
   33.00000     -5.427631008312094E-002
   34.00000     -5.333349979319624E-002
   35.00000     -5.239873646455252E-002
   36.00000     -5.238446561180012E-002
   37.00000     -5.144236465965555E-002
   38.00000     -5.049807311054350E-002
   39.00000     -4.955677545197389E-002
   40.00000     -4.910035407859443E-002
   41.00000     -4.861976565914523E-002
   42.00000     -4.768844378691362E-002
   43.00000     -4.676379012452386E-002
   44.00000     -4.584677862399679E-002
   45.00000     -4.533143196304072E-002
   46.00000     -4.493820615094517E-002
   47.00000     -4.403889350111245E-002
   48.00000     -4.314943606694856E-002
   49.00000     -4.227040784663810E-002
   50.00000     -4.140230469738309E-002
   51.00000     -4.104956808115441E-002
   52.00000     -4.054552136478416E-002
   53.00000     -3.970046140443058E-002
   54.00000     -3.886740717647574E-002
   55.00000     -3.804661619369354E-002
   56.00000     -3.723829796017453E-002
   57.00000     -3.644262411267898E-002
   58.00000     -3.621053147092554E-002
   59.00000     -3.565970353322343E-002
   60.00000     -3.488965875677821E-002
   61.00000     -3.413254047004997E-002
   62.00000     -3.338838540687551E-002
   63.00000     -3.265720392964300E-002
   64.00000     -3.193898332432661E-002
   65.00000     -3.123369063552348E-002
   66.00000     -3.076489740579030E-002
   67.00000     -3.054126610351665E-002
   68.00000     -2.986165558889575E-002
   69.00000     -2.919476407122551E-002
   70.00000     -2.854049605866270E-002
   71.00000     -2.789874202106424E-002
   72.00000     -2.726938163883960E-002
   73.00000     -2.665228513442659E-002
   74.00000     -2.604731442798612E-002
   75.00000     -2.545432422889972E-002
   76.00000     -2.487316388147584E-002
   77.00000     -2.465801592121940E-002
   78.00000     -2.430367051210872E-002
   79.00000     -2.374569061576265E-002
   80.00000     -2.319905404059276E-002
   81.00000     -2.266359217575989E-002
   82.00000     -2.213913334477306E-002
   83.00000     -2.162550370564638E-002
   84.00000     -2.112252778709840E-002
   85.00000     -2.063002895392130E-002
   86.00000     -2.014782982610560E-002
   87.00000     -1.967575265880350E-002
   88.00000     -1.921361968804141E-002
   89.00000     -1.876125345012860E-002
   90.00000     -1.831847711701977E-002
   91.00000     -1.788511734350976E-002
   92.00000     -1.782984325489748E-002
   93.00000     -1.746098921709184E-002
   94.00000     -1.704593018060406E-002
   95.00000     -1.663976346403590E-002
   96.00000     -1.624231846148547E-002
   97.00000     -1.585342619016526E-002
   98.00000     -1.547291952141892E-002
   99.00000     -1.510063330637700E-002
   100.0000     -1.473640447752995E-002
   101.0000     -1.438007213523614E-002
   102.0000     -1.403147762172619E-002
   103.0000     -1.369046458398907E-002
   104.0000     -1.335687902658658E-002
   105.0000     -1.303056935529277E-002
   106.0000     -1.271138641236447E-002
   107.0000     -1.239918350418371E-002
   108.0000     -1.209381642195693E-002
   109.0000     -1.179514345612922E-002
   110.0000     -1.150302540517802E-002
   111.0000     -1.121732557961221E-002
   112.0000     -1.093790980285806E-002
   113.0000     -1.066464641627678E-002
   114.0000     -1.039740637355914E-002
   115.0000     -1.021455603804677E-002
   116.0000     -1.013606126779988E-002
   117.0000     -9.880490381359712E-003
   118.0000     -9.630569320738884E-003
   119.0000     -9.386179260906969E-003
   120.0000     -9.147203266003890E-003
   121.0000     -8.913526743923343E-003
   122.0000     -8.685037441545083E-003
   123.0000     -8.461625419432522E-003
   124.0000     -8.243183022190860E-003
   125.0000     -8.029604846901994E-003
   126.0000     -7.820787710306072E-003
   127.0000     -7.616630615026930E-003
   128.0000     -7.417034715035358E-003
   129.0000     -7.221903280494974E-003
   130.0000     -7.031141662123421E-003
   131.0000     -6.844657255172573E-003
   132.0000     -6.662359463136236E-003
   133.0000     -6.484159661269770E-003
   134.0000     -6.309971160007364E-003
   135.0000     -6.139709168349284E-003
   136.0000     -5.973290757287751E-003
   137.0000     -5.810634823332479E-003
   138.0000     -5.651662052191362E-003
   139.0000     -5.496294882653427E-003
   140.0000     -5.344457470723976E-003
   141.0000     -5.196075654046122E-003
   142.0000     -5.051076916650436E-003
   143.0000     -4.909390354059127E-003
   144.0000     -4.770946638778386E-003
   145.0000     -4.635677986200315E-003
   146.0000     -4.503518120938712E-003
   147.0000     -4.374402243615403E-003
   148.0000     -4.248266998118227E-003
   149.0000     -4.125050439339991E-003
   150.0000     -4.004692001413400E-003
   151.0000     -3.887132466452309E-003
   152.0000     -3.772313933805969E-003
   153.0000     -3.660179789834613E-003
   154.0000     -3.550674678209629E-003
   155.0000     -3.443744470744156E-003
   156.0000     -3.339336238754990E-003
   157.0000     -3.237398224957512E-003
   158.0000     -3.137879815894687E-003
   159.0000     -3.040731514897958E-003
   160.0000     -2.945904915580050E-003
   161.0000     -2.853352675855857E-003
   162.0000     -2.763028492489964E-003
   163.0000     -2.674887076166093E-003
   164.0000     -2.588884127075956E-003
   165.0000     -2.504976311020785E-003
   166.0000     -2.423121236025031E-003
   167.0000     -2.343277429455986E-003
   168.0000     -2.265404315648961E-003
   169.0000     -2.189462194043226E-003
   170.0000     -2.115412217846419E-003
   171.0000     -2.043216373293612E-003
   172.0000     -1.972837459728853E-003
   173.0000     -1.904239071491600E-003
   174.0000     -1.837385587848984E-003
   175.0000     -1.772242276580856E-003
   176.0000     -1.740099194147624E-003
   177.0000     -1.708773916205753E-003
   178.0000     -1.646948866585029E-003
   179.0000     -1.586733314241990E-003
   180.0000     -1.528095361654937E-003
   181.0000     -1.471003637509811E-003
   182.0000     -1.415427405776794E-003
   183.0000     -1.361336559131419E-003
   184.0000     -1.308701605073864E-003
   185.0000     -1.257493651073178E-003
   186.0000     -1.207684389730464E-003
   187.0000     -1.159246084190373E-003
   188.0000     -1.112151553865639E-003
   189.0000     -1.066374160495406E-003
   190.0000     -1.021887794541173E-003
   191.0000     -9.786668619178682E-004
   192.0000     -9.366862710572097E-004
   193.0000     -8.959214202987226E-004
   194.0000     -8.563481856029267E-004
   195.0000     -8.179429085825694E-004
   196.0000     -7.806823848460469E-004
   197.0000     -7.445438526499778E-004
   198.0000     -7.095049818558688E-004
   199.0000     -6.755438631874887E-004
   200.0000     -6.426389977853349E-004
   201.0000     -6.107692870565501E-004
   202.0000     -5.799140228167301E-004
   203.0000     -5.500528777235006E-004
   204.0000     -5.211658960007543E-004
   205.0000     -4.932334844535146E-004
   206.0000     -4.662364037756561E-004
   207.0000     -4.401557601521819E-004
   208.0000     -4.149729971606025E-004
   209.0000     -3.906698879767672E-004
   210.0000     -3.672285278929172E-004
   211.0000     -3.446313271575433E-004
   212.0000     -3.228610041500971E-004
   213.0000     -3.019005789061147E-004
   214.0000     -2.817333670124679E-004
   215.0000     -2.623429738981593E-004
   216.0000     -2.437132895498660E-004
   217.0000     -2.258284836913468E-004
   218.0000     -2.086730014721305E-004
   219.0000     -1.922315597238558E-004
   220.0000     -1.764891438552865E-004
   221.0000     -1.614310054756921E-004
   222.0000     -1.470426608575717E-004
   223.0000     -1.333098903798780E-004
   224.0000     -1.202187391292634E-004
   225.0000     -1.077555188872685E-004
   226.0000     -9.590681179655053E-005
   227.0000     -8.465947608751603E-005
   228.0000     -7.400065436760112E-005
   229.0000     -6.391778514146195E-005
   230.0000     -5.439861846521247E-005
   231.0000     -4.543123697251001E-005
   232.0000     -3.700408400042466E-005
   233.0000     -2.910600127343517E-005
   234.0000     -2.172627972375501E-005
   235.0000     -1.485472879031205E-005
   236.0000     -8.481772414995635E-006
   237.0000     -2.598584827613546E-006
