  0.0000000E+00 -7.302258603264782E-002
   1.000000     -7.245031671531091E-002
   2.000000     -7.188088029064636E-002
   3.000000     -7.131426547694389E-002
   4.000000     -7.075046876520685E-002
   5.000000     -7.018948469175025E-002
   6.000000     -6.963130778358097E-002
   7.000000     -6.907593255858974E-002
   8.000000     -6.852335352881855E-002
   9.000000     -6.797356515768467E-002
   10.00000     -6.742656205851030E-002
   11.00000     -6.688233918075433E-002
   12.00000     -6.634088495962653E-002
   13.00000     -6.580221741243944E-002
   14.00000     -6.526633111549450E-002
   15.00000     -6.473288548354364E-002
   16.00000     -6.420329993177532E-002
   17.00000     -6.367601947720335E-002
   18.00000     -6.314469366689472E-002
   19.00000     -6.264185109426888E-002
   20.00000     -6.211859760159114E-002
   21.00000     -6.154338085664369E-002
   22.00000     -6.118860955675761E-002
   23.00000     -6.057860107086247E-002
   24.00000     -5.983635425025746E-002
   25.00000     -5.969684635628549E-002
   26.00000     -5.891277801606951E-002
   27.00000     -5.803327800240635E-002
   28.00000     -5.775789080830375E-002
   29.00000     -5.712592014473095E-002
   30.00000     -5.620669281544299E-002
   31.00000     -5.533214124925897E-002
   32.00000     -5.527345702227397E-002
   33.00000     -5.433697904571703E-002
   34.00000     -5.339361164326367E-002
   35.00000     -5.247976549656074E-002
   36.00000     -5.244647825052647E-002
   37.00000     -5.150139729386174E-002
   38.00000     -5.055658055895385E-002
   39.00000     -4.961476873463362E-002
   40.00000     -4.918476340364951E-002
   41.00000     -4.867725040611488E-002
   42.00000     -4.774542691548440E-002
   43.00000     -4.682028025844219E-002
   44.00000     -4.590278348733665E-002
   45.00000     -4.541677021390116E-002
   46.00000     -4.499373205864478E-002
   47.00000     -4.409394557608175E-002
   48.00000     -4.320402158861127E-002
   49.00000     -4.232453300590704E-002
   50.00000     -4.145597628862271E-002
   51.00000     -4.113583409416862E-002
   52.00000     -4.059874366732740E-002
   53.00000     -3.975324033785858E-002
   54.00000     -3.891974854987151E-002
   55.00000     -3.809852542393748E-002
   56.00000     -3.728978035543766E-002
   57.00000     -3.649368607205038E-002
   58.00000     -3.629773340469152E-002
   59.00000     -3.571034766173302E-002
   60.00000     -3.493989102717798E-002
   61.00000     -3.418236586556435E-002
   62.00000     -3.343780870125772E-002
   63.00000     -3.270622979779214E-002
   64.00000     -3.198761635968558E-002
   65.00000     -3.128193546359306E-002
   66.00000     -3.085304290624059E-002
   67.00000     -3.058912737792416E-002
   68.00000     -2.990913672877712E-002
   69.00000     -2.924186982911536E-002
   70.00000     -2.858723062942323E-002
   71.00000     -2.794510950952560E-002
   72.00000     -2.731538607422199E-002
   73.00000     -2.669793047418884E-002
   74.00000     -2.609260456139965E-002
   75.00000     -2.549926298954591E-002
   76.00000     -2.491775547832699E-002
   77.00000     -2.474711524427274E-002
   78.00000     -2.434791776119861E-002
   79.00000     -2.378959741510028E-002
   80.00000     -2.324262404124828E-002
   81.00000     -2.270682887954961E-002
   82.00000     -2.218204018581616E-002
   83.00000     -2.166808405660030E-002
   84.00000     -2.116478496113835E-002
   85.00000     -2.067196620602568E-002
   86.00000     -2.018945035417467E-002
   87.00000     -1.971705960478958E-002
   88.00000     -1.925461613937799E-002
   89.00000     -1.880194244286481E-002
   90.00000     -1.835886165633420E-002
   91.00000     -1.792523275630104E-002
   92.00000     -1.791987760108456E-002
   93.00000     -1.750077351982469E-002
   94.00000     -1.708541857173410E-002
   95.00000     -1.667895875383420E-002
   96.00000     -1.628122337754426E-002
   97.00000     -1.589204340745012E-002
   98.00000     -1.551125166579512E-002
   99.00000     -1.513868295587430E-002
   100.0000     -1.477417416317770E-002
   101.0000     -1.441756434176989E-002
   102.0000     -1.406869478824202E-002
   103.0000     -1.372740910456813E-002
   104.0000     -1.339355325089744E-002
   105.0000     -1.306697558917800E-002
   106.0000     -1.274752691841297E-002
   107.0000     -1.243506050229275E-002
   108.0000     -1.212943208989093E-002
   109.0000     -1.183049993008700E-002
   110.0000     -1.153812478041022E-002
   111.0000     -1.125216991122530E-002
   112.0000     -1.097250110743026E-002
   113.0000     -1.069898667888768E-002
   114.0000     -1.043149767090670E-002
   115.0000     -1.030560294626630E-002
   116.0000     -1.016990553763912E-002
   117.0000     -9.914088934833721E-003
   118.0000     -9.663924307201409E-003
   119.0000     -9.419292477753092E-003
   120.0000     -9.180076461969862E-003
   121.0000     -8.946161629050120E-003
   122.0000     -8.717435689025639E-003
   123.0000     -8.493788666366161E-003
   124.0000     -8.275112870080323E-003
   125.0000     -8.061302862069951E-003
   126.0000     -7.852255424275265E-003
   127.0000     -7.647869524881517E-003
   128.0000     -7.448046283768892E-003
   129.0000     -7.252688937347819E-003
   130.0000     -7.061702802910784E-003
   131.0000     -6.874995242605162E-003
   132.0000     -6.692475627131872E-003
   133.0000     -6.514055299258180E-003
   134.0000     -6.339647537227254E-003
   135.0000     -6.169167518138010E-003
   136.0000     -6.002532281364508E-003
   137.0000     -5.839660692074590E-003
   138.0000     -5.680473404902362E-003
   139.0000     -5.524892827826576E-003
   140.0000     -5.372843086296762E-003
   141.0000     -5.224249987650606E-003
   142.0000     -5.079040985854615E-003
   143.0000     -4.937145146603298E-003
   144.0000     -4.798493112805216E-003
   145.0000     -4.663017070477058E-003
   146.0000     -4.530650715073801E-003
   147.0000     -4.401329218269267E-003
   148.0000     -4.274989195206241E-003
   149.0000     -4.151568672229444E-003
   150.0000     -4.031007055115239E-003
   151.0000     -3.913245097804115E-003
   152.0000     -3.798224871649884E-003
   153.0000     -3.685889735188109E-003
   154.0000     -3.576184304429568E-003
   155.0000     -3.469054423683774E-003
   156.0000     -3.364447136914313E-003
   157.0000     -3.262310659627243E-003
   158.0000     -3.162594351291417E-003
   159.0000     -3.065248688293813E-003
   160.0000     -2.970225237424076E-003
   161.0000     -2.877476629888104E-003
   162.0000     -2.786956535848994E-003
   163.0000     -2.698619639488874E-003
   164.0000     -2.612421614590326E-003
   165.0000     -2.528319100633777E-003
   166.0000     -2.446269679407211E-003
   167.0000     -2.366231852126954E-003
   168.0000     -2.288165017077582E-003
   169.0000     -2.212029447790358E-003
   170.0000     -2.137786271834116E-003
   171.0000     -2.065397450481134E-003
   172.0000     -1.994825760393335E-003
   173.0000     -1.926034785049506E-003
   174.0000     -1.858989075164688E-003
   175.0000     -1.832141687246450E-003
   176.0000     -1.793652485976218E-003
   177.0000     -1.729992708532373E-003
   178.0000     -1.667975269968056E-003
   179.0000     -1.607567524898846E-003
   180.0000     -1.548737408955865E-003
   181.0000     -1.491453511401012E-003
   182.0000     -1.435685066575543E-003
   183.0000     -1.381401939380708E-003
   184.0000     -1.328574609966155E-003
   185.0000     -1.277174158479154E-003
   186.0000     -1.227172250078680E-003
   187.0000     -1.178541120271853E-003
   188.0000     -1.131253560589596E-003
   189.0000     -1.085282904605076E-003
   190.0000     -1.040603014291904E-003
   191.0000     -9.971882667180615E-004
   192.0000     -9.550135410707327E-004
   193.0000     -9.140542060060146E-004
   194.0000     -8.742861073178199E-004
   195.0000     -8.356855559217611E-004
   196.0000     -7.982293161470349E-004
   197.0000     -7.618945943326636E-004
   198.0000     -7.266590277231719E-004
   199.0000     -6.925006736588231E-004
   200.0000     -6.593979990570838E-004
   201.0000     -6.273298701814992E-004
   202.0000     -5.962755426951972E-004
   203.0000     -5.662146519964317E-004
   204.0000     -5.371272038340596E-004
   205.0000     -5.089935652027388E-004
   206.0000     -4.817944555166815E-004
   207.0000     -4.555109380627542E-004
   208.0000     -4.301244117352923E-004
   209.0000     -4.056166030549500E-004
   210.0000     -3.819695584762991E-004
   211.0000     -3.591656369904876E-004
   212.0000     -3.371875030312106E-004
   213.0000     -3.160181196942872E-004
   214.0000     -2.956407422850211E-004
   215.0000     -2.760389122101038E-004
   216.0000     -2.571964512351750E-004
   217.0000     -2.390974561350106E-004
   218.0000     -2.217262937686088E-004
   219.0000     -2.050675966203921E-004
   220.0000     -1.891062588570577E-004
   221.0000     -1.738274329634989E-004
   222.0000     -1.592165270349662E-004
   223.0000     -1.452592028234252E-004
   224.0000     -1.319413746607255E-004
   225.0000     -1.192492094141248E-004
   226.0000     -1.071691276723486E-004
   227.0000     -9.568780641776879E-005
   228.0000     -8.479218351599949E-005
   229.0000     -7.446946445843194E-005
   230.0000     -6.470713193613799E-005
   231.0000     -5.549295902401838E-005
   232.0000     -4.681502704001747E-005
   233.0000     -3.866174955940027E-005
   234.0000     -3.102190468131888E-005
   235.0000     -2.388467858435433E-005
   236.0000     -1.723972487837369E-005
   237.0000     -1.107724663844492E-005
   238.0000     -5.388111998767840E-006
   239.0000     -1.640211894888299E-007
