# system            = krb       
# reduced mass (au) = 49902.80
# rho               = 25.00
# nr                = 5000
# r0                = 5.00
# rmax              = 50.00
# kappa             = 5.0000
# alpha1            = 5.0000
# q0                = .8000
# rotational q.n.   = 25
#
#  nu    j        Energy (a.u.)       Energy (K)        Energy (1/cm)        Energy (Hz)                 <R>               <R^2>            delta(R)              <R^-2>
     0    25   -0.1893746650E-01   -0.5979971855E+04   -0.4156293478E+08   -0.1246025438E+15    0.7703592870E+01    0.5937487282E+02    0.1718421259E+00    0.1687570403E-01
     1    25   -0.1859852637E-01   -0.5872943154E+04   -0.4081904718E+08   -0.1223724249E+15    0.7727448204E+01    0.5980227903E+02    0.2980323611E+00    0.1682185838E-01
     2    25   -0.1826165056E-01   -0.5766566314E+04   -0.4007969025E+08   -0.1201558885E+15    0.7751590383E+01    0.6023580512E+02    0.3855537005E+00    0.1676739852E-01
     3    25   -0.1792685021E-01   -0.5660844850E+04   -0.3934488841E+08   -0.1179530081E+15    0.7776029155E+01    0.6067565368E+02    0.4571917094E+00    0.1671230015E-01
     4    25   -0.1759413624E-01   -0.5555782213E+04   -0.3861466565E+08   -0.1157638553E+15    0.7800773943E+01    0.6112202477E+02    0.5195677593E+00    0.1665654117E-01
     5    25   -0.1726351998E-01   -0.5451381980E+04   -0.3788904684E+08   -0.1135885048E+15    0.7825834040E+01    0.6157511931E+02    0.5757090274E+00    0.1660010120E-01
     6    25   -0.1693501339E-01   -0.5347647927E+04   -0.3716805822E+08   -0.1114270353E+15    0.7851218932E+01    0.6203514422E+02    0.6273001695E+00    0.1654296016E-01
     7    25   -0.1660862907E-01   -0.5244584030E+04   -0.3645172742E+08   -0.1092795296E+15    0.7876938561E+01    0.6250231662E+02    0.6753928654E+00    0.1648509714E-01
     8    25   -0.1628438018E-01   -0.5142194452E+04   -0.3574008338E+08   -0.1071460744E+15    0.7903003448E+01    0.6297686583E+02    0.7206957256E+00    0.1642648990E-01
     9    25   -0.1596228046E-01   -0.5040483525E+04   -0.3503315619E+08   -0.1050267601E+15    0.7929424699E+01    0.6345903372E+02    0.7637130719E+00    0.1636711487E-01
    10    25   -0.1564234413E-01   -0.4939455744E+04   -0.3433097712E+08   -0.1029216802E+15    0.7956213939E+01    0.6394907387E+02    0.8048190025E+00    0.1630694757E-01
    11    25   -0.1532458598E-01   -0.4839115773E+04   -0.3363357858E+08   -0.1008309319E+15    0.7983383232E+01    0.6444725065E+02    0.8443001996E+00    0.1624596299E-01
    12    25   -0.1500902133E-01   -0.4739468457E+04   -0.3294099423E+08   -0.9875461629E+14    0.8010945027E+01    0.6495383862E+02    0.8823822275E+00    0.1618413604E-01
    13    25   -0.1469566615E-01   -0.4640518836E+04   -0.3225325911E+08   -0.9669283828E+14    0.8038912158E+01    0.6546912278E+02    0.9192464822E+00    0.1612144156E-01
    14    25   -0.1438453707E-01   -0.4542272159E+04   -0.3157040971E+08   -0.9464570728E+14    0.8067297891E+01    0.6599339961E+02    0.9550415450E+00    0.1605785429E-01
    15    25   -0.1407565141E-01   -0.4444733896E+04   -0.3089248404E+08   -0.9261333723E+14    0.8096116012E+01    0.6652697874E+02    0.9898910373E+00    0.1599334852E-01
    16    25   -0.1376902719E-01   -0.4347909742E+04   -0.3021952167E+08   -0.9059584681E+14    0.8125380933E+01    0.6707018489E+02    0.1023899205E+01    0.1592789778E-01
    17    25   -0.1346468318E-01   -0.4251805618E+04   -0.2955156377E+08   -0.8859335941E+14    0.8155107796E+01    0.6762335983E+02    0.1057154990E+01    0.1586147441E-01
    18    25   -0.1316263885E-01   -0.4156427675E+04   -0.2888865309E+08   -0.8660600318E+14    0.8185312552E+01    0.6818686409E+02    0.1089735065E+01    0.1579404943E-01
    19    25   -0.1286291440E-01   -0.4061782292E+04   -0.2823083396E+08   -0.8463391105E+14    0.8216012021E+01    0.6876107821E+02    0.1121706147E+01    0.1572559232E-01
    20    25   -0.1256553077E-01   -0.3967876080E+04   -0.2757815233E+08   -0.8267722075E+14    0.8247223915E+01    0.6934640370E+02    0.1153126791E+01    0.1565607119E-01
    21    25   -0.1227050963E-01   -0.3874715885E+04   -0.2693065579E+08   -0.8073607494E+14    0.8278966842E+01    0.6994326355E+02    0.1184048811E+01    0.1558545284E-01
    22    25   -0.1197787345E-01   -0.3782308795E+04   -0.2628839359E+08   -0.7881062132E+14    0.8311260301E+01    0.7055210276E+02    0.1214518411E+01    0.1551370306E-01
    23    25   -0.1168764546E-01   -0.3690662155E+04   -0.2565141679E+08   -0.7690101291E+14    0.8344124685E+01    0.7117338893E+02    0.1244577104E+01    0.1544078678E-01
    24    25   -0.1139984977E-01   -0.3599783571E+04   -0.2501977826E+08   -0.7500740823E+14    0.8377581294E+01    0.7180761313E+02    0.1274262447E+01    0.1536666822E-01
    25    25   -0.1111451135E-01   -0.3509680933E+04   -0.2439353282E+08   -0.7312997165E+14    0.8411652381E+01    0.7245529127E+02    0.1303608643E+01    0.1529131098E-01
    26    25   -0.1083165611E-01   -0.3420362417E+04   -0.2377273732E+08   -0.7126887354E+14    0.8446361219E+01    0.7311696594E+02    0.1332647029E+01    0.1521467787E-01
    27    25   -0.1055131089E-01   -0.3331836503E+04   -0.2315745068E+08   -0.6942429060E+14    0.8481732204E+01    0.7379320875E+02    0.1361406470E+01    0.1513673081E-01
    28    25   -0.1027350353E-01   -0.3244111981E+04   -0.2254773400E+08   -0.6759640597E+14    0.8517790977E+01    0.7448462316E+02    0.1389913678E+01    0.1505743051E-01
    29    25   -0.9998262873E-02   -0.3157197959E+04   -0.2194365058E+08   -0.6578540946E+14    0.8554564559E+01    0.7519184753E+02    0.1418193478E+01    0.1497673616E-01
    30    25   -0.9725618797E-02   -0.3071103872E+04   -0.2134526600E+08   -0.6399149762E+14    0.8592081492E+01    0.7591555847E+02    0.1446269029E+01    0.1489460520E-01
    31    25   -0.9455602220E-02   -0.2985839482E+04   -0.2075264812E+08   -0.6221487389E+14    0.8630371980E+01    0.7665647417E+02    0.1474162016E+01    0.1481099299E-01
    32    25   -0.9188245125E-02   -0.2901414888E+04   -0.2016586712E+08   -0.6045574871E+14    0.8669468021E+01    0.7741535780E+02    0.1501892819E+01    0.1472585269E-01
    33    25   -0.8923580577E-02   -0.2817840533E+04   -0.1958499558E+08   -0.5871433964E+14    0.8709403529E+01    0.7819302095E+02    0.1529480669E+01    0.1463913514E-01
    34    25   -0.8661642749E-02   -0.2735127207E+04   -0.1901010849E+08   -0.5699087152E+14    0.8750214454E+01    0.7899032697E+02    0.1556943792E+01    0.1455078883E-01
    35    25   -0.8402466950E-02   -0.2653286060E+04   -0.1844128336E+08   -0.5528557668E+14    0.8791938897E+01    0.7980819460E+02    0.1584299538E+01    0.1446075996E-01
    36    25   -0.8146089659E-02   -0.2572328611E+04   -0.1787860025E+08   -0.5359869515E+14    0.8834617230E+01    0.8064760177E+02    0.1611564511E+01    0.1436899247E-01
    37    25   -0.7892548565E-02   -0.2492266761E+04   -0.1732214187E+08   -0.5193047489E+14    0.8878292230E+01    0.8150958980E+02    0.1638754675E+01    0.1427542808E-01
    38    25   -0.7641882610E-02   -0.2413112807E+04   -0.1677199369E+08   -0.5028117214E+14    0.8923009236E+01    0.8239526817E+02    0.1665885454E+01    0.1418000635E-01
    39    25   -0.7394132034E-02   -0.2334879455E+04   -0.1622824402E+08   -0.4865105165E+14    0.8968816330E+01    0.8330581993E+02    0.1692971817E+01    0.1408266458E-01
    40    25   -0.7149338419E-02   -0.2257579837E+04   -0.1569098414E+08   -0.4704038704E+14    0.9015764551E+01    0.8424250795E+02    0.1720028348E+01    0.1398333774E-01
    41    25   -0.6907544742E-02   -0.2181227523E+04   -0.1516030836E+08   -0.4544946107E+14    0.9063908143E+01    0.8520668197E+02    0.1747069299E+01    0.1388195828E-01
    42    25   -0.6668795410E-02   -0.2105836537E+04   -0.1463631414E+08   -0.4387856593E+14    0.9113304842E+01    0.8619978659E+02    0.1774108636E+01    0.1377845588E-01
    43    25   -0.6433136313E-02   -0.2031421368E+04   -0.1411910221E+08   -0.4232800356E+14    0.9164016189E+01    0.8722337030E+02    0.1801160067E+01    0.1367275719E-01
    44    25   -0.6200614856E-02   -0.1957996986E+04   -0.1360877660E+08   -0.4079808586E+14    0.9216107892E+01    0.8827909544E+02    0.1828237066E+01    0.1356478548E-01
    45    25   -0.5971280003E-02   -0.1885578853E+04   -0.1310544477E+08   -0.3928913502E+14    0.9269650210E+01    0.8936874938E+02    0.1855352894E+01    0.1345446032E-01
    46    25   -0.5745182312E-02   -0.1814182934E+04   -0.1260921770E+08   -0.3780148368E+14    0.9324718387E+01    0.9049425683E+02    0.1882520604E+01    0.1334169726E-01
    47    25   -0.5522373975E-02   -0.1743825709E+04   -0.1212020992E+08   -0.3633547524E+14    0.9381393116E+01    0.9165769354E+02    0.1909753059E+01    0.1322640745E-01
    48    25   -0.5302908846E-02   -0.1674524185E+04   -0.1163853964E+08   -0.3489146407E+14    0.9439761051E+01    0.9286130152E+02    0.1937062933E+01    0.1310849736E-01
    49    25   -0.5086842488E-02   -0.1606295906E+04   -0.1116432880E+08   -0.3346981572E+14    0.9499915379E+01    0.9410750600E+02    0.1964462723E+01    0.1298786844E-01
    50    25   -0.4874232197E-02   -0.1539158966E+04   -0.1069770315E+08   -0.3207090721E+14    0.9561956439E+01    0.9539893450E+02    0.1991964749E+01    0.1286441678E-01
    51    25   -0.4665137050E-02   -0.1473132019E+04   -0.1023879234E+08   -0.3069512723E+14    0.9625992424E+01    0.9673843819E+02    0.2019581157E+01    0.1273803280E-01
    52    25   -0.4459617931E-02   -0.1408234291E+04   -0.9787730015E+07   -0.2934287640E+14    0.9692140160E+01    0.9812911610E+02    0.2047323916E+01    0.1260860090E-01
    53    25   -0.4257737577E-02   -0.1344485593E+04   -0.9344653852E+07   -0.2801456747E+14    0.9760525987E+01    0.9957434254E+02    0.2075204809E+01    0.1247599909E-01
    54    25   -0.4059560607E-02   -0.1281906330E+04   -0.8909705677E+07   -0.2671062565E+14    0.9831286743E+01    0.1010777983E+03    0.2103235427E+01    0.1234009857E-01
    55    25   -0.3865153561E-02   -0.1220517513E+04   -0.8483031529E+07   -0.2543148873E+14    0.9904570887E+01    0.1026435061E+03    0.2131427139E+01    0.1220076335E-01
    56    25   -0.3674584931E-02   -0.1160340771E+04   -0.8064781732E+07   -0.2417760739E+14    0.9980539765E+01    0.1042758715E+03    0.2159791076E+01    0.1205784980E-01
    57    25   -0.3487925196E-02   -0.1101398358E+04   -0.7655110967E+07   -0.2294944533E+14    0.1005936905E+02    0.1059797293E+03    0.2188338094E+01    0.1191120611E-01
    58    25   -0.3305246845E-02   -0.1043713166E+04   -0.7254178328E+07   -0.2174747952E+14    0.1014125039E+02    0.1077603976E+03    0.2217078730E+01    0.1176067186E-01
    59    25   -0.3126624397E-02   -0.9873087246E+03   -0.6862147370E+07   -0.2057220027E+14    0.1022639327E+02    0.1096237393E+03    0.2246023150E+01    0.1160607741E-01
    60    25   -0.2952134422E-02   -0.9322092139E+03   -0.6479186141E+07   -0.1942411139E+14    0.1031502717E+02    0.1115762344E+03    0.2275181087E+01    0.1144724339E-01
    61    25   -0.2781855541E-02   -0.8784394597E+03   -0.6105467193E+07   -0.1830373017E+14    0.1040740403E+02    0.1136250636E+03    0.2304561759E+01    0.1128398004E-01
    62    25   -0.2615868417E-02   -0.8260249338E+03   -0.5741167565E+07   -0.1721158736E+14    0.1050380112E+02    0.1157782053E+03    0.2334173779E+01    0.1111608663E-01
    63    25   -0.2454255735E-02   -0.7749917456E+03   -0.5386468727E+07   -0.1614822700E+14    0.1060452431E+02    0.1180445502E+03    0.2364025034E+01    0.1094335074E-01
    64    25   -0.2297102153E-02   -0.7253666284E+03   -0.5041556482E+07   -0.1511420610E+14    0.1070991191E+02    0.1204340360E+03    0.2394122557E+01    0.1076554761E-01
    65    25   -0.2144494233E-02   -0.6771769158E+03   -0.4706620812E+07   -0.1411009422E+14    0.1082033917E+02    0.1229578060E+03    0.2424472361E+01    0.1058243941E-01
    66    25   -0.1996520334E-02   -0.6304505095E+03   -0.4381855642E+07   -0.1313647274E+14    0.1093622348E+02    0.1256283983E+03    0.2455079262E+01    0.1039377455E-01
    67    25   -0.1853270467E-02   -0.5852158332E+03   -0.4067458526E+07   -0.1219393389E+14    0.1105803059E+02    0.1284599713E+03    0.2485946668E+01    0.1019928693E-01
    68    25   -0.1714836104E-02   -0.5415017707E+03   -0.3763630219E+07   -0.1128307954E+14    0.1118628185E+02    0.1314685750E+03    0.2517076358E+01    0.9998695276E-02
    69    25   -0.1581309919E-02   -0.4993375862E+03   -0.3470574116E+07   -0.1040451945E+14    0.1132156296E+02    0.1346724783E+03    0.2548468238E+01    0.9791702546E-02
    70    25   -0.1452785463E-02   -0.4587528211E+03   -0.3188495539E+07   -0.9558869150E+13    0.1146453436E+02    0.1380925679E+03    0.2580120113E+01    0.9577995330E-02
    71    25   -0.1329356754E-02   -0.4197771638E+03   -0.2917600836E+07   -0.8746747260E+13    0.1161594380E+02    0.1417528379E+03    0.2612027469E+01    0.9357243423E-02
    72    25   -0.1211117765E-02   -0.3824402882E+03   -0.2658096249E+07   -0.7968772082E+13    0.1177664164E+02    0.1456809938E+03    0.2644183324E+01    0.9129099523E-02
    73    25   -0.1098161788E-02   -0.3467716541E+03   -0.2410186535E+07   -0.7225557456E+13    0.1194759957E+02    0.1499092062E+03    0.2676578181E+01    0.8893199152E-02
    74    25   -0.9905806602E-03   -0.3128002613E+03   -0.2174073252E+07   -0.6517707642E+13    0.1212993367E+02    0.1544750565E+03    0.2709200187E+01    0.8649160969E-02
    75    25   -0.8884638122E-03   -0.2805543493E+03   -0.1949952677E+07   -0.5845811059E+13    0.1232493301E+02    0.1594227332E+03    0.2742035632E+01    0.8396587759E-02
    76    25   -0.7918970924E-03   -0.2500610272E+03   -0.1738013224E+07   -0.5210432566E+13    0.1253409511E+02    0.1648045538E+03    0.2775070019E+01    0.8135068715E-02
    77    25   -0.7009613116E-03   -0.2213458128E+03   -0.1538432255E+07   -0.4612103871E+13    0.1275916986E+02    0.1706829089E+03    0.2808290126E+01    0.7864184070E-02
    78    25   -0.6157304026E-03   -0.1944320524E+03   -0.1351372031E+07   -0.4051311429E+13    0.1300221379E+02    0.1771327527E+03    0.2841687740E+01    0.7583513823E-02
    79    25   -0.5362690613E-03   -0.1693401751E+03   -0.1176974546E+07   -0.3528480920E+13    0.1326565648E+02    0.1842447978E+03    0.2875266257E+01    0.7292653084E-02
    80    25   -0.4626296888E-03   -0.1460867281E+03   -0.1015354804E+07   -0.3043957125E+13    0.1355238155E+02    0.1921296294E+03    0.2909052030E+01    0.6991236872E-02
    81    25   -0.3948484416E-03   -0.1246831284E+03   -0.8665921616E+06   -0.2597977942E+13    0.1386582696E+02    0.2009230731E+03    0.2943113274E+01    0.6678975752E-02
    82    25   -0.3329402795E-03   -0.1051341002E+03   -0.7307194512E+06   -0.2190641804E+13    0.1421011557E+02    0.2107934268E+03    0.2977590011E+01    0.6355698089E-02
    83    25   -0.2768931749E-03   -0.8743584540E+02   -0.6077102750E+06   -0.1821869571E+13    0.1459024390E+02    0.2219518089E+03    0.3012738251E+01    0.6021382693E-02
    84    25   -0.2266621443E-03   -0.7157415927E+02   -0.4974659056E+06   -0.1491365266E+13    0.1501238557E+02    0.2346680587E+03    0.3048989698E+01    0.5676152441E-02
    85    25   -0.1821641756E-03   -0.5752282879E+02   -0.3998041528E+06   -0.1198582697E+13    0.1548438376E+02    0.2492958919E+03    0.3087029563E+01    0.5320214974E-02
    86    25   -0.1432742759E-03   -0.4524238434E+02   -0.3144506889E+06   -0.9426994496E+12    0.1601641800E+02    0.2663095303E+03    0.3127920168E+01    0.4953849856E-02
    87    25   -0.1098191664E-03   -0.3467810884E+02   -0.2410252107E+06   -0.7225754034E+12    0.1662147608E+02    0.2863438138E+03    0.3173380943E+01    0.4577775137E-02
    88    25   -0.8156015312E-04   -0.2575462881E+02   -0.1790038454E+06   -0.5366400281E+12    0.1731469272E+02    0.3102085507E+03    0.3226448018E+01    0.4194313368E-02
    89    25   -0.5816225680E-04   -0.1836616628E+02   -0.1276513987E+06   -0.3826892659E+12    0.1811246713E+02    0.3389028616E+03    0.3292627533E+01    0.3808177154E-02
    90    25   -0.3922159062E-04   -0.1238518405E+02   -0.8608144142E+05   -0.2580656691E+12    0.1905119937E+02    0.3743554207E+03    0.3377458121E+01    0.3417044799E-02
    91    25   -0.2438486322E-04   -0.7700121649E+01   -0.5351858867E+05   -0.1604446924E+12    0.2018684349E+02    0.4196746103E+03    0.3487973626E+01    0.3017938268E-02
    92    25   -0.1318926441E-04   -0.4164835354E+01   -0.2894708945E+05   -0.8678119098E+11    0.2158959465E+02    0.4793892860E+03    0.3643993547E+01    0.2615205965E-02
    93    25   -0.5197682044E-05   -0.1641296228E+01   -0.1140759351E+05   -0.3419910497E+11    0.2342219949E+02    0.5635855840E+03    0.3871195549E+01    0.2200471494E-02
