# system            = krb       
# reduced mass (au) = 49902.80
# rho               = 25.00
# nr                = 5000
# r0                = 5.00
# rmax              = 50.00
# kappa             = 5.0000
# alpha1            = 5.0000
# q0                = .8000
# rotational q.n.   = 35
#
#  nu    j        Energy (a.u.)       Energy (K)        Energy (1/cm)        Energy (Hz)                 <R>               <R^2>            delta(R)              <R^-2>
     0    35   -0.1883438655E-01   -0.5947421822E+04   -0.4133670046E+08   -0.1239243104E+15    0.7708252784E+01    0.5944671930E+02    0.1719253465E+00    0.1685530012E-01
     1    35   -0.1849577599E-01   -0.5840497190E+04   -0.4059353617E+08   -0.1216963599E+15    0.7732169931E+01    0.5987536165E+02    0.2981774943E+00    0.1680130142E-01
     2    35   -0.1815923351E-01   -0.5734225605E+04   -0.3985491080E+08   -0.1194820167E+15    0.7756375356E+01    0.6031015655E+02    0.3857432905E+00    0.1674668667E-01
     3    35   -0.1782477039E-01   -0.5628610631E+04   -0.3912084911E+08   -0.1172813551E+15    0.7780878787E+01    0.6075130677E+02    0.4574189258E+00    0.1669143189E-01
     4    35   -0.1749239770E-01   -0.5523655760E+04   -0.3839137536E+08   -0.1150944479E+15    0.7805689719E+01    0.6119901403E+02    0.5198288548E+00    0.1663551491E-01
     5    35   -0.1716212688E-01   -0.5419364610E+04   -0.3766651471E+08   -0.1129213703E+15    0.7830817542E+01    0.6165348129E+02    0.5760016608E+00    0.1657891513E-01
     6    35   -0.1683397003E-01   -0.5315740994E+04   -0.3694629366E+08   -0.1107622019E+15    0.7856271835E+01    0.6211491751E+02    0.6276227867E+00    0.1652161231E-01
     7    35   -0.1650793985E-01   -0.5212788930E+04   -0.3623074014E+08   -0.1086170264E+15    0.7882062620E+01    0.6258354166E+02    0.6757444129E+00    0.1646358547E-01
     8    35   -0.1618404968E-01   -0.5110512622E+04   -0.3551988337E+08   -0.1064859314E+15    0.7908200491E+01    0.6305958488E+02    0.7210754967E+00    0.1640481232E-01
     9    35   -0.1586231336E-01   -0.5008916449E+04   -0.3481375377E+08   -0.1043690082E+15    0.7934696629E+01    0.6354329091E+02    0.7641206142E+00    0.1634526927E-01
    10    35   -0.1554274529E-01   -0.4908004954E+04   -0.3411238293E+08   -0.1022663513E+15    0.7961562747E+01    0.6403491546E+02    0.8052540560E+00    0.1628493176E-01
    11    35   -0.1522536039E-01   -0.4807782848E+04   -0.3341580359E+08   -0.1001780589E+15    0.7988811011E+01    0.6453472531E+02    0.8447626537E+00    0.1622377468E-01
    12    35   -0.1491017416E-01   -0.4708255026E+04   -0.3272404977E+08   -0.9810423315E+14    0.8016453993E+01    0.6504299774E+02    0.8828720903E+00    0.1616177272E-01
    13    35   -0.1459720270E-01   -0.4609426575E+04   -0.3203715683E+08   -0.9604497992E+14    0.8044504659E+01    0.6556002077E+02    0.9197638591E+00    0.1609890053E-01
    14    35   -0.1428646281E-01   -0.4511302795E+04   -0.3135516160E+08   -0.9400040966E+14    0.8072976419E+01    0.6608609406E+02    0.9555866257E+00    0.1603513260E-01
    15    35   -0.1397797196E-01   -0.4413889204E+04   -0.3067810244E+08   -0.9197063737E+14    0.8101883202E+01    0.6662153053E+02    0.9904640877E+00    0.1597044302E-01
    16    35   -0.1367174835E-01   -0.4317191549E+04   -0.3000601928E+08   -0.8995578276E+14    0.8131239568E+01    0.6716665831E+02    0.1024500564E+01    0.1590480509E-01
    17    35   -0.1336781089E-01   -0.4221215804E+04   -0.2933895367E+08   -0.8795597035E+14    0.8161060803E+01    0.6772182267E+02    0.1057785067E+01    0.1583819103E-01
    18    35   -0.1306617924E-01   -0.4125968178E+04   -0.2867694873E+08   -0.8597132948E+14    0.8191363009E+01    0.6828738776E+02    0.1090394340E+01    0.1577057168E-01
    19    35   -0.1276687380E-01   -0.4031455107E+04   -0.2802004922E+08   -0.8400199428E+14    0.8222163164E+01    0.6886373801E+02    0.1122395168E+01    0.1570191641E-01
    20    35   -0.1246991569E-01   -0.3937683264E+04   -0.2736830150E+08   -0.8204810379E+14    0.8253479151E+01    0.6945127909E+02    0.1153846170E+01    0.1563219313E-01
    21    35   -0.1217532680E-01   -0.3844659559E+04   -0.2672175361E+08   -0.8010980198E+14    0.8285329771E+01    0.7005043861E+02    0.1184799222E+01    0.1556136846E-01
    22    35   -0.1188312978E-01   -0.3752391148E+04   -0.2608045529E+08   -0.7818723797E+14    0.8317734739E+01    0.7066166669E+02    0.1215300581E+01    0.1548940787E-01
    23    35   -0.1159334811E-01   -0.3660885442E+04   -0.2544445803E+08   -0.7628056616E+14    0.8350714687E+01    0.7128543654E+02    0.1245391808E+01    0.1541627597E-01
    24    35   -0.1130600610E-01   -0.3570150119E+04   -0.2481381521E+08   -0.7438994655E+14    0.8384291183E+01    0.7192224544E+02    0.1275110506E+01    0.1534193658E-01
    25    35   -0.1102112895E-01   -0.3480193137E+04   -0.2418858214E+08   -0.7251554494E+14    0.8418486767E+01    0.7257261600E+02    0.1304490918E+01    0.1526635282E-01
    26    35   -0.1073874279E-01   -0.3391022745E+04   -0.2356881615E+08   -0.7065753325E+14    0.8453325024E+01    0.7323709803E+02    0.1333564426E+01    0.1518948703E-01
    27    35   -0.1045887470E-01   -0.3302647498E+04   -0.2295457670E+08   -0.6881608970E+14    0.8488830676E+01    0.7391627085E+02    0.1362359936E+01    0.1511130065E-01
    28    35   -0.1018155277E-01   -0.3215076261E+04   -0.2234592540E+08   -0.6699139903E+14    0.8525029708E+01    0.7461074604E+02    0.1390904211E+01    0.1503175388E-01
    29    35   -0.9906806082E-02   -0.3128318223E+04   -0.2174292613E+08   -0.6518365268E+14    0.8561949497E+01    0.7532117063E+02    0.1419222130E+01    0.1495080549E-01
    30    35   -0.9634664781E-02   -0.3042382899E+04   -0.2114564501E+08   -0.6339304894E+14    0.8599618959E+01    0.7604823039E+02    0.1447336914E+01    0.1486841244E-01
    31    35   -0.9365160058E-02   -0.2957280139E+04   -0.2055415051E+08   -0.6161979305E+14    0.8638068696E+01    0.7679265330E+02    0.1475270315E+01    0.1478452966E-01
    32    35   -0.9098324183E-02   -0.2873020134E+04   -0.1996851346E+08   -0.5986409733E+14    0.8677331126E+01    0.7755521309E+02    0.1503042787E+01    0.1469910988E-01
    33    35   -0.8834190524E-02   -0.2789613421E+04   -0.1938880709E+08   -0.5812618134E+14    0.8717440623E+01    0.7833673278E+02    0.1530673634E+01    0.1461210343E-01
    34    35   -0.8572793570E-02   -0.2707070889E+04   -0.1881510709E+08   -0.5640627201E+14    0.8758433636E+01    0.7913808828E+02    0.1558181158E+01    0.1452345829E-01
    35    35   -0.8314168961E-02   -0.2625403794E+04   -0.1824749168E+08   -0.5470460383E+14    0.8800348817E+01    0.7996021207E+02    0.1585582783E+01    0.1443312002E-01
    36    35   -0.8058353521E-02   -0.2544623763E+04   -0.1768604169E+08   -0.5302141909E+14    0.8843227147E+01    0.8080409725E+02    0.1612895183E+01    0.1434103184E-01
    37    35   -0.7805385297E-02   -0.2464742810E+04   -0.1713084061E+08   -0.5135696814E+14    0.8887112076E+01    0.8167080186E+02    0.1640134387E+01    0.1424713467E-01
    38    35   -0.7555303604E-02   -0.2385773351E+04   -0.1658197473E+08   -0.4971150964E+14    0.8932049683E+01    0.8256145380E+02    0.1667315883E+01    0.1415136712E-01
    39    35   -0.7308149067E-02   -0.2307728214E+04   -0.1603953322E+08   -0.4808531091E+14    0.8978088865E+01    0.8347725640E+02    0.1694454702E+01    0.1405366547E-01
    40    35   -0.7063963671E-02   -0.2230620656E+04   -0.1550360823E+08   -0.4647864818E+14    0.9025281550E+01    0.8441949478E+02    0.1721565484E+01    0.1395396356E-01
    41    35   -0.6822790806E-02   -0.2154464379E+04   -0.1497429497E+08   -0.4489180696E+14    0.9073682955E+01    0.8538954307E+02    0.1748662545E+01    0.1385219265E-01
    42    35   -0.6584675317E-02   -0.2079273544E+04   -0.1445169188E+08   -0.4332508231E+14    0.9123351870E+01    0.8638887260E+02    0.1775759911E+01    0.1374828113E-01
    43    35   -0.6349663544E-02   -0.2005062783E+04   -0.1393590066E+08   -0.4177877912E+14    0.9174350985E+01    0.8741906114E+02    0.1802871361E+01    0.1364215431E-01
    44    35   -0.6117803365E-02   -0.1931847216E+04   -0.1342702638E+08   -0.4025321243E+14    0.9226747257E+01    0.8848180317E+02    0.1830010443E+01    0.1353373405E-01
    45    35   -0.5889144242E-02   -0.1859642462E+04   -0.1292517761E+08   -0.3874870767E+14    0.9280612310E+01    0.8957892138E+02    0.1857190497E+01    0.1342293847E-01
    46    35   -0.5663737252E-02   -0.1788464648E+04   -0.1243046646E+08   -0.3726560093E+14    0.9336022873E+01    0.9071237942E+02    0.1884424666E+01    0.1330968154E-01
    47    35   -0.5441635135E-02   -0.1718330430E+04   -0.1194300865E+08   -0.3580423920E+14    0.9393061274E+01    0.9188429604E+02    0.1911725907E+01    0.1319387280E-01
    48    35   -0.5222892323E-02   -0.1649256995E+04   -0.1146292367E+08   -0.3436498064E+14    0.9451815964E+01    0.9309696095E+02    0.1939106993E+01    0.1307541695E-01
    49    35   -0.5007564986E-02   -0.1581262081E+04   -0.1099033479E+08   -0.3294819482E+14    0.9512382111E+01    0.9435285240E+02    0.1966580527E+01    0.1295421356E-01
    50    35   -0.4795711063E-02   -0.1514363982E+04   -0.1052536918E+08   -0.3155426297E+14    0.9574862254E+01    0.9565465703E+02    0.1994158935E+01    0.1283015671E-01
    51    35   -0.4587390305E-02   -0.1448581568E+04   -0.1006815796E+08   -0.3018357823E+14    0.9639367025E+01    0.9700529216E+02    0.2021854473E+01    0.1270313459E-01
    52    35   -0.4382664312E-02   -0.1383934289E+04   -0.9618836343E+07   -0.2883654590E+14    0.9706015973E+01    0.9840793098E+02    0.2049679222E+01    0.1257302921E-01
    53    35   -0.4181596573E-02   -0.1320442194E+04   -0.9177543664E+07   -0.2751358373E+14    0.9774938475E+01    0.9986603125E+02    0.2077645076E+01    0.1243971591E-01
    54    35   -0.3984252504E-02   -0.1258125940E+04   -0.8744423496E+07   -0.2621512214E+14    0.9846274777E+01    0.1013833679E+03    0.2105763729E+01    0.1230306303E-01
    55    35   -0.3790699485E-02   -0.1197006803E+04   -0.8319623721E+07   -0.2494160445E+14    0.9920177167E+01    0.1029640701E+03    0.2134046655E+01    0.1216293138E-01
    56    35   -0.3601006898E-02   -0.1137106693E+04   -0.7903296616E+07   -0.2369348719E+14    0.9996811305E+01    0.1046126645E+03    0.2162505079E+01    0.1201917377E-01
    57    35   -0.3415246161E-02   -0.1078448161E+04   -0.7495598922E+07   -0.2247124025E+14    0.1007635775E+02    0.1063341235E+03    0.2191149937E+01    0.1187163452E-01
    58    35   -0.3233490755E-02   -0.1021054411E+04   -0.7096691915E+07   -0.2127534713E+14    0.1015901367E+02    0.1081339226E+03    0.2219991831E+01    0.1172014884E-01
    59    35   -0.3055816254E-02   -0.9649493079E+03   -0.6706741458E+07   -0.2010630507E+14    0.1024499487E+02    0.1100181052E+03    0.2249040970E+01    0.1156454226E-01
    60    35   -0.2882300337E-02   -0.9101573802E+03   -0.6325918041E+07   -0.1896462518E+14    0.1033453802E+02    0.1119933594E+03    0.2278307096E+01    0.1140463001E-01
    61    35   -0.2713022805E-02   -0.8567038268E+03   -0.5954396801E+07   -0.1785083253E+14    0.1042790331E+02    0.1140671056E+03    0.2307799401E+01    0.1124021630E-01
    62    35   -0.2548065569E-02   -0.8046145132E+03   -0.5592357514E+07   -0.1676546605E+14    0.1052537748E+02    0.1162476009E+03    0.2337526420E+01    0.1107109362E-01
    63    35   -0.2387512634E-02   -0.7539159663E+03   -0.5239984552E+07   -0.1570907849E+14    0.1062727735E+02    0.1185440608E+03    0.2367495901E+01    0.1089704200E-01
    64    35   -0.2231450057E-02   -0.7046353609E+03   -0.4897466788E+07   -0.1468223606E+14    0.1073395391E+02    0.1209668023E+03    0.2397714665E+01    0.1071782820E-01
    65    35   -0.2079965884E-02   -0.6568004990E+03   -0.4564997456E+07   -0.1368551808E+14    0.1084579716E+02    0.1235274151E+03    0.2428188423E+01    0.1053320487E-01
    66    35   -0.1933150043E-02   -0.6104397781E+03   -0.4242773930E+07   -0.1271951625E+14    0.1096324173E+02    0.1262389645E+03    0.2458921577E+01    0.1034290973E-01
    67    35   -0.1791094208E-02   -0.5655821467E+03   -0.3930997411E+07   -0.1178483376E+14    0.1108677358E+02    0.1291162351E+03    0.2489916993E+01    0.1014666466E-01
    68    35   -0.1653891611E-02   -0.5222570446E+03   -0.3629872516E+07   -0.1088208404E+14    0.1121693798E+02    0.1321760249E+03    0.2521175746E+01    0.9944174883E-02
    69    35   -0.1521636787E-02   -0.4804943238E+03   -0.3339606729E+07   -0.1001188910E+14    0.1135434898E+02    0.1354375019E+03    0.2552696855E+01    0.9735128030E-02
    70    35   -0.1394425255E-02   -0.4403241469E+03   -0.3060409689E+07   -0.9174877431E+13    0.1149970090E+02    0.1389226421E+03    0.2584477002E+01    0.9519193340E-02
    71    35   -0.1272353112E-02   -0.4017768588E+03   -0.2792492303E+07   -0.8371681316E+13    0.1165378228E+02    0.1426567675E+03    0.2616510281E+01    0.9296020811E-02
    72    35   -0.1155516521E-02   -0.3648828250E+03   -0.2536065625E+07   -0.7602933474E+13    0.1181749296E+02    0.1466692177E+03    0.2648787981E+01    0.9065240436E-02
    73    35   -0.1044011081E-02   -0.3296722336E+03   -0.2291339471E+07   -0.6869262921E+13    0.1199186513E+02    0.1509941910E+03    0.2681298484E+01    0.8826461536E-02
    74    35   -0.9379310506E-03   -0.2961748492E+03   -0.2058520716E+07   -0.6171289852E+13    0.1217808954E+02    0.1556718093E+03    0.2714027349E+01    0.8579272352E-02
    75    35   -0.8373683942E-03   -0.2644197116E+03   -0.1837811196E+07   -0.5509619359E+13    0.1237754822E+02    0.1607494769E+03    0.2746957735E+01    0.8323240189E-02
    76    35   -0.7424115955E-03   -0.2344347617E+03   -0.1629405112E+07   -0.4884833637E+13    0.1259185558E+02    0.1662836241E+03    0.2780071423E+01    0.8057912745E-02
    77    35   -0.6531441751E-03   -0.2062463733E+03   -0.1433485771E+07   -0.4297482227E+13    0.1282290983E+02    0.1723419597E+03    0.2813350890E+01    0.7782821773E-02
    78    35   -0.5696428005E-03   -0.1798787560E+03   -0.1250221437E+07   -0.3748069575E+13    0.1307295740E+02    0.1790063899E+03    0.2846783218E+01    0.7497490951E-02
    79    35   -0.4919748345E-03   -0.1553531812E+03   -0.1079759954E+07   -0.3237038908E+13    0.1334467331E+02    0.1863768210E+03    0.2880367197E+01    0.7201450595E-02
    80    35   -0.4201951267E-03   -0.1326869691E+03   -0.9222217053E+06   -0.2764751119E+13    0.1364126174E+02    0.1945761511E+03    0.2914125807E+01    0.6894261890E-02
    81    35   -0.3543418502E-03   -0.1118921737E+03   -0.7776904695E+06   -0.2331457374E+13    0.1396658523E+02    0.2037569574E+03    0.2948127252E+01    0.6575550894E-02
    82    35   -0.2944313078E-03   -0.9297394317E+02   -0.6462020274E+06   -0.1937264942E+13    0.1432534174E+02    0.2141108321E+03    0.2982518404E+01    0.6245044698E-02
    83    35   -0.2404519887E-03   -0.7592864256E+02   -0.5277311158E+06   -0.1582098084E+13    0.1472333384E+02    0.2258823108E+03    0.3017573739E+01    0.5902586947E-02
    84    35   -0.1923587373E-03   -0.6074201295E+02   -0.4221786296E+06   -0.1265659691E+13    0.1516791475E+02    0.2393910936E+03    0.3053760923E+01    0.5548097157E-02
    85    35   -0.1500681514E-03   -0.4738771800E+02   -0.3293615222E+06   -0.9874010030E+12    0.1566871188E+02    0.2550679437E+03    0.3091829833E+01    0.5181474462E-02
    86    35   -0.1134546102E-03   -0.3582608983E+02   -0.2490040875E+06   -0.7464954744E+12    0.1623857853E+02    0.2735069858E+03    0.3132978331E+01    0.4802621138E-02
    87    35   -0.8234102107E-04   -0.2600120711E+02   -0.1807176525E+06   -0.5417778924E+12    0.1689421721E+02    0.2955223759E+03    0.3179276748E+01    0.4412056926E-02
    88    35   -0.5647324380E-04   -0.1783281880E+02   -0.1239444437E+06   -0.3715760942E+12    0.1765536968E+02    0.3221754014E+03    0.3234706001E+01    0.4012506363E-02
    89    35   -0.3549123803E-04   -0.1120723327E+02   -0.7789426383E+05   -0.2335211282E+12    0.1854988811E+02    0.3550291038E+03    0.3306169242E+01    0.3606846813E-02
    90    35   -0.1902988941E-04   -0.6009156667E+01   -0.4176577962E+05   -0.1252106573E+12    0.1964792140E+02    0.3975858422E+03    0.3397797332E+01    0.3184714374E-02
    91    35   -0.6733514829E-05   -0.2126273289E+01   -0.1477835685E+05   -0.4430439925E+11    0.2103540155E+02    0.4549436313E+03    0.3529236895E+01    0.2748649973E-02
