# system            = krb       
# reduced mass (au) = 49902.80
# rho               = 25.00
# nr                = 5000
# r0                = 5.00
# rmax              = 50.00
# kappa             = 5.0000
# alpha1            = 5.0000
# q0                = .8000
# rotational q.n.   = 22
#
#  nu    j        Energy (a.u.)       Energy (K)        Energy (1/cm)        Energy (Hz)                 <R>               <R^2>            delta(R)              <R^-2>
     0    22   -0.1896181832E-01   -0.5987661545E+04   -0.4161638087E+08   -0.1247627711E+15    0.7702492904E+01    0.5935791992E+02    0.1718225326E+00    0.1688052577E-01
     1    22   -0.1862280053E-01   -0.5880608320E+04   -0.4087232281E+08   -0.1225321412E+15    0.7726333665E+01    0.5978503482E+02    0.2979981916E+00    0.1682671630E-01
     2    22   -0.1828584617E-01   -0.5774206676E+04   -0.4013279349E+08   -0.1203150881E+15    0.7750460935E+01    0.6021826194E+02    0.3855090650E+00    0.1677229304E-01
     3    22   -0.1795096635E-01   -0.5668460118E+04   -0.3939781723E+08   -0.1181116847E+15    0.7774884466E+01    0.6065780380E+02    0.4571382161E+00    0.1671723163E-01
     4    22   -0.1761817196E-01   -0.5563372085E+04   -0.3866741797E+08   -0.1159220028E+15    0.7799613665E+01    0.6110386011E+02    0.5195062908E+00    0.1666150999E-01
     5    22   -0.1728747430E-01   -0.5458946147E+04   -0.3794162050E+08   -0.1137461167E+15    0.7824657801E+01    0.6155663127E+02    0.5756401352E+00    0.1660510778E-01
     6    22   -0.1695888530E-01   -0.5355186069E+04   -0.3722045099E+08   -0.1115841049E+15    0.7850026339E+01    0.6201632375E+02    0.6272242197E+00    0.1654800495E-01
     7    22   -0.1663241751E-01   -0.5252095819E+04   -0.3650393703E+08   -0.1094360501E+15    0.7875729203E+01    0.6248315422E+02    0.6753101061E+00    0.1649018062E-01
     8    22   -0.1630808410E-01   -0.5149679548E+04   -0.3579210746E+08   -0.1073020387E+15    0.7901776896E+01    0.6295735159E+02    0.7206063232E+00    0.1643161256E-01
     9    22   -0.1598589874E-01   -0.5047941579E+04   -0.3508499232E+08   -0.1051821609E+15    0.7928180508E+01    0.6343915729E+02    0.7636171332E+00    0.1637227720E-01
    10    22   -0.1566587563E-01   -0.4946886394E+04   -0.3438262279E+08   -0.1030765100E+15    0.7954951642E+01    0.6392882441E+02    0.8047165887E+00    0.1631215007E-01
    11    22   -0.1534802951E-01   -0.4846518648E+04   -0.3368503120E+08   -0.1009851830E+15    0.7982102337E+01    0.6442661673E+02    0.8441913370E+00    0.1625120621E-01
    12    22   -0.1503237569E-01   -0.4746843173E+04   -0.3299225113E+08   -0.9890828063E+14    0.8009645015E+01    0.6493280817E+02    0.8822669145E+00    0.1618942055E-01
    13    22   -0.1471893009E-01   -0.4647864997E+04   -0.3230431756E+08   -0.9684590764E+14    0.8037592478E+01    0.6544768304E+02    0.9191246941E+00    0.1612676800E-01
    14    22   -0.1440770930E-01   -0.4549589360E+04   -0.3162126687E+08   -0.9479817319E+14    0.8065957959E+01    0.6597153709E+02    0.9549132377E+00    0.1606322335E-01
    15    22   -0.1409873059E-01   -0.4452021719E+04   -0.3094313700E+08   -0.9276519099E+14    0.8094755210E+01    0.6650467914E+02    0.9897561485E+00    0.1599876094E-01
    16    22   -0.1379201198E-01   -0.4355167755E+04   -0.3026996744E+08   -0.9074707944E+14    0.8123998609E+01    0.6704743314E+02    0.1023757655E+01    0.1593335433E-01
    17    22   -0.1348757216E-01   -0.4259033378E+04   -0.2960179928E+08   -0.8874396167E+14    0.8153703264E+01    0.6760014004E+02    0.1057006683E+01    0.1586697592E-01
    18    22   -0.1318543058E-01   -0.4163624727E+04   -0.2893867516E+08   -0.8675596558E+14    0.8183885091E+01    0.6816315952E+02    0.1089579888E+01    0.1579959675E-01
    19    22   -0.1288560740E-01   -0.4068948166E+04   -0.2828063933E+08   -0.8478322380E+14    0.8214560874E+01    0.6873687123E+02    0.1121543970E+01    0.1573118634E-01
    20    22   -0.1258812349E-01   -0.3975010291E+04   -0.2762773764E+08   -0.8282587375E+14    0.8245748284E+01    0.6932167569E+02    0.1152957471E+01    0.1566171282E-01
    21    22   -0.1229300051E-01   -0.3881817933E+04   -0.2698001755E+08   -0.8088405777E+14    0.8277465883E+01    0.6991799481E+02    0.1183872189E+01    0.1559114308E-01
    22    22   -0.1200026083E-01   -0.3789378165E+04   -0.2633752823E+08   -0.7895792326E+14    0.8309733122E+01    0.7052627239E+02    0.1214334318E+01    0.1551944293E-01
    23    22   -0.1170992768E-01   -0.3697698315E+04   -0.2570032061E+08   -0.7704762288E+14    0.8342570335E+01    0.7114697471E+02    0.1244385357E+01    0.1544657741E-01
    24    22   -0.1142202509E-01   -0.3606785975E+04   -0.2506844746E+08   -0.7515331483E+14    0.8375998761E+01    0.7178059139E+02    0.1274062853E+01    0.1537251084E-01
    25    22   -0.1113657799E-01   -0.3516649016E+04   -0.2444196348E+08   -0.7327516311E+14    0.8410040583E+01    0.7242763677E+02    0.1303401000E+01    0.1529720690E-01
    26    22   -0.1085361221E-01   -0.3427295598E+04   -0.2382092540E+08   -0.7141333777E+14    0.8444719003E+01    0.7308865175E+02    0.1332431126E+01    0.1522062855E-01
    27    22   -0.1057315457E-01   -0.3338734184E+04   -0.2320539202E+08   -0.6956801513E+14    0.8480058342E+01    0.7376420615E+02    0.1361182084E+01    0.1514273780E-01
    28    22   -0.1029523284E-01   -0.3250973546E+04   -0.2259542432E+08   -0.6773937796E+14    0.8516084159E+01    0.7445490151E+02    0.1389680576E+01    0.1506349547E-01
    29    22   -0.1001987580E-01   -0.3164022774E+04   -0.2199108548E+08   -0.6592761569E+14    0.8552823393E+01    0.7516137420E+02    0.1417951412E+01    0.1498286088E-01
    30    22   -0.9747113270E-02   -0.3077891281E+04   -0.2139244092E+08   -0.6413292445E+14    0.8590304499E+01    0.7588429869E+02    0.1446017738E+01    0.1490079155E-01
    31    22   -0.9476976103E-02   -0.2992588812E+04   -0.2079955837E+08   -0.6235550728E+14    0.8628557589E+01    0.7662439088E+02    0.1473901222E+01    0.1481724294E-01
    32    22   -0.9209496214E-02   -0.2908125444E+04   -0.2021250787E+08   -0.6059557416E+14    0.8667614561E+01    0.7738241150E+02    0.1501622228E+01    0.1473216832E-01
    33    22   -0.8944706598E-02   -0.2824511595E+04   -0.1963136183E+08   -0.5885334218E+14    0.8707509225E+01    0.7815916944E+02    0.1529199968E+01    0.1464551864E-01
    34    22   -0.8682641354E-02   -0.2741758035E+04   -0.1905619511E+08   -0.5712903571E+14    0.8748277413E+01    0.7895552516E+02    0.1556652650E+01    0.1455724252E-01
    35    22   -0.8423335714E-02   -0.2659875887E+04   -0.1848708501E+08   -0.5542288655E+14    0.8789957096E+01    0.7977239418E+02    0.1583997610E+01    0.1446728630E-01
    36    22   -0.8166826075E-02   -0.2578876645E+04   -0.1792411142E+08   -0.5373513421E+14    0.8832588505E+01    0.8061075089E+02    0.1611251433E+01    0.1437559409E-01
    37    22   -0.7913150042E-02   -0.2498772185E+04   -0.1736735689E+08   -0.5206602610E+14    0.8876214260E+01    0.8147163269E+02    0.1638430069E+01    0.1428210781E-01
    38    22   -0.7662346471E-02   -0.2419574775E+04   -0.1681690667E+08   -0.5041581787E+14    0.8920879527E+01    0.8235614476E+02    0.1665548927E+01    0.1418676723E-01
    39    22   -0.7414455510E-02   -0.2341297094E+04   -0.1627284890E+08   -0.4878477370E+14    0.8966632197E+01    0.8326546545E+02    0.1692622964E+01    0.1408950990E-01
    40    22   -0.7169518650E-02   -0.2263952242E+04   -0.1573527463E+08   -0.4717316658E+14    0.9013523102E+01    0.8420085242E+02    0.1719666747E+01    0.1399027105E-01
    41    22   -0.6927578768E-02   -0.2187553761E+04   -0.1520427796E+08   -0.4558127863E+14    0.9061606260E+01    0.8516364974E+02    0.1746694517E+01    0.1388898342E-01
    42    22   -0.6688680172E-02   -0.2112115640E+04   -0.1467995615E+08   -0.4400940138E+14    0.9110939159E+01    0.8615529580E+02    0.1773720223E+01    0.1378557697E-01
    43    22   -0.6452868644E-02   -0.2037652338E+04   -0.1416240967E+08   -0.4245783606E+14    0.9161583077E+01    0.8717733225E+02    0.1800757558E+01    0.1367997868E-01
    44    22   -0.6220191481E-02   -0.1964178788E+04   -0.1365174232E+08   -0.4092689387E+14    0.9213603428E+01    0.8823141400E+02    0.1827819979E+01    0.1357211213E-01
    45    22   -0.5990697530E-02   -0.1891710416E+04   -0.1314806132E+08   -0.3941689621E+14    0.9267070158E+01    0.8931932021E+02    0.1854920727E+01    0.1346189725E-01
    46    22   -0.5764437228E-02   -0.1820263148E+04   -0.1265147736E+08   -0.3792817494E+14    0.9322058163E+01    0.9044296655E+02    0.1882072834E+01    0.1334924992E-01
    47    22   -0.5541462637E-02   -0.1749853425E+04   -0.1216210470E+08   -0.3646107261E+14    0.9378647759E+01    0.9160441881E+02    0.1909289142E+01    0.1323408169E-01
    48    22   -0.5321827480E-02   -0.1680498210E+04   -0.1168006124E+08   -0.3501594270E+14    0.9436925184E+01    0.9280590794E+02    0.1936582300E+01    0.1311629944E-01
    49    22   -0.5105587174E-02   -0.1612215003E+04   -0.1120546863E+08   -0.3359314984E+14    0.9496983165E+01    0.9404984689E+02    0.1963964781E+01    0.1299580503E-01
    50    22   -0.4892798870E-02   -0.1545021851E+04   -0.1073845228E+08   -0.3219307005E+14    0.9558921532E+01    0.9533884949E+02    0.1991448880E+01    0.1287249504E-01
    51    22   -0.4683521482E-02   -0.1478937357E+04   -0.1027914151E+08   -0.3081609099E+14    0.9622847914E+01    0.9667575161E+02    0.2019046715E+01    0.1274626038E-01
    52    22   -0.4477815733E-02   -0.1413980696E+04   -0.9827669573E+07   -0.2946261218E+14    0.9688878508E+01    0.9806363512E+02    0.2046770231E+01    0.1261698603E-01
    53    22   -0.4275744180E-02   -0.1350171622E+04   -0.9384173777E+07   -0.2813304523E+14    0.9757138951E+01    0.9950585507E+02    0.2074631185E+01    0.1248455058E-01
    54    22   -0.4077371259E-02   -0.1287530482E+04   -0.8948795540E+07   -0.2682781411E+14    0.9827765296E+01    0.1010060705E+03    0.2102641141E+01    0.1234882592E-01
    55    22   -0.3882763313E-02   -0.1226078226E+04   -0.8521680469E+07   -0.2554735534E+14    0.9900905116E+01    0.1025682795E+03    0.2130811445E+01    0.1220967679E-01
    56    22   -0.3691988630E-02   -0.1165836417E+04   -0.8102978436E+07   -0.2429211822E+14    0.9976718765E+01    0.1041968599E+03    0.2159153205E+01    0.1206696036E-01
    57    22   -0.3505117468E-02   -0.1106827242E+04   -0.7692843641E+07   -0.2306256504E+14    0.1005538079E+02    0.1058966146E+03    0.2187677258E+01    0.1192052574E-01
    58    22   -0.3322222085E-02   -0.1049073516E+04   -0.7291434673E+07   -0.2185917123E+14    0.1013708156E+02    0.1076728255E+03    0.2216394124E+01    0.1177021349E-01
    59    22   -0.3143376758E-02   -0.9925986955E+03   -0.6898914552E+07   -0.2068242551E+14    0.1022202912E+02    0.1095313141E+03    0.2245313961E+01    0.1161585510E-01
    60    22   -0.2968657798E-02   -0.9374268771E+03   -0.6515450759E+07   -0.1953282998E+14    0.1031045129E+02    0.1114785127E+03    0.2274446497E+01    0.1145727243E-01
    61    22   -0.2798143553E-02   -0.8835828010E+03   -0.6141215248E+07   -0.1841090014E+14    0.1040259813E+02    0.1135215467E+03    0.2303800957E+01    0.1129427712E-01
    62    22   -0.2631914398E-02   -0.8310918479E+03   -0.5776384423E+07   -0.1731716485E+14    0.1049874471E+02    0.1156683307E+03    0.2333385970E+01    0.1112666997E-01
    63    22   -0.2470052713E-02   -0.7799800309E+03   -0.5421139087E+07   -0.1625216612E+14    0.1059919442E+02    0.1179276812E+03    0.2363209456E+01    0.1095424032E-01
    64    22   -0.2312642833E-02   -0.7302739812E+03   -0.5075664333E+07   -0.1521645886E+14    0.1070428265E+02    0.1203094491E+03    0.2393278494E+01    0.1077676534E-01
    65    22   -0.2159770978E-02   -0.6820009246E+03   -0.4740149392E+07   -0.1421061037E+14    0.1081438130E+02    0.1228246758E+03    0.2423599167E+01    0.1059400938E-01
    66    22   -0.2011525145E-02   -0.6351886487E+03   -0.4414787398E+07   -0.1323519966E+14    0.1092990383E+02    0.1254857795E+03    0.2454176383E+01    0.1040572328E-01
    67    22   -0.1867994966E-02   -0.5898654566E+03   -0.4099775066E+07   -0.1229081644E+14    0.1105131138E+02    0.1283067761E+03    0.2485013671E+01    0.1021164366E-01
    68    22   -0.1729271507E-02   -0.5460601047E+03   -0.3795312264E+07   -0.1137805993E+14    0.1117911989E+02    0.1313035459E+03    0.2516112967E+01    0.1001149233E-01
    69    22   -0.1595447015E-02   -0.5038017227E+03   -0.3501601455E+07   -0.1049753707E+14    0.1131390863E+02    0.1344941543E+03    0.2547474377E+01    0.9804975693E-02
    70    22   -0.1466614593E-02   -0.4631197099E+03   -0.3218846973E+07   -0.9649860459E+13    0.1145633041E+02    0.1378992423E+03    0.2579095951E+01    0.9591784239E-02
    71    22   -0.1342867787E-02   -0.4240436055E+03   -0.2947254126E+07   -0.8835645587E+13    0.1160712378E+02    0.1415425050E+03    0.2610973485E+01    0.9371592196E-02
    72    22   -0.1224300070E-02   -0.3866029263E+03   -0.2687028067E+07   -0.8055507488E+13    0.1176712802E+02    0.1454512813E+03    0.2643100372E+01    0.9144057319E-02
    73    22   -0.1111004215E-02   -0.3508269671E+03   -0.2438372405E+07   -0.7310056568E+13    0.1193730128E+02    0.1496572885E+03    0.2675467576E+01    0.8908820937E-02
    74    22   -0.1003071512E-02   -0.3167445557E+03   -0.2201487504E+07   -0.6599893501E+13    0.1211874303E+02    0.1541975423E+03    0.2708063806E+01    0.8665508410E-02
    75    22   -0.9005908250E-03   -0.2843837525E+03   -0.1976568393E+07   -0.5925602970E+13    0.1231272175E+02    0.1591155182E+03    0.2740876018E+01    0.8413730294E-02
    76    22   -0.8036474155E-03   -0.2537714814E+03   -0.1763802203E+07   -0.5287745978E+13    0.1252070915E+02    0.1644626262E+03    0.2773890504E+01    0.8153084808E-02
    77    22   -0.7123214967E-03   -0.2249330713E+03   -0.1563364979E+07   -0.4686850298E+13    0.1274442263E+02    0.1703000903E+03    0.2807094938E+01    0.7883162651E-02
    78    22   -0.6266864041E-03   -0.1978916799E+03   -0.1375417675E+07   -0.4123398456E+13    0.1298587734E+02    0.1767013486E+03    0.2840482067E+01    0.7603555869E-02
    79    22   -0.5468062594E-03   -0.1726675552E+03   -0.1200101022E+07   -0.3597812353E+13    0.1324744973E+02    0.1837551233E+03    0.2874056191E+01    0.7313873275E-02
    80    22   -0.4727329482E-03   -0.1492770813E+03   -0.1037528895E+07   -0.3110433378E+13    0.1353195472E+02    0.1915693568E+03    0.2907844254E+01    0.7013765236E-02
    81    22   -0.4045022219E-03   -0.1277315475E+03   -0.8877797603E+06   -0.2661496765E+13    0.1384274021E+02    0.2002763160E+03    0.2941914252E+01    0.6702959436E-02
    82    22   -0.3421288071E-03   -0.1080356043E+03   -0.7508859383E+06   -0.2251099411E+13    0.1418380886E+02    0.2100394170E+03    0.2976404388E+01    0.6381303965E-02
    83    22   -0.2856006641E-03   -0.9018544974E+02   -0.6268210047E+06   -0.1879162097E+13    0.1455999186E+02    0.2210628934E+03    0.3011566108E+01    0.6048802837E-02
    84    22   -0.2348730135E-03   -0.7416694365E+02   -0.5154866807E+06   -0.1545390191E+13    0.1497722601E+02    0.2336065202E+03    0.3047822388E+01    0.5705615829E-02
    85    22   -0.1898631843E-03   -0.5995398057E+02   -0.4167015239E+06   -0.1249239741E+13    0.1544300367E+02    0.2480087907E+03    0.3085843221E+01    0.5352006657E-02
    86    22   -0.1504466381E-03   -0.4750723450E+02   -0.3301922044E+06   -0.9898913258E+12    0.1596698694E+02    0.2647206855E+03    0.3126661745E+01    0.4988325044E-02
    87    22   -0.1164511605E-03   -0.3677232444E+02   -0.2555807552E+06   -0.7662118282E+12    0.1656145334E+02    0.2843428709E+03    0.3171929072E+01    0.4615327941E-02
    88    22   -0.8764134235E-04   -0.2767491421E+02   -0.1923505130E+06   -0.5766523310E+12    0.1724069997E+02    0.3076391959E+03    0.3224509355E+01    0.4235247246E-02
    89    22   -0.6368902877E-04   -0.2011138077E+02   -0.1397812611E+06   -0.4190536785E+12    0.1801969362E+02    0.3355306093E+03    0.3289567034E+01    0.3852814134E-02
    90    22   -0.4418821682E-04   -0.1395351870E+02   -0.9698192598E+05   -0.2907444997E+12    0.1892905736E+02    0.3696855362E+03    0.3372880637E+01    0.3467385091E-02
    91    22   -0.2878023393E-04   -0.9088068297E+01   -0.6316531233E+05   -0.1893648424E+12    0.2002182496E+02    0.4129821176E+03    0.3479747539E+01    0.3074540183E-02
    92    22   -0.1701094059E-04   -0.5371623810E+01   -0.3733469914E+05   -0.1119266122E+12    0.2135051890E+02    0.4690195299E+03    0.3629720720E+01    0.2681765348E-02
    93    22   -0.8432194544E-05   -0.2662673281E+01   -0.1850652789E+05   -0.5548117486E+11    0.2304438472E+02    0.5458061725E+03    0.3842200584E+01    0.2281969032E-02
    94    22   -0.2600575695E-05   -0.8211958798E+00   -0.5707603920E+04   -0.1711096608E+11    0.2536466061E+02    0.6606812824E+03    0.4161162668E+01    0.1865220247E-02
