# system            = krb       
# reduced mass (au) = 49902.80
# rho               = 25.00
# nr                = 5000
# r0                = 5.00
# rmax              = 50.00
# kappa             = 5.0000
# alpha1            = 5.0000
# q0                = .8000
# rotational q.n.   = 55
#
#  nu    j        Energy (a.u.)       Energy (K)        Energy (1/cm)        Energy (Hz)                 <R>               <R^2>            delta(R)              <R^-2>
     0    55   -0.1852757621E-01   -0.5850538893E+04   -0.4066332959E+08   -0.1219055953E+15    0.7722159707E+01    0.5966139504E+02    0.1721757763E+00    0.1679462737E-01
     1    55   -0.1818995448E-01   -0.5743926511E+04   -0.3992233555E+08   -0.1196841510E+15    0.7746262048E+01    0.6009374619E+02    0.2986142531E+00    0.1674017401E-01
     2    55   -0.1785441213E-01   -0.5637970741E+04   -0.3918590520E+08   -0.1174763884E+15    0.7770657034E+01    0.6053234914E+02    0.3863138640E+00    0.1668509892E-01
     3    55   -0.1752096085E-01   -0.5532675280E+04   -0.3845406424E+08   -0.1152823844E+15    0.7795354331E+01    0.6097740729E+02    0.4581027678E+00    0.1662937906E-01
     4    55   -0.1718961212E-01   -0.5428043750E+04   -0.3772683783E+08   -0.1131022144E+15    0.7820363645E+01    0.6142912720E+02    0.5206146989E+00    0.1657299201E-01
     5    55   -0.1686037776E-01   -0.5324079887E+04   -0.3700425195E+08   -0.1109359565E+15    0.7845694660E+01    0.6188771808E+02    0.5768824726E+00    0.1651591660E-01
     6    55   -0.1653327025E-01   -0.5220787626E+04   -0.3628633393E+08   -0.1087836924E+15    0.7871357242E+01    0.6235339511E+02    0.6285938991E+00    0.1645813210E-01
     7    55   -0.1620830267E-01   -0.5118171103E+04   -0.3557311254E+08   -0.1066455085E+15    0.7897361663E+01    0.6282638309E+02    0.6768026620E+00    0.1639961720E-01
     8    55   -0.1588548876E-01   -0.5016234653E+04   -0.3486461789E+08   -0.1045214950E+15    0.7923718748E+01    0.6330691873E+02    0.7222187605E+00    0.1634034949E-01
     9    55   -0.1556484281E-01   -0.4914982789E+04   -0.3416088137E+08   -0.1024117459E+15    0.7950439909E+01    0.6379525160E+02    0.7653475347E+00    0.1628030526E-01
    10    55   -0.1524637965E-01   -0.4814420197E+04   -0.3346193553E+08   -0.1003163590E+15    0.7977537125E+01    0.6429164383E+02    0.8065638562E+00    0.1621945975E-01
    11    55   -0.1493011467E-01   -0.4714551735E+04   -0.3276781414E+08   -0.9823543544E+14    0.8005022873E+01    0.6479636950E+02    0.8461550091E+00    0.1615778749E-01
    12    55   -0.1461606384E-01   -0.4615382443E+04   -0.3207855223E+08   -0.9616908021E+14    0.8032910089E+01    0.6530971418E+02    0.8843470368E+00    0.1609526265E-01
    13    55   -0.1430424373E-01   -0.4516917557E+04   -0.3139418620E+08   -0.9411740247E+14    0.8061212144E+01    0.6583197496E+02    0.9213217282E+00    0.1603185922E-01
    14    55   -0.1399467160E-01   -0.4419162526E+04   -0.3071475390E+08   -0.9208051570E+14    0.8089942882E+01    0.6636346128E+02    0.9572280026E+00    0.1596755098E-01
    15    55   -0.1368736540E-01   -0.4322123020E+04   -0.3004029476E+08   -0.9005853806E+14    0.8119116681E+01    0.6690449625E+02    0.9921897864E+00    0.1590231132E-01
    16    55   -0.1338234383E-01   -0.4225804939E+04   -0.2937084979E+08   -0.8805159252E+14    0.8148748555E+01    0.6745541855E+02    0.1026311615E+01    0.1583611291E-01
    17    55   -0.1307962631E-01   -0.4130214421E+04   -0.2870646164E+08   -0.8605980694E+14    0.8178854250E+01    0.6801658429E+02    0.1059682712E+01    0.1576892742E-01
    18    55   -0.1277923305E-01   -0.4035357842E+04   -0.2804717462E+08   -0.8408331419E+14    0.8209450337E+01    0.6858836896E+02    0.1092380029E+01    0.1570072520E-01
    19    55   -0.1248118498E-01   -0.3941241819E+04   -0.2739303473E+08   -0.8212225213E+14    0.8240554283E+01    0.6917116892E+02    0.1124470554E+01    0.1563147517E-01
    20    55   -0.1218550383E-01   -0.3847873208E+04   -0.2674408962E+08   -0.8017676364E+14    0.8272184503E+01    0.6976540276E+02    0.1156013106E+01    0.1556114470E-01
    21    55   -0.1189221211E-01   -0.3755259115E+04   -0.2610038868E+08   -0.7824699677E+14    0.8304360381E+01    0.7037151216E+02    0.1187059742E+01    0.1548969977E-01
    22    55   -0.1160133309E-01   -0.3663406897E+04   -0.2546198304E+08   -0.7633310480E+14    0.8337102283E+01    0.7098996279E+02    0.1217656892E+01    0.1541710506E-01
    23    55   -0.1131289092E-01   -0.3572324170E+04   -0.2482892564E+08   -0.7443524646E+14    0.8370431573E+01    0.7162124504E+02    0.1247846271E+01    0.1534332415E-01
    24    55   -0.1102691057E-01   -0.3482018825E+04   -0.2420127132E+08   -0.7255358616E+14    0.8404370624E+01    0.7226587502E+02    0.1277665619E+01    0.1526831967E-01
    25    55   -0.1074341793E-01   -0.3392499037E+04   -0.2357907690E+08   -0.7068829421E+14    0.8438942859E+01    0.7292439591E+02    0.1307149316E+01    0.1519205338E-01
    26    55   -0.1046243983E-01   -0.3303773275E+04   -0.2296240125E+08   -0.6883954711E+14    0.8474172813E+01    0.7359737970E+02    0.1336328868E+01    0.1511448617E-01
    27    55   -0.1018400407E-01   -0.3215850321E+04   -0.2235130539E+08   -0.6700752782E+14    0.8510086219E+01    0.7428542947E+02    0.1365233319E+01    0.1503557794E-01
    28    55   -0.9908139468E-02   -0.3128739273E+04   -0.2174585257E+08   -0.6519242594E+14    0.8546710127E+01    0.7498918214E+02    0.1393889575E+01    0.1495528740E-01
    29    55   -0.9634875888E-02   -0.3042449561E+04   -0.2114610834E+08   -0.6339443796E+14    0.8584073032E+01    0.7570931161E+02    0.1422322678E+01    0.1487357180E-01
    30    55   -0.9364244260E-02   -0.2956990954E+04   -0.2055214057E+08   -0.6161376739E+14    0.8622205026E+01    0.7644653229E+02    0.1450556028E+01    0.1479038667E-01
    31    55   -0.9096276613E-02   -0.2872373564E+04   -0.1996401957E+08   -0.5985062497E+14    0.8661137948E+01    0.7720160276E+02    0.1478611580E+01    0.1470568553E-01
    32    55   -0.8831006094E-02   -0.2788607858E+04   -0.1938181807E+08   -0.5810522880E+14    0.8700905542E+01    0.7797532963E+02    0.1506510000E+01    0.1461941963E-01
    33    55   -0.8568466987E-02   -0.2705704664E+04   -0.1880561133E+08   -0.5637780446E+14    0.8741543606E+01    0.7876857158E+02    0.1534270822E+01    0.1453153780E-01
    34    55   -0.8308694747E-02   -0.2623675176E+04   -0.1823547717E+08   -0.5466858523E+14    0.8783090144E+01    0.7958224338E+02    0.1561912575E+01    0.1444198632E-01
    35    55   -0.8051726024E-02   -0.2542530967E+04   -0.1767149601E+08   -0.5297781225E+14    0.8825585511E+01    0.8041732018E+02    0.1589452917E+01    0.1435070889E-01
    36    55   -0.7797598695E-02   -0.2462283999E+04   -0.1711375099E+08   -0.5130573476E+14    0.8869072564E+01    0.8127484202E+02    0.1616908743E+01    0.1425764656E-01
    37    55   -0.7546351909E-02   -0.2382946633E+04   -0.1656232804E+08   -0.4965261032E+14    0.8913596827E+01    0.8215591871E+02    0.1644296300E+01    0.1416273779E-01
    38    55   -0.7298026125E-02   -0.2304531645E+04   -0.1601731593E+08   -0.4801870515E+14    0.8959206666E+01    0.8306173522E+02    0.1671631280E+01    0.1406591840E-01
    39    55   -0.7052663157E-02   -0.2227052240E+04   -0.1547880647E+08   -0.4640429437E+14    0.9005953494E+01    0.8399355778E+02    0.1698928910E+01    0.1396712157E-01
    40    55   -0.6810306229E-02   -0.2150522066E+04   -0.1494689449E+08   -0.4480966239E+14    0.9053892002E+01    0.8495274072E+02    0.1726204026E+01    0.1386627772E-01
    41    55   -0.6571000019E-02   -0.2074955231E+04   -0.1442167807E+08   -0.4323510317E+14    0.9103080425E+01    0.8594073425E+02    0.1753471134E+01    0.1376331440E-01
    42    55   -0.6334790711E-02   -0.2000366320E+04   -0.1390325856E+08   -0.4168092058E+14    0.9153580855E+01    0.8695909331E+02    0.1780744461E+01    0.1365815607E-01
    43    55   -0.6101726046E-02   -0.1926770407E+04   -0.1339174075E+08   -0.4014742875E+14    0.9205459582E+01    0.8800948751E+02    0.1808037994E+01    0.1355072381E-01
    44    55   -0.5871855367E-02   -0.1854183073E+04   -0.1288723292E+08   -0.3863495235E+14    0.9258787492E+01    0.8909371237E+02    0.1835365508E+01    0.1344093507E-01
    45    55   -0.5645229670E-02   -0.1782620423E+04   -0.1238984701E+08   -0.3714382689E+14    0.9313640501E+01    0.9021370188E+02    0.1862740586E+01    0.1332870327E-01
    46    55   -0.5421901648E-02   -0.1712099095E+04   -0.1189969865E+08   -0.3567439909E+14    0.9370100045E+01    0.9137154255E+02    0.1890176632E+01    0.1321393747E-01
    47    55   -0.5201925734E-02   -0.1642636278E+04   -0.1141690733E+08   -0.3422702711E+14    0.9428253616E+01    0.9256948922E+02    0.1917686883E+01    0.1309654195E-01
    48    55   -0.4985358151E-02   -0.1574249725E+04   -0.1094159642E+08   -0.3280208086E+14    0.9488195362E+01    0.9380998266E+02    0.1945284411E+01    0.1297641581E-01
    49    55   -0.4772256951E-02   -0.1506957768E+04   -0.1047389335E+08   -0.3139994233E+14    0.9550026751E+01    0.9509566942E+02    0.1972982128E+01    0.1285345260E-01
    50    55   -0.4562682066E-02   -0.1440779333E+04   -0.1001392965E+08   -0.3002100583E+14    0.9613857310E+01    0.9642942413E+02    0.2000792783E+01    0.1272753987E-01
    51    55   -0.4356695348E-02   -0.1375733949E+04   -0.9561841055E+07   -0.2866567833E+14    0.9679805453E+01    0.9781437480E+02    0.2028728960E+01    0.1259855872E-01
    52    55   -0.4154360619E-02   -0.1311841770E+04   -0.9117767654E+07   -0.2733437976E+14    0.9747999415E+01    0.9925393145E+02    0.2056803066E+01    0.1246638340E-01
    53    55   -0.3955743715E-02   -0.1249123587E+04   -0.8681853937E+07   -0.2602754332E+14    0.9818578303E+01    0.1007518188E+03    0.2085027319E+01    0.1233088077E-01
    54    55   -0.3760912539E-02   -0.1187600841E+04   -0.8254248931E+07   -0.2474561576E+14    0.9891693292E+01    0.1023121138E+03    0.2113413729E+01    0.1219190979E-01
    55    55   -0.3569937101E-02   -0.1127295638E+04   -0.7835106292E+07   -0.2348905774E+14    0.9967508979E+01    0.1039392882E+03    0.2141974065E+01    0.1204932094E-01
    56    55   -0.3382889568E-02   -0.1068230769E+04   -0.7424584409E+07   -0.2225834410E+14    0.1004620494E+02    0.1056382583E+03    0.2170719820E+01    0.1190295562E-01
    57    55   -0.3199844310E-02   -0.1010429717E+04   -0.7022846504E+07   -0.2105396416E+14    0.1012797752E+02    0.1074144422E+03    0.2199662159E+01    0.1175264545E-01
    58    55   -0.3020877941E-02   -0.9539166744E+03   -0.6630060724E+07   -0.1987642201E+14    0.1021304183E+02    0.1092738257E+03    0.2228811856E+01    0.1159821153E-01
    59    55   -0.2846069354E-02   -0.8987165540E+03   -0.6246400222E+07   -0.1872623676E+14    0.1030163416E+02    0.1112230397E+03    0.2258179219E+01    0.1143946365E-01
    60    55   -0.2675499757E-02   -0.8448549994E+03   -0.5872043230E+07   -0.1760394273E+14    0.1039401467E+02    0.1132694507E+03    0.2287773991E+01    0.1127619941E-01
    61    55   -0.2509252696E-02   -0.7923583919E+03   -0.5507173105E+07   -0.1651008962E+14    0.1049047054E+02    0.1154212662E+03    0.2317605233E+01    0.1110820328E-01
    62    55   -0.2347414063E-02   -0.7412538541E+03   -0.5151978361E+07   -0.1544524256E+14    0.1059131971E+02    0.1176876602E+03    0.2347681187E+01    0.1093524559E-01
    63    55   -0.2190072096E-02   -0.6915692496E+03   -0.4806652659E+07   -0.1440998215E+14    0.1069691513E+02    0.1200789206E+03    0.2378009108E+01    0.1075708142E-01
    64    55   -0.2037317356E-02   -0.6433331751E+03   -0.4471394757E+07   -0.1340490425E+14    0.1080764988E+02    0.1226066261E+03    0.2408595059E+01    0.1057344942E-01
    65    55   -0.1889242679E-02   -0.5965749456E+03   -0.4146408405E+07   -0.1243061967E+14    0.1092396319E+02    0.1252838573E+03    0.2439443682E+01    0.1038407051E-01
    66    55   -0.1745943093E-02   -0.5513245692E+03   -0.3831902168E+07   -0.1148775370E+14    0.1104634759E+02    0.1281254514E+03    0.2470557916E+01    0.1018864646E-01
    67    55   -0.1607515706E-02   -0.5076127095E+03   -0.3528089170E+07   -0.1057694524E+14    0.1117535746E+02    0.1311483116E+03    0.2501938685E+01    0.9986858423E-02
    68    55   -0.1474059531E-02   -0.4654706326E+03   -0.3235186723E+07   -0.9698845797E+13    0.1131161947E+02    0.1343717855E+03    0.2533584533E+01    0.9778365176E-02
    69    55   -0.1345675267E-02   -0.4249301363E+03   -0.2953415831E+07   -0.8854117914E+13    0.1145584510E+02    0.1378181322E+03    0.2565491216E+01    0.9562801276E-02
    70    55   -0.1222464996E-02   -0.3860234564E+03   -0.2683000545E+07   -0.8043433281E+13    0.1160884625E+02    0.1415131034E+03    0.2597651262E+01    0.9339774911E-02
    71    55   -0.1104531815E-02   -0.3487831472E+03   -0.2424167129E+07   -0.7267470221E+13    0.1177155441E+02    0.1454866746E+03    0.2630053498E+01    0.9108865435E-02
    72    55   -0.9919793457E-03   -0.3132419307E+03   -0.2177143012E+07   -0.6526910550E+13    0.1194504479E+02    0.1497739736E+03    0.2662682577E+01    0.8869620498E-02
    73    55   -0.8849111479E-03   -0.2794325080E+03   -0.1942155480E+07   -0.5822435651E+13    0.1213056689E+02    0.1544164733E+03    0.2695518538E+01    0.8621552701E-02
    74    55   -0.7834299727E-03   -0.2473873254E+03   -0.1719430045E+07   -0.5154721594E+13    0.1232958345E+02    0.1594635393E+03    0.2728536491E+01    0.8364135800E-02
    75    55   -0.6876368392E-03   -0.2171382822E+03   -0.1509188418E+07   -0.4524433054E+13    0.1254382073E+02    0.1649744616E+03    0.2761706578E+01    0.8096800675E-02
    76    55   -0.5976298660E-03   -0.1887163618E+03   -0.1311645945E+07   -0.3932215620E+13    0.1277533373E+02    0.1710211464E+03    0.2794994516E+01    0.7818931643E-02
    77    55   -0.5135027656E-03   -0.1621511561E+03   -0.1127008302E+07   -0.3378685890E+13    0.1302659132E+02    0.1776917204E+03    0.2828363317E+01    0.7529864318E-02
    78    55   -0.4353428583E-03   -0.1374702387E+03   -0.9554671335E+06   -0.2864418405E+13    0.1330058806E+02    0.1850954120E+03    0.2861777275E+01    0.7228886858E-02
    79    55   -0.3632284080E-03   -0.1146983234E+03   -0.7971942096E+06   -0.2389928116E+13    0.1360099342E+02    0.1933692638E+03    0.2895210168E+01    0.6915246560E-02
    80    55   -0.2972250530E-03   -0.9385613707E+02   -0.6523335893E+06   -0.1955646902E+13    0.1393235620E+02    0.2026876031E+03    0.2928660741E+01    0.6588161224E-02
    81    55   -0.2373812015E-03   -0.7495896581E+02   -0.5209915169E+06   -0.1561893274E+13    0.1430040215E+02    0.2132760089E+03    0.2962179498E+01    0.6246825398E-02
    82    55   -0.1837226314E-03   -0.5801494964E+02   -0.4032245681E+06   -0.1208836844E+13    0.1471250691E+02    0.2254333373E+03    0.2995910166E+01    0.5890379764E-02
    83    55   -0.1362472928E-03   -0.4302344118E+02   -0.2990282435E+06   -0.8964641214E+12    0.1517851935E+02    0.2395692321E+03    0.3030145603E+01    0.5517780513E-02
    84    55   -0.9492200058E-04   -0.2997396151E+02   -0.2083297109E+06   -0.6245567609E+12    0.1571224149E+02    0.2562712074E+03    0.3065399594E+01    0.5127513137E-02
    85    55   -0.5968115112E-04   -0.1884579461E+02   -0.1309849864E+06   -0.3926831104E+12    0.1633390788E+02    0.2764223810E+03    0.3102552881E+01    0.4717286694E-02
    86    55   -0.3042004350E-04   -0.9605878590E+01   -0.6676427834E+05   -0.2001542711E+12    0.1707362981E+02    0.3013896010E+03    0.3143368585E+01    0.4284346087E-02
    87    55   -0.6964727670E-05   -0.2199284442E+01   -0.1528581038E+05   -0.4582570666E+11    0.1797609094E+02    0.3333304239E+03    0.3192268556E+01    0.3826856523E-02
