  0.0000000E+00 -1.765209050248745E-002
   1.000000     -1.612210201931130E-002
   2.000000     -1.466228238333827E-002
   3.000000     -1.327163309923507E-002
   4.000000     -1.194914749865841E-002
   5.000000     -1.069381133928225E-002
   6.000000     -9.504603605534193E-003
   7.000000     -8.380497571115957E-003
   8.000000     -7.320462204788899E-003
   9.000000     -6.323464031626075E-003
   10.00000     -5.388469607012344E-003
   11.00000     -4.514448828139671E-003
   12.00000     -3.700379411423544E-003
   13.00000     -2.945253028204950E-003
   14.00000     -2.248083858991865E-003
   15.00000     -1.607920781650010E-003
   16.00000     -1.023865218372303E-003
   17.00000     -4.950981876414403E-004
   18.00000     -2.092316808289218E-005
