  0.0000000E+00 -2.431994684324913E-002
   1.000000     -2.267671541702863E-002
   2.000000     -2.110184698015068E-002
   3.000000     -1.959426763665348E-002
   4.000000     -1.815288900537050E-002
   5.000000     -1.677660788733124E-002
   6.000000     -1.546430593187921E-002
   7.000000     -1.421484930330731E-002
   8.000000     -1.302708835042788E-002
   9.000000     -1.189985728201001E-002
   10.00000     -1.083197385192495E-002
   11.00000     -9.822239058871089E-003
   12.00000     -8.869436866947506E-003
   13.00000     -7.972333955215020E-003
   14.00000     -7.129679506893727E-003
   15.00000     -6.340205052239999E-003
   16.00000     -5.602624383922160E-003
   17.00000     -4.915633570381054E-003
   18.00000     -4.277911102291168E-003
   19.00000     -3.688118221339903E-003
   20.00000     -3.144899501735727E-003
   21.00000     -2.646883787473156E-003
   22.00000     -2.192685640099802E-003
   23.00000     -1.780907536474385E-003
   24.00000     -1.410143200185488E-003
   25.00000     -1.078982706945550E-003
   26.00000     -7.860204859750203E-004
   27.00000     -5.298683045296175E-004
   28.00000     -3.091774215145878E-004
   29.00000     -1.226791754281629E-004
