  0.0000000E+00 -2.625179334924809E-002
   1.000000     -2.467877532261878E-002
   2.000000     -2.316555900985572E-002
   3.000000     -2.171125132795094E-002
   4.000000     -2.031494763018952E-002
   5.000000     -1.897573143495226E-002
   6.000000     -1.769267414924103E-002
   7.000000     -1.646483478719873E-002
   8.000000     -1.529125968400458E-002
   9.000000     -1.417098220556298E-002
   10.00000     -1.310302245455854E-002
   11.00000     -1.208638697352844E-002
   12.00000     -1.112006844579410E-002
   13.00000     -1.020304539521169E-002
   14.00000     -9.334281885973905E-003
   15.00000     -8.512727223879517E-003
   16.00000     -7.737315660836685E-003
   17.00000     -7.006966104724829E-003
   18.00000     -6.320581837198434E-003
   19.00000     -5.677050242616874E-003
   20.00000     -5.075242552032310E-003
   21.00000     -4.514013607143588E-003
   22.00000     -3.992201650452675E-003
   23.00000     -3.508628149611757E-003
   24.00000     -3.062097666427802E-003
   25.00000     -2.651397784475572E-003
   26.00000     -2.275299114369924E-003
   27.00000     -1.932555403352914E-003
   28.00000     -1.621903787589308E-003
   29.00000     -1.342065244194034E-003
   30.00000     -1.091745330718744E-003
   31.00000     -8.696353524036258E-004
   32.00000     -6.744141917691542E-004
   33.00000     -5.047512134743894E-004
   34.00000     -3.593110173477868E-004
   35.00000     -2.367616003586019E-004
   36.00000     -1.357894031796462E-004
   37.00000     -5.513009014006680E-005
