  0.0000000E+00 -2.373521503904566E-002
   1.000000     -2.220053712574929E-002
   2.000000     -2.072615757662931E-002
   3.000000     -1.931116551950014E-002
   4.000000     -1.795463508865934E-002
   5.000000     -1.665638259616350E-002
   6.000000     -1.541625154719453E-002
   7.000000     -1.422732833614960E-002
   8.000000     -1.308174159646158E-002
   9.000000     -1.200704561703823E-002
   10.00000     -1.105465484304193E-002
   11.00000     -1.013614350915810E-002
   12.00000     -9.145423698803834E-003
   13.00000     -8.137145261103838E-003
   14.00000     -7.173712177055466E-003
   15.00000     -6.421118010377984E-003
   16.00000     -6.114974196856044E-003
   17.00000     -5.349767175812909E-003
   18.00000     -4.579245066623631E-003
   19.00000     -3.871952436959570E-003
   20.00000     -3.230804069943505E-003
   21.00000     -2.653961871406155E-003
   22.00000     -2.138384049493326E-003
   23.00000     -1.680609647593344E-003
   24.00000     -1.277066649255052E-003
   25.00000     -9.242310431782153E-004
   26.00000     -6.187222602727991E-004
   27.00000     -3.573695933336665E-004
   28.00000     -1.372719451863993E-004
