  0.0000000E+00 -2.657393929668886E-002
   1.000000     -2.499608254584011E-002
   2.000000     -2.347796802673349E-002
   3.000000     -2.201870120346704E-002
   4.000000     -2.061737592907541E-002
   5.000000     -1.927307417218024E-002
   6.000000     -1.798486573816545E-002
   7.000000     -1.675180798507538E-002
   8.000000     -1.557294553461998E-002
   9.000000     -1.444730997857446E-002
   10.00000     -1.337391958111387E-002
   11.00000     -1.235177897761129E-002
   12.00000     -1.137987887060194E-002
   13.00000     -1.045719572371661E-002
   14.00000     -9.582691454589605E-003
   15.00000     -8.755313127874977E-003
   16.00000     -7.973992649783360E-003
   17.00000     -7.237646465767116E-003
   18.00000     -6.545175263319080E-003
   19.00000     -5.895463682225280E-003
   20.00000     -5.287380035072801E-003
   21.00000     -4.719776041412338E-003
   22.00000     -4.191486579709635E-003
   23.00000     -3.701329462186276E-003
   24.00000     -3.248105238952052E-003
   25.00000     -2.830597039553964E-003
   26.00000     -2.447570462545151E-003
   27.00000     -2.097773527160103E-003
   28.00000     -1.779936706424641E-003
   29.00000     -1.492773068949008E-003
   30.00000     -1.234978569259572E-003
   31.00000     -1.005232547123572E-003
   32.00000     -8.021985315036700E-004
   33.00000     -6.245255076472213E-004
   34.00000     -4.708499242066687E-004
   35.00000     -3.397989549079891E-004
   36.00000     -2.299960448942654E-004
   37.00000     -1.400710088213037E-004
   38.00000     -6.868034673128064E-005
   39.00000     -1.455484040753216E-005
