  0.0000000E+00 -2.574846015537035E-002
   1.000000     -2.418303305431276E-002
   2.000000     -2.267750227727403E-002
   3.000000     -2.123097714259921E-002
   4.000000     -1.984255549199054E-002
   5.000000     -1.851132342428926E-002
   6.000000     -1.723635502454802E-002
   7.000000     -1.601671208881947E-002
   8.000000     -1.485144384511429E-002
   9.000000     -1.373958667117584E-002
   10.00000     -1.268016380983148E-002
   11.00000     -1.167218508287259E-002
   12.00000     -1.071464660461765E-002
   13.00000     -9.806530496625304E-003
   14.00000     -8.946804605286884E-003
   15.00000     -8.134422224532076E-003
   16.00000     -7.368321826337239E-003
   17.00000     -6.647426802434712E-003
   18.00000     -5.970645221528633E-003
   19.00000     -5.336869607411300E-003
   20.00000     -4.744976745013133E-003
   21.00000     -4.193827523466402E-003
   22.00000     -3.682266828240778E-003
   23.00000     -3.209123498566856E-003
   24.00000     -2.773210372374261E-003
   25.00000     -2.373324449928351E-003
   26.00000     -2.008247220920972E-003
   27.00000     -1.676745221056906E-003
   28.00000     -1.377570918541104E-003
   29.00000     -1.109464088447109E-003
   30.00000     -8.711539335355435E-004
   31.00000     -6.613623945290814E-004
   32.00000     -4.788094516939196E-004
   33.00000     -3.222219700567670E-004
   34.00000     -1.903493623040467E-004
   35.00000     -8.199381199768624E-005
