  0.0000000E+00 -2.030789481892248E-002
   1.000000     -1.882708487011107E-002
   2.000000     -1.740734573078718E-002
   3.000000     -1.604782039976193E-002
   4.000000     -1.474755749426710E-002
   5.000000     -1.350578535216895E-002
   6.000000     -1.232295823262072E-002
   7.000000     -1.119829294363044E-002
   8.000000     -1.012272795162518E-002
   9.000000     -9.089251680803150E-003
   10.00000     -8.124121671754934E-003
   11.00000     -7.280485099372416E-003
   12.00000     -6.497562352633889E-003
   13.00000     -5.661543183101167E-003
   14.00000     -4.810707216263378E-003
   15.00000     -3.997051537473248E-003
   16.00000     -3.244199121168664E-003
   17.00000     -2.579911974598083E-003
   18.00000     -2.281824523177597E-003
   19.00000     -1.884259025593830E-003
   20.00000     -1.339900368871767E-003
   21.00000     -8.480287191968105E-004
   22.00000     -4.154029722186527E-004
   23.00000     -4.065882826096204E-005
