  0.0000000E+00 -2.148674013025225E-002
   1.000000     -1.998717473190075E-002
   2.000000     -1.854840077122109E-002
   3.000000     -1.716954212348338E-002
   4.000000     -1.584963443267657E-002
   5.000000     -1.458808791998092E-002
   6.000000     -1.338545544978007E-002
   7.000000     -1.223912363099546E-002
   8.000000     -1.113828742382834E-002
   9.000000     -1.008404854614257E-002
   10.00000     -9.120548246411564E-003
   11.00000     -8.276216140537786E-003
   12.00000     -7.426395879928369E-003
   13.00000     -6.520615352391776E-003
   14.00000     -5.622889719757869E-003
   15.00000     -4.775359136906974E-003
   16.00000     -4.015692231627662E-003
   17.00000     -3.667255753988117E-003
   18.00000     -3.212716360300029E-003
   19.00000     -2.574790734396562E-003
   20.00000     -1.989984728282945E-003
   21.00000     -1.466923904808149E-003
   22.00000     -1.004314556430068E-003
   23.00000     -5.994667413797941E-004
   24.00000     -2.494074018050367E-004
