  0.0000000E+00 -1.960865631098140E-002
   1.000000     -1.813909014816333E-002
   2.000000     -1.673076748465496E-002
   3.000000     -1.538284309045882E-002
   4.000000     -1.409438096921003E-002
   5.000000     -1.286452633366612E-002
   6.000000     -1.169357878017853E-002
   7.000000     -1.058154979652481E-002
   8.000000     -9.520976734545005E-003
   9.000000     -8.502102923416983E-003
   10.00000     -7.541038554832541E-003
   11.00000     -6.690407480145568E-003
   12.00000     -5.934698644401308E-003
   13.00000     -5.145144930546275E-003
   14.00000     -4.326585311744193E-003
   15.00000     -3.536155587791456E-003
   16.00000     -2.801109419989735E-003
   17.00000     -2.134386612374125E-003
   18.00000     -1.591026512354983E-003
   19.00000     -1.400166186751110E-003
   20.00000     -9.510543980829705E-004
   21.00000     -4.816885711571101E-004
   22.00000     -6.822482615722080E-005
