  0.0000000E+00 -2.097551588740357E-002
   1.000000     -1.948405383549026E-002
   2.000000     -1.805350188802404E-002
   3.000000     -1.668299401638232E-002
   4.000000     -1.537156740164206E-002
   5.000000     -1.411854839830128E-002
   6.000000     -1.292447767810921E-002
   7.000000     -1.178760312983521E-002
   8.000000     -1.069768322598600E-002
   9.000000     -9.651750030820840E-003
   10.00000     -8.686379320991373E-003
   11.00000     -7.845104480967344E-003
   12.00000     -7.026531269003634E-003
   13.00000     -6.149511632086263E-003
   14.00000     -5.271112461725911E-003
   15.00000     -4.437310278787671E-003
   16.00000     -3.673020441255189E-003
   17.00000     -3.135840435822723E-003
   18.00000     -2.875246361478129E-003
   19.00000     -2.278156635868606E-003
   20.00000     -1.708232243891805E-003
   21.00000     -1.198245538044804E-003
   22.00000     -7.483842720019055E-004
   23.00000     -3.563402923187559E-004
   24.00000     -1.938073304474299E-005
