  0.0000000E+00 -1.309104181495642E-002
   1.000000     -1.173100810724284E-002
   2.000000     -1.043417353531784E-002
   3.000000     -9.199803780948784E-003
   4.000000     -8.027176074754221E-003
   5.000000     -6.915497546085961E-003
   6.000000     -5.863828483951210E-003
   7.000000     -4.871753391929637E-003
   8.000000     -3.940357748027855E-003
   9.000000     -3.069979396539655E-003
   10.00000     -2.255192236920659E-003
   11.00000     -1.487564157674321E-003
   12.00000     -7.668793519326596E-004
   13.00000     -1.050370645111855E-004
