  0.0000000E+00 -1.887797369215555E-002
   1.000000     -1.742025305205969E-002
   2.000000     -1.602396395232409E-002
   3.000000     -1.468827213876678E-002
   4.000000     -1.341226203437232E-002
   5.000000     -1.219501482987943E-002
   6.000000     -1.103662472199629E-002
   7.000000     -9.937678388035213E-003
   8.000000     -8.892571695385817E-003
   9.000000     -7.890165309108507E-003
   10.00000     -6.937504006500780E-003
   11.00000     -6.079106703256411E-003
   12.00000     -5.337596147808745E-003
   13.00000     -4.597740340890306E-003
   14.00000     -3.817608247857694E-003
   15.00000     -3.053859629946800E-003
   16.00000     -2.340065051111815E-003
   17.00000     -1.689223649580739E-003
   18.00000     -1.109332144554601E-003
   19.00000     -6.758726469093031E-004
   20.00000     -5.039405487201528E-004
   21.00000     -9.710408051982868E-005
