  0.0000000E+00 -2.619348550959912E-002
   1.000000     -2.462134491554658E-002
   2.000000     -2.310901689003050E-002
   3.000000     -2.165560861991586E-002
   4.000000     -2.026021573761382E-002
   5.000000     -1.892192205036031E-002
   6.000000     -1.763979926425298E-002
   7.000000     -1.641290670336863E-002
   8.000000     -1.524029102430242E-002
   9.000000     -1.412098592661345E-002
   10.00000     -1.305401185971785E-002
   11.00000     -1.203837572695584E-002
   12.00000     -1.107307058765903E-002
   13.00000     -1.015707535826246E-002
   14.00000     -9.289354513697385E-003
   15.00000     -8.468857790585827E-003
   16.00000     -7.694519894072550E-003
   17.00000     -6.965260210521790E-003
   18.00000     -6.279982528834703E-003
   19.00000     -5.637574773741287E-003
   20.00000     -5.036908755278433E-003
   21.00000     -4.476839939724499E-003
   22.00000     -3.956207248711375E-003
   23.00000     -3.473832895203253E-003
   24.00000     -3.028522267786300E-003
   25.00000     -2.619063878635231E-003
   26.00000     -2.244229396287491E-003
   27.00000     -1.902773793001632E-003
   28.00000     -1.593435649916256E-003
   29.00000     -1.314937684656808E-003
   30.00000     -1.065987601662228E-003
   31.00000     -8.452794269004148E-004
   32.00000     -6.514955998037589E-004
   33.00000     -4.833103077578823E-004
   34.00000     -3.393949832322302E-004
   35.00000     -2.184278516060689E-004
   36.00000     -1.191118257039232E-004
   37.00000     -4.021203043407008E-005
