  0.0000000E+00 -1.989213534032150E-002
   1.000000     -1.841799966085407E-002
   2.000000     -1.700503710055801E-002
   3.000000     -1.565239733984672E-002
   4.000000     -1.435913757718980E-002
   5.000000     -1.312443422719567E-002
   6.000000     -1.194865594830861E-002
   7.000000     -1.083152055834778E-002
   8.000000     -9.764884895289233E-003
   9.000000     -8.739928269739950E-003
   10.00000     -7.776733065854247E-003
   11.00000     -6.929232460659396E-003
   12.00000     -6.163981133416313E-003
   13.00000     -5.355259583546843E-003
   14.00000     -4.523141795166862E-003
   15.00000     -3.723041173574639E-003
   16.00000     -2.980385253629903E-003
   17.00000     -2.310416968855920E-003
   18.00000     -1.851361812905785E-003
   19.00000     -1.620230560766221E-003
   20.00000     -1.109521818505037E-003
   21.00000     -6.302028040280370E-004
   22.00000     -2.087820740371278E-004
