  0.0000000E+00 -1.251337842362397E-002
   1.000000     -1.116351208474176E-002
   2.000000     -9.877054649192998E-003
   3.000000     -8.653285046009779E-003
   4.000000     -7.491498245952907E-003
   5.000000     -6.390940059612046E-003
   6.000000     -5.350693950491934E-003
   7.000000     -4.370181122485645E-003
   8.000000     -3.450244381157346E-003
   9.000000     -2.591832062996789E-003
   10.00000     -1.791262404103537E-003
   11.00000     -1.040454075578639E-003
   12.00000     -3.364417191390365E-004
