  0.0000000E+00 -7.319338663468088E-003
   1.000000     -7.172547110066444E-003
   2.000000     -7.027468008306718E-003
   3.000000     -6.884094324106363E-003
   4.000000     -6.742418998931433E-003
   5.000000     -6.602434949670197E-003
   6.000000     -6.464135068507148E-003
   7.000000     -6.327512222799084E-003
   8.000000     -6.192559254953122E-003
   9.000000     -6.059268982304388E-003
   10.00000     -5.927634196997130E-003
   11.00000     -5.797647665866360E-003
   12.00000     -5.669302130322973E-003
   13.00000     -5.542590306240584E-003
   14.00000     -5.417504883841883E-003
   15.00000     -5.294038527593696E-003
   16.00000     -5.172183876098754E-003
   17.00000     -5.051933541995046E-003
   18.00000     -4.933280111854784E-003
   19.00000     -4.816216146090826E-003
   20.00000     -4.700734178864431E-003
   21.00000     -4.586826717997875E-003
   22.00000     -4.474486244893177E-003
   23.00000     -4.363705214452670E-003
   24.00000     -4.254476055009344E-003
   25.00000     -4.146791168259048E-003
   26.00000     -4.040642929201772E-003
   27.00000     -3.936023686088128E-003
   28.00000     -3.832925760374797E-003
   29.00000     -3.731341446686269E-003
   30.00000     -3.631263012786724E-003
   31.00000     -3.532682699560140E-003
   32.00000     -3.435592721001043E-003
   33.00000     -3.339985264216339E-003
   34.00000     -3.245852489437448E-003
   35.00000     -3.153186530047935E-003
   36.00000     -3.061979492621467E-003
   37.00000     -2.972223456976431E-003
   38.00000     -2.883910476247031E-003
   39.00000     -2.797032576969587E-003
   40.00000     -2.711581759189642E-003
   41.00000     -2.627549996587696E-003
   42.00000     -2.544929236628013E-003
   43.00000     -2.463711400730019E-003
   44.00000     -2.383888384466145E-003
   45.00000     -2.305452057787548E-003
   46.00000     -2.228394265279079E-003
   47.00000     -2.152706826449115E-003
   48.00000     -2.078381536052600E-003
   49.00000     -2.005410164455235E-003
   50.00000     -1.933784458038931E-003
   51.00000     -1.863496139653525E-003
   52.00000     -1.794536909119475E-003
   53.00000     -1.726898443785015E-003
   54.00000     -1.660572399145006E-003
   55.00000     -1.595550409524065E-003
   56.00000     -1.531824088833989E-003
   57.00000     -1.469385031409973E-003
   58.00000     -1.408224812934872E-003
   59.00000     -1.348334991459973E-003
   60.00000     -1.289707108532888E-003
   61.00000     -1.232332690442539E-003
   62.00000     -1.176203249595733E-003
   63.00000     -1.121310286037805E-003
   64.00000     -1.067645289134466E-003
   65.00000     -1.015199739433228E-003
   66.00000     -9.639651107248386E-004
   67.00000     -9.139328723282756E-004
   68.00000     -8.650944916272732E-004
   69.00000     -8.174414368882170E-004
   70.00000     -7.709651803965582E-004
   71.00000     -7.256572019519502E-004
   72.00000     -6.815089927702333E-004
   73.00000     -6.385120598482014E-004
   74.00000     -5.966579308550557E-004
   75.00000     -5.559381596275971E-004
   76.00000     -5.163443323574820E-004
   77.00000     -4.778680745763562E-004
   78.00000     -4.405010590647556E-004
   79.00000     -4.042350148331665E-004
   80.00000     -3.690617373557015E-004
   81.00000     -3.349731002726234E-004
   82.00000     -3.019610688241081E-004
   83.00000     -2.700177153377839E-004
   84.00000     -2.391352371643997E-004
   85.00000     -2.093059775533810E-004
   86.00000     -1.805224500809973E-004
   87.00000     -1.527773674061436E-004
   88.00000     -1.260636753390331E-004
   89.00000     -1.003745934927258E-004
   90.00000     -7.570366417011087E-005
   91.00000     -5.204481166575749E-005
   92.00000     -2.939241489610598E-005
   93.00000     -7.741397315096567E-006
