  0.0000000E+00 -3.730141277477356E-003
   1.000000     -3.600780228574653E-003
   2.000000     -3.473219399649979E-003
   3.000000     -3.347453047499812E-003
   4.000000     -3.223475442549644E-003
   5.000000     -3.101280870526832E-003
   6.000000     -2.980863634253456E-003
   7.000000     -2.862218055565619E-003
   8.000000     -2.745338477371384E-003
   9.000000     -2.630219265857437E-003
   10.00000     -2.516854812860117E-003
   11.00000     -2.405239538412669E-003
   12.00000     -2.295367893485329E-003
   13.00000     -2.187234362936484E-003
   14.00000     -2.080833468692271E-003
   15.00000     -1.976159773178928E-003
   16.00000     -1.873207883030198E-003
   17.00000     -1.771972453096095E-003
   18.00000     -1.672448190785990E-003
   19.00000     -1.574629860774939E-003
   20.00000     -1.478512290116459E-003
   21.00000     -1.384090373800458E-003
   22.00000     -1.291359080805301E-003
   23.00000     -1.200313460700091E-003
   24.00000     -1.110948650856919E-003
   25.00000     -1.023259884343886E-003
   26.00000     -9.372424985806682E-004
   27.00000     -8.528919448458887E-004
   28.00000     -7.702037987443362E-004
   29.00000     -6.891737717534160E-004
   30.00000     -6.097977239915054E-004
   31.00000     -5.320716783693434E-004
   32.00000     -4.559918363165300E-004
   33.00000     -3.815545953037532E-004
   34.00000     -3.087565684237058E-004
   35.00000     -2.375946063383958E-004
   36.00000     -1.680658219594715E-004
   37.00000     -1.001676182981349E-004
   38.00000     -3.389772000831179E-005
