  0.0000000E+00 -8.651161551675481E-003
   1.000000     -8.498430541112342E-003
   2.000000     -8.347389378507616E-003
   3.000000     -8.198030841050530E-003
   4.000000     -8.050347678890377E-003
   5.000000     -7.904332614948970E-003
   6.000000     -7.759978344733601E-003
   7.000000     -7.617277536144973E-003
   8.000000     -7.476222829289217E-003
   9.000000     -7.336806836283583E-003
   10.00000     -7.199022141065017E-003
   11.00000     -7.062861299193706E-003
   12.00000     -6.928316837659959E-003
   13.00000     -6.795381254684429E-003
   14.00000     -6.664047019523228E-003
   15.00000     -6.534306572266137E-003
   16.00000     -6.406152323638935E-003
   17.00000     -6.279576654798424E-003
   18.00000     -6.154571917134437E-003
   19.00000     -6.031130432062200E-003
   20.00000     -5.909244490820623E-003
   21.00000     -5.788906354264835E-003
   22.00000     -5.670108252660801E-003
   23.00000     -5.552842385476254E-003
   24.00000     -5.437100921173156E-003
   25.00000     -5.322875996997561E-003
   26.00000     -5.210159718769443E-003
   27.00000     -5.098944160670292E-003
   28.00000     -4.989221365032466E-003
   29.00000     -4.880983342124634E-003
   30.00000     -4.774222069938605E-003
   31.00000     -4.668929493974789E-003
   32.00000     -4.565097527026211E-003
   33.00000     -4.462718048962963E-003
   34.00000     -4.361782906515815E-003
   35.00000     -4.262283913058412E-003
   36.00000     -4.164212848390061E-003
   37.00000     -4.067561458516800E-003
   38.00000     -3.972321455434046E-003
   39.00000     -3.878484516906091E-003
   40.00000     -3.786042286248403E-003
   41.00000     -3.694986372106357E-003
   42.00000     -3.605308348237464E-003
   43.00000     -3.516999753289972E-003
   44.00000     -3.430052090584557E-003
   45.00000     -3.344456827893028E-003
   46.00000     -3.260205397220313E-003
   47.00000     -3.177289194584007E-003
   48.00000     -3.095699579796054E-003
   49.00000     -3.015427876243949E-003
   50.00000     -2.936465370672972E-003
   51.00000     -2.858803312967985E-003
   52.00000     -2.782432915938127E-003
   53.00000     -2.707345355099902E-003
   54.00000     -2.633531768463143E-003
   55.00000     -2.560983256317098E-003
   56.00000     -2.489690881018019E-003
   57.00000     -2.419645666779141E-003
   58.00000     -2.350838599459849E-003
   59.00000     -2.283260626359846E-003
   60.00000     -2.216902656012320E-003
   61.00000     -2.151755557980850E-003
   62.00000     -2.087810162658808E-003
   63.00000     -2.025057261069952E-003
   64.00000     -1.963487604672795E-003
   65.00000     -1.903091905167936E-003
   66.00000     -1.843860834308308E-003
   67.00000     -1.785785023712926E-003
   68.00000     -1.728855064684829E-003
   69.00000     -1.673061508032408E-003
   70.00000     -1.618394863895756E-003
   71.00000     -1.564845601577546E-003
   72.00000     -1.512404149378986E-003
   73.00000     -1.461060894441547E-003
   74.00000     -1.410806182593879E-003
   75.00000     -1.361630318206079E-003
   76.00000     -1.313523564050163E-003
   77.00000     -1.266476141168203E-003
   78.00000     -1.220478228748086E-003
   79.00000     -1.175519964008224E-003
   80.00000     -1.131591442091445E-003
   81.00000     -1.088682715968307E-003
   82.00000     -1.046783796351517E-003
   83.00000     -1.005884651622207E-003
   84.00000     -9.659752077678593E-004
   85.00000     -9.270453483343619E-004
   86.00000     -8.890849143923862E-004
   87.00000     -8.520837045196752E-004
   88.00000     -8.160314748003925E-004
   89.00000     -7.809179388430037E-004
   90.00000     -7.467327678189863E-004
   91.00000     -7.134655905226933E-004
   92.00000     -6.811059934563534E-004
   93.00000     -6.496435209409027E-004
   94.00000     -6.190676752558423E-004
   95.00000     -5.893679168113671E-004
   96.00000     -5.605336643551810E-004
   97.00000     -5.325542952182509E-004
   98.00000     -5.054191456037129E-004
   99.00000     -4.791175109230963E-004
   100.0000     -4.536386461861439E-004
   101.0000     -4.289717664500447E-004
   102.0000     -4.051060473347288E-004
   103.0000     -3.820306256140227E-004
   104.0000     -3.597345998908947E-004
   105.0000     -3.382070313686998E-004
   106.0000     -3.174369447320182E-004
   107.0000     -2.974133291519180E-004
   108.0000     -2.781251394348469E-004
   109.0000     -2.595612973364899E-004
   110.0000     -2.417106930672044E-004
   111.0000     -2.245621870201943E-004
   112.0000     -2.081046117609976E-004
   113.0000     -1.923267743235385E-004
   114.0000     -1.772174588707156E-004
   115.0000     -1.627654297877342E-004
   116.0000     -1.489594352960210E-004
   117.0000     -1.357882116949217E-004
   118.0000     -1.232404883682009E-004
   119.0000     -1.113049937287698E-004
   120.0000     -9.997046232477301E-005
   121.0000     -8.922564339728766E-005
   122.0000     -7.905931127000121E-005
   123.0000     -6.946027807844108E-005
   124.0000     -6.041740952264118E-005
   125.0000     -5.191964458170933E-005
   126.0000     -4.395602049860495E-005
   127.0000     -3.651570489658672E-005
   128.0000     -2.958803773374738E-005
   129.0000     -2.316258713197577E-005
   130.0000     -1.722922527782477E-005
   131.0000     -1.177823424031641E-005
   132.0000     -6.800457991258619E-006
   133.0000     -2.287528910803657E-006
