  0.0000000E+00 -7.895605002590815E-003
   1.000000     -7.746213550658785E-003
   2.000000     -7.598524281816979E-003
   3.000000     -7.452530068772507E-003
   4.000000     -7.308223758312047E-003
   5.000000     -7.165598171136455E-003
   6.000000     -7.024646101693525E-003
   7.000000     -6.885360318011378E-003
   8.000000     -6.747733561531516E-003
   9.000000     -6.611758546940352E-003
   10.00000     -6.477427962002153E-003
   11.00000     -6.344734467389467E-003
   12.00000     -6.213670696515938E-003
   13.00000     -6.084229255365979E-003
   14.00000     -5.956402722327690E-003
   15.00000     -5.830183648022037E-003
   16.00000     -5.705564555136132E-003
   17.00000     -5.582537938252440E-003
   18.00000     -5.461096263682070E-003
   19.00000     -5.341231969295372E-003
   20.00000     -5.222937464354886E-003
   21.00000     -5.106205129347990E-003
   22.00000     -4.991027315819350E-003
   23.00000     -4.877396346207075E-003
   24.00000     -4.765304513675418E-003
   25.00000     -4.654744081952236E-003
   26.00000     -4.545707285165898E-003
   27.00000     -4.438186327683389E-003
   28.00000     -4.332173383951091E-003
   29.00000     -4.227660598335378E-003
   30.00000     -4.124640084967031E-003
   31.00000     -4.023103927586468E-003
   32.00000     -3.923044179391796E-003
   33.00000     -3.824452862889068E-003
   34.00000     -3.727321969745815E-003
   35.00000     -3.631643460647146E-003
   36.00000     -3.537409265155067E-003
   37.00000     -3.444611281572647E-003
   38.00000     -3.353241376810666E-003
   39.00000     -3.263291386260197E-003
   40.00000     -3.174753113667599E-003
   41.00000     -3.087618331018381E-003
   42.00000     -3.001878778422948E-003
   43.00000     -2.917526164010737E-003
   44.00000     -2.834552163831102E-003
   45.00000     -2.752948421759856E-003
   46.00000     -2.672706549415800E-003
   47.00000     -2.593818126084230E-003
   48.00000     -2.516274698650402E-003
   49.00000     -2.440067781543384E-003
   50.00000     -2.365188856690263E-003
   51.00000     -2.291629373483187E-003
   52.00000     -2.219380748758288E-003
   53.00000     -2.148434366789318E-003
   54.00000     -2.078781579296809E-003
   55.00000     -2.010413705473780E-003
   56.00000     -1.943322032028685E-003
   57.00000     -1.877497813249208E-003
   58.00000     -1.812932271087054E-003
   59.00000     -1.749616595266473E-003
   60.00000     -1.687541943417111E-003
   61.00000     -1.626699441236361E-003
   62.00000     -1.567080182681218E-003
   63.00000     -1.508675230193306E-003
   64.00000     -1.451475614960606E-003
   65.00000     -1.395472337219341E-003
   66.00000     -1.340656366599050E-003
   67.00000     -1.287018642516249E-003
   68.00000     -1.234550074620889E-003
   69.00000     -1.183241543301179E-003
   70.00000     -1.133083900252366E-003
   71.00000     -1.084067969117226E-003
   72.00000     -1.036184546204609E-003
   73.00000     -9.894244012957889E-004
   74.00000     -9.437782785471554E-004
   75.00000     -8.992368975010793E-004
   76.00000     -8.557909542167133E-004
   77.00000     -8.134311225357408E-004
   78.00000     -7.721480554978421E-004
   79.00000     -7.319323869259313E-004
   80.00000     -6.927747332009309E-004
   81.00000     -6.546656952518668E-004
   82.00000     -6.175958607879442E-004
   83.00000     -5.815558068073161E-004
   84.00000     -5.465361024189070E-004
   85.00000     -5.125273120229575E-004
   86.00000     -4.795199989023992E-004
   87.00000     -4.475047292863324E-004
   88.00000     -4.164720769597083E-004
   89.00000     -3.864126285048140E-004
   90.00000     -3.573169892796323E-004
   91.00000     -3.291757902579004E-004
   92.00000     -3.019796958818549E-004
   93.00000     -2.757194131123058E-004
   94.00000     -2.503857019015101E-004
   95.00000     -2.259693873676827E-004
   96.00000     -2.024613740171976E-004
   97.00000     -1.798526624498210E-004
   98.00000     -1.581343690957619E-004
   99.00000     -1.372977496882164E-004
   100.0000     -1.173342273779503E-004
   101.0000     -9.823542667564112E-005
   102.0000     -7.999321479071782E-005
   103.0000     -6.259975247194848E-005
   104.0000     -4.604755721975225E-005
   105.0000     -3.032958285272403E-005
   106.0000     -1.543932106276692E-005
   107.0000     -1.370933112148039E-006
