  0.0000000E+00 -6.476333392152147E-003
   1.000000     -6.333433912280913E-003
   2.000000     -6.192263448351687E-003
   3.000000     -6.052815142496469E-003
   4.000000     -5.915082115890645E-003
   5.000000     -5.779057468741645E-003
   6.000000     -5.644734280285484E-003
   7.000000     -5.512105608789809E-003
   8.000000     -5.381164491561475E-003
   9.000000     -5.251903944969201E-003
   10.00000     -5.124316964466657E-003
   11.00000     -4.998396524630606E-003
   12.00000     -4.874135579206635E-003
   13.00000     -4.751527061165439E-003
   14.00000     -4.630563882770598E-003
   15.00000     -4.511238935658251E-003
   16.00000     -4.393545090931491E-003
   17.00000     -4.277475199265476E-003
   18.00000     -4.163022091029605E-003
   19.00000     -4.050178576425622E-003
   20.00000     -3.938937445642545E-003
   21.00000     -3.829291469029494E-003
   22.00000     -3.721233397289182E-003
   23.00000     -3.614755961691632E-003
   24.00000     -3.509851874312321E-003
   25.00000     -3.406513828293521E-003
   26.00000     -3.304734498132083E-003
   27.00000     -3.204506539997243E-003
   28.00000     -3.105822592077586E-003
   29.00000     -3.008675274961980E-003
   30.00000     -2.913057192056297E-003
   31.00000     -2.818960930038666E-003
   32.00000     -2.726379059356439E-003
   33.00000     -2.635304134769559E-003
   34.00000     -2.545728695940860E-003
   35.00000     -2.457645268082283E-003
   36.00000     -2.371046362656770E-003
   37.00000     -2.285924478143638E-003
   38.00000     -2.202272100873286E-003
   39.00000     -2.120081705934081E-003
   40.00000     -2.039345758162453E-003
   41.00000     -1.960056713221031E-003
   42.00000     -1.882207018772434E-003
   43.00000     -1.805789115760970E-003
   44.00000     -1.730795439808271E-003
   45.00000     -1.657218422738430E-003
   46.00000     -1.585050494242176E-003
   47.00000     -1.514284083695330E-003
   48.00000     -1.444911622148427E-003
   49.00000     -1.376925544503587E-003
   50.00000     -1.310318291899637E-003
   51.00000     -1.245082314328871E-003
   52.00000     -1.181210073509671E-003
   53.00000     -1.118694046045288E-003
   54.00000     -1.057526726901967E-003
   55.00000     -9.977006332431133E-004
   56.00000     -9.392083086643386E-004
   57.00000     -8.820423278773557E-004
   58.00000     -8.261953019025422E-004
   59.00000     -7.716598838325759E-004
   60.00000     -7.184287752478827E-004
   61.00000     -6.664947333696133E-004
   62.00000     -6.158505790563824E-004
   63.00000     -5.664892057670847E-004
   64.00000     -5.184035896321715E-004
   65.00000     -4.715868008064154E-004
   66.00000     -4.260320163043375E-004
   67.00000     -3.817325345623860E-004
   68.00000     -3.386817920195087E-004
   69.00000     -2.968733820701022E-004
   70.00000     -2.563010768201507E-004
   71.00000     -2.169588521750598E-004
   72.00000     -1.788409169118071E-004
   73.00000     -1.419417465491662E-004
   74.00000     -1.062561230370554E-004
   75.00000     -7.177918156098957E-005
   76.00000     -3.850646612122587E-005
   77.00000     -6.433996036096409E-006
