  0.0000000E+00 -1.962440014032973E-003
   1.000000     -1.842672822357919E-003
   2.000000     -1.724773272327597E-003
   3.000000     -1.608737209170794E-003
   4.000000     -1.494560563661277E-003
   5.000000     -1.382239358642960E-003
   6.000000     -1.271769716109465E-003
   7.000000     -1.163147864892783E-003
   8.000000     -1.056370149029307E-003
   9.000000     -9.514330368786066E-004
   10.00000     -8.483331310778275E-004
   11.00000     -7.470671794310018E-004
   12.00000     -6.476320868423691E-004
   13.00000     -5.500249284218707E-004
   14.00000     -4.542429639077954E-004
   15.00000     -3.602836535762689E-004
   16.00000     -2.681446758320315E-004
   17.00000     -1.778239467075086E-004
   18.00000     -8.931964153573074E-005
   19.00000     -2.630219107615629E-006
