  0.0000000E+00 -6.582751525837365E-003
   1.000000     -6.439354630831309E-003
   2.000000     -6.297684550571832E-003
   3.000000     -6.157734401948394E-003
   4.000000     -6.019497280344391E-003
   5.000000     -5.882966259606995E-003
   6.000000     -5.748134392022310E-003
   7.000000     -5.614994708297341E-003
   8.000000     -5.483540217546497E-003
   9.000000     -5.353763907286501E-003
   10.00000     -5.225658743438577E-003
   11.00000     -5.099217670337848E-003
   12.00000     -4.974433610751397E-003
   13.00000     -4.851299465905384E-003
   14.00000     -4.729808115522806E-003
   15.00000     -4.609952417869209E-003
   16.00000     -4.491725209812443E-003
   17.00000     -4.375119306892128E-003
   18.00000     -4.260127503403069E-003
   19.00000     -4.146742572492251E-003
   20.00000     -4.034957266269400E-003
   21.00000     -3.924764315935490E-003
   22.00000     -3.816156431926075E-003
   23.00000     -3.709126304073982E-003
   24.00000     -3.603666601792016E-003
   25.00000     -3.499769974274894E-003
   26.00000     -3.397429050726195E-003
   27.00000     -3.296636440607970E-003
   28.00000     -3.197384733917434E-003
   29.00000     -3.099666501491505E-003
   30.00000     -3.003474295342923E-003
   31.00000     -2.908800649028307E-003
   32.00000     -2.815638078052483E-003
   33.00000     -2.723979080311219E-003
   34.00000     -2.633816136575870E-003
   35.00000     -2.545141711022949E-003
   36.00000     -2.457948251813338E-003
   37.00000     -2.372228191724103E-003
   38.00000     -2.287973948838475E-003
   39.00000     -2.205177927299185E-003
   40.00000     -2.123832518128540E-003
   41.00000     -2.043930100125700E-003
   42.00000     -1.965463040843702E-003
   43.00000     -1.888423697655136E-003
   44.00000     -1.812804418917202E-003
   45.00000     -1.738597545241403E-003
   46.00000     -1.665795410881012E-003
   47.00000     -1.594390345248254E-003
   48.00000     -1.524374674570968E-003
   49.00000     -1.455740723707365E-003
   50.00000     -1.388480818131716E-003
   51.00000     -1.322587286111431E-003
   52.00000     -1.258052461095383E-003
   53.00000     -1.194868684336330E-003
   54.00000     -1.133028307775095E-003
   55.00000     -1.072523697215489E-003
   56.00000     -1.013347235824624E-003
   57.00000     -9.554913279981482E-004
   58.00000     -8.989484036338025E-004
   59.00000     -8.437109228677479E-004
   60.00000     -7.897713813292943E-004
   61.00000     -7.371223159866673E-004
   62.00000     -6.857563116610010E-004
   63.00000     -6.356660083038494E-004
   64.00000     -5.868441091464084E-004
   65.00000     -5.392833898496238E-004
   66.00000     -4.929767088066966E-004
   67.00000     -4.479170187793296E-004
   68.00000     -4.040973800820728E-004
   69.00000     -3.615109755735681E-004
   70.00000     -3.201511277674562E-004
   71.00000     -2.800113184402604E-004
   72.00000     -2.410852112014048E-004
   73.00000     -2.033666775943147E-004
   74.00000     -1.668498274378755E-004
   75.00000     -1.315290442936851E-004
   76.00000     -9.739902717833626E-005
   77.00000     -6.445483994743200E-005
   78.00000     -3.269197019023150E-005
   79.00000     -2.106400032923893E-006
