  0.0000000E+00 -8.787218973210201E-003
   1.000000     -8.633894536735701E-003
   2.000000     -8.482257851115000E-003
   3.000000     -8.332301679104766E-003
   4.000000     -8.184018756295982E-003
   5.000000     -8.037401790928291E-003
   6.000000     -7.892443463698547E-003
   7.000000     -7.749136427570141E-003
   8.000000     -7.607473307581776E-003
   9.000000     -7.467446700653853E-003
   10.00000     -7.329049175393039E-003
   11.00000     -7.192273271897989E-003
   12.00000     -7.057111501561101E-003
   13.00000     -6.923556346871772E-003
   14.00000     -6.791600261215463E-003
   15.00000     -6.661235668674098E-003
   16.00000     -6.532454963824417E-003
   17.00000     -6.405250511534517E-003
   18.00000     -6.279614646760590E-003
   19.00000     -6.155539674341346E-003
   20.00000     -6.033017868792506E-003
   21.00000     -5.912041474098065E-003
   22.00000     -5.792602703503512E-003
   23.00000     -5.674693739305589E-003
   24.00000     -5.558306732642256E-003
   25.00000     -5.443433803280885E-003
   26.00000     -5.330067039406039E-003
   27.00000     -5.218198497406348E-003
   28.00000     -5.107820201659802E-003
   29.00000     -4.998924144319274E-003
   30.00000     -4.891502285096013E-003
   31.00000     -4.785546551042573E-003
   32.00000     -4.681048836335682E-003
   33.00000     -4.578001002058039E-003
   34.00000     -4.476394875978719E-003
   35.00000     -4.376222252333363E-003
   36.00000     -4.277474891604374E-003
   37.00000     -4.180144520299233E-003
   38.00000     -4.084222830729307E-003
   39.00000     -3.989701480788058E-003
   40.00000     -3.896572093728044E-003
   41.00000     -3.804826257938507E-003
   42.00000     -3.714455526721891E-003
   43.00000     -3.625451418070543E-003
   44.00000     -3.537805414443234E-003
   45.00000     -3.451508962540772E-003
   46.00000     -3.366553473083132E-003
   47.00000     -3.282930320584021E-003
   48.00000     -3.200630843128898E-003
   49.00000     -3.119646342149885E-003
   50.00000     -3.039968082203121E-003
   51.00000     -2.961587290745148E-003
   52.00000     -2.884495157910661E-003
   53.00000     -2.808682836289915E-003
   54.00000     -2.734141440707513E-003
   55.00000     -2.660862048001011E-003
   56.00000     -2.588835696801344E-003
   57.00000     -2.518053387313012E-003
   58.00000     -2.448506081096577E-003
   59.00000     -2.380184700850919E-003
   60.00000     -2.313080130198434E-003
   61.00000     -2.247183213469820E-003
   62.00000     -2.182484755491651E-003
   63.00000     -2.118975521375409E-003
   64.00000     -2.056646236308171E-003
   65.00000     -1.995487585345157E-003
   66.00000     -1.935490213205033E-003
   67.00000     -1.876644724066718E-003
   68.00000     -1.818941681369357E-003
   69.00000     -1.762371607615407E-003
   70.00000     -1.706924984174475E-003
   71.00000     -1.652592251093688E-003
   72.00000     -1.599363806907945E-003
   73.00000     -1.547230008456270E-003
   74.00000     -1.496181170700355E-003
   75.00000     -1.446207566548363E-003
   76.00000     -1.397299426681764E-003
   77.00000     -1.349446939387611E-003
   78.00000     -1.302640250396008E-003
   79.00000     -1.256869462721468E-003
   80.00000     -1.212124636511105E-003
   81.00000     -1.168395788897647E-003
   82.00000     -1.125672893859688E-003
   83.00000     -1.083945882087259E-003
   84.00000     -1.043204640855710E-003
   85.00000     -1.003439013906096E-003
   86.00000     -9.646388013338138E-004
   87.00000     -9.267937594857304E-004
   88.00000     -8.898936008658206E-004
   89.00000     -8.539279940507563E-004
   90.00000     -8.188865636155025E-004
   91.00000     -7.847588900690879E-004
   92.00000     -7.515345098027507E-004
   93.00000     -7.192029150495812E-004
   94.00000     -6.877535538574165E-004
   95.00000     -6.571758300759773E-004
   96.00000     -6.274591033583984E-004
   97.00000     -5.985926891792888E-004
   98.00000     -5.705658588698582E-004
   99.00000     -5.433678396714780E-004
   100.0000     -5.169878148093222E-004
   101.0000     -4.914149235878611E-004
   102.0000     -4.666382615095677E-004
   103.0000     -4.426468804191861E-004
   104.0000     -4.194297886759268E-004
   105.0000     -3.969759513560427E-004
   106.0000     -3.752742904887806E-004
   107.0000     -3.543136853291249E-004
   108.0000     -3.340829726710547E-004
   109.0000     -3.145709472063033E-004
   110.0000     -2.957663619328773E-004
   111.0000     -2.776579286202278E-004
   112.0000     -2.602343183377472E-004
   113.0000     -2.434841620546424E-004
   114.0000     -2.273960513213838E-004
   115.0000     -2.119585390439178E-004
   116.0000     -1.971601403648131E-004
   117.0000     -1.829893336677536E-004
   118.0000     -1.694345617255630E-004
   119.0000     -1.564842330162339E-004
   120.0000     -1.441267232370606E-004
   121.0000     -1.323503770535128E-004
   122.0000     -1.211435101292419E-004
   123.0000     -1.104944114943803E-004
   124.0000     -1.003913463251870E-004
   125.0000     -9.082255922747439E-005
   126.0000     -8.177627814348531E-005
   127.0000     -7.324071903701787E-005
   128.0000     -6.520409156184842E-005
   129.0000     -5.765460598506219E-005
   130.0000     -5.058048173378614E-005
   131.0000     -4.396995806978019E-005
   132.0000     -3.781130759613600E-005
   133.0000     -3.209285359761466E-005
   134.0000     -2.680299266902577E-005
   135.0000     -2.193022479686428E-005
   136.0000     -1.746319420907089E-005
   137.0000     -1.339074623520161E-005
   138.0000     -9.702008795492366E-006
   139.0000     -6.386513356885888E-006
   140.0000     -3.434382395718045E-006
   141.0000     -8.366362892851049E-007
