  0.0000000E+00 -7.877765247295629E-003
   1.000000     -7.728453578383558E-003
   2.000000     -7.580844398737562E-003
   3.000000     -7.434930583665533E-003
   4.000000     -7.290704982590929E-003
   5.000000     -7.148160418888742E-003
   6.000000     -7.007289689718956E-003
   7.000000     -6.868085565861617E-003
   8.000000     -6.730540791550050E-003
   9.000000     -6.594648084304107E-003
   10.00000     -6.460400134762746E-003
   11.00000     -6.327789606517945E-003
   12.00000     -6.196809135946017E-003
   13.00000     -6.067451332040814E-003
   14.00000     -5.939708776246115E-003
   15.00000     -5.813574022287344E-003
   16.00000     -5.689039596004341E-003
   17.00000     -5.566097995185528E-003
   18.00000     -5.444741689398358E-003
   19.00000     -5.324963119824479E-003
   20.00000     -5.206754699093061E-003
   21.00000     -5.090108811115572E-003
   22.00000     -4.975017810920058E-003
   23.00000     -4.861474024487790E-003
   24.00000     -4.749469748590143E-003
   25.00000     -4.638997250626479E-003
   26.00000     -4.530048768463800E-003
   27.00000     -4.422616510276822E-003
   28.00000     -4.316692654390860E-003
   29.00000     -4.212269349126117E-003
   30.00000     -4.109338712642859E-003
   31.00000     -4.007892832791241E-003
   32.00000     -3.907923766960549E-003
   33.00000     -3.809423541933950E-003
   34.00000     -3.712384153743813E-003
   35.00000     -3.616797567532858E-003
   36.00000     -3.522655717415775E-003
   37.00000     -3.429950506347418E-003
   38.00000     -3.338673805993973E-003
   39.00000     -3.248817456608802E-003
   40.00000     -3.160373266913408E-003
   41.00000     -3.073333013984358E-003
   42.00000     -2.987688443145436E-003
   43.00000     -2.903431267866716E-003
   44.00000     -2.820553169670740E-003
   45.00000     -2.739045798045924E-003
   46.00000     -2.658900770368921E-003
   47.00000     -2.580109671835231E-003
   48.00000     -2.502664055400382E-003
   49.00000     -2.426555441730927E-003
   50.00000     -2.351775319167818E-003
   51.00000     -2.278315143701898E-003
   52.00000     -2.206166338962833E-003
   53.00000     -2.135320296222986E-003
   54.00000     -2.065768374417455E-003
   55.00000     -1.997501900181717E-003
   56.00000     -1.930512167907710E-003
   57.00000     -1.864790439821352E-003
   58.00000     -1.800327946081750E-003
   59.00000     -1.737115884905942E-003
   60.00000     -1.675145422719527E-003
   61.00000     -1.614407694337340E-003
   62.00000     -1.554893803175586E-003
   63.00000     -1.496594821498705E-003
   64.00000     -1.439501790705789E-003
   65.00000     -1.383605721657322E-003
   66.00000     -1.328897595049481E-003
   67.00000     -1.275368361838370E-003
   68.00000     -1.223008943719856E-003
   69.00000     -1.171810233671564E-003
   70.00000     -1.121763096562340E-003
   71.00000     -1.072858369836670E-003
   72.00000     -1.025086864282181E-003
   73.00000     -9.784393648899197E-004
   74.00000     -9.329066318161884E-004
   75.00000     -8.884794014592300E-004
   76.00000     -8.451483876630379E-004
   77.00000     -8.029042830635549E-004
   78.00000     -7.617377605947496E-004
   79.00000     -7.216394751740796E-004
   80.00000     -6.826000655901857E-004
   81.00000     -6.446101566188120E-004
   82.00000     -6.076603613980183E-004
   83.00000     -5.717412840965580E-004
   84.00000     -5.368435229180131E-004
   85.00000     -5.029576734876680E-004
   86.00000     -4.700743326792732E-004
   87.00000     -4.381841029480633E-004
   88.00000     -4.072775972497168E-004
   89.00000     -3.773454446388001E-004
   90.00000     -3.483782966608496E-004
   91.00000     -3.203668346737717E-004
   92.00000     -2.933017782641393E-004
   93.00000     -2.671738949598900E-004
   94.00000     -2.419740114876732E-004
   95.00000     -2.176930268810566E-004
   96.00000     -1.943219278228264E-004
   97.00000     -1.718518067020642E-004
   98.00000     -1.502738829979261E-004
   99.00000     -1.295795287737451E-004
   100.0000     -1.097602992986728E-004
   101.0000     -9.080797013102948E-005
   102.0000     -7.271458243872104E-005
   103.0000     -5.547249895262742E-005
   104.0000     -3.907447383954678E-005
   105.0000     -2.351374108772088E-005
   106.0000     -8.784127955858455E-006
