  0.0000000E+00 -8.440436921328509E-003
   1.000000     -8.288629706577389E-003
   2.000000     -8.138515660082273E-003
   3.000000     -7.990087582962118E-003
   4.000000     -7.843338249531423E-003
   5.000000     -7.698260407115820E-003
   6.000000     -7.554846775866928E-003
   7.000000     -7.413090048577552E-003
   8.000000     -7.272982890491811E-003
   9.000000     -7.134517939119794E-003
   10.00000     -6.997687804044941E-003
   11.00000     -6.862485066736189E-003
   12.00000     -6.728902280353986E-003
   13.00000     -6.596931969558561E-003
   14.00000     -6.466566630316585E-003
   15.00000     -6.337798729705153E-003
   16.00000     -6.210620705716454E-003
   17.00000     -6.085024967061353E-003
   18.00000     -5.961003892971191E-003
   19.00000     -5.838549832999134E-003
   20.00000     -5.717655106819993E-003
   21.00000     -5.598312004031615E-003
   22.00000     -5.480512783951184E-003
   23.00000     -5.364249675415067E-003
   24.00000     -5.249514876574542E-003
   25.00000     -5.136300554693506E-003
   26.00000     -5.024598845942965E-003
   27.00000     -4.914401855197262E-003
   28.00000     -4.805701655827887E-003
   29.00000     -4.698490289497141E-003
   30.00000     -4.592759765952655E-003
   31.00000     -4.488502062819872E-003
   32.00000     -4.385709125394541E-003
   33.00000     -4.284372866435570E-003
   34.00000     -4.184485165956669E-003
   35.00000     -4.086037871018830E-003
   36.00000     -3.989022795521709E-003
   37.00000     -3.893431719996389E-003
   38.00000     -3.799256391395939E-003
   39.00000     -3.706488522889046E-003
   40.00000     -3.615119793651572E-003
   41.00000     -3.525141848659664E-003
   42.00000     -3.436546298482650E-003
   43.00000     -3.349324719077553E-003
   44.00000     -3.263468651583119E-003
   45.00000     -3.178969602115981E-003
   46.00000     -3.095819041566117E-003
   47.00000     -3.014008405395248E-003
   48.00000     -2.933529093436061E-003
   49.00000     -2.854372469691566E-003
   50.00000     -2.776529862137917E-003
   51.00000     -2.699992562528329E-003
   52.00000     -2.624751826199477E-003
   53.00000     -2.550798871878522E-003
   54.00000     -2.478124881495257E-003
   55.00000     -2.406720999995095E-003
   56.00000     -2.336578335155706E-003
   57.00000     -2.267687957407366E-003
   58.00000     -2.200040899656520E-003
   59.00000     -2.133628157112941E-003
   60.00000     -2.068440687121967E-003
   61.00000     -2.004469409001659E-003
   62.00000     -1.941705203884099E-003
   63.00000     -1.880138914562750E-003
   64.00000     -1.819761345346367E-003
   65.00000     -1.760563261919010E-003
   66.00000     -1.702535391207007E-003
   67.00000     -1.645668421254274E-003
   68.00000     -1.589953001105604E-003
   69.00000     -1.535379740699818E-003
   70.00000     -1.481939210771728E-003
   71.00000     -1.429621942765659E-003
   72.00000     -1.378418428761001E-003
   73.00000     -1.328319121409852E-003
   74.00000     -1.279314433888784E-003
   75.00000     -1.231394739865702E-003
   76.00000     -1.184550373483521E-003
   77.00000     -1.138771629361274E-003
   78.00000     -1.094048762615261E-003
   79.00000     -1.050371988901274E-003
   80.00000     -1.007731484480363E-003
   81.00000     -9.661173863106311E-004
   82.00000     -9.255197921666866E-004
   83.00000     -8.859287607902890E-004
   84.00000     -8.473343120750723E-004
   85.00000     -8.097264272889733E-004
   86.00000     -7.730950493375759E-004
   87.00000     -7.374300830738904E-004
   88.00000     -7.027213956590242E-004
   89.00000     -6.689588169787659E-004
   90.00000     -6.361321401238699E-004
   91.00000     -6.042311219399296E-004
   92.00000     -5.732454836564629E-004
   93.00000     -5.431649116038151E-004
   94.00000     -5.139790580294143E-004
   95.00000     -4.856775420262442E-004
   96.00000     -4.582499505878378E-004
   97.00000     -4.316858398071505E-004
   98.00000     -4.059747362399307E-004
   99.00000     -3.811061384552508E-004
   100.0000     -3.570695188012842E-004
   101.0000     -3.338543254194532E-004
   102.0000     -3.114499845454130E-004
   103.0000     -2.898459031435984E-004
   104.0000     -2.690314719315128E-004
   105.0000     -2.489960688610583E-004
   106.0000     -2.297290631391639E-004
   107.0000     -2.112198198882499E-004
   108.0000     -1.934577055703346E-004
   109.0000     -1.764320943280980E-004
   110.0000     -1.601323754352470E-004
   111.0000     -1.445479620983816E-004
   112.0000     -1.296683019184747E-004
   113.0000     -1.154828894088892E-004
   114.0000     -1.019812810848313E-004
   115.0000     -8.915311380273066E-005
   116.0000     -7.698812725304973E-005
   117.0000     -6.547619182858316E-005
   118.0000     -5.460734354844479E-005
   119.0000     -4.437182838826591E-005
   120.0000     -3.476015937471735E-005
   121.0000     -2.576319135235343E-005
   122.0000     -1.737222079085348E-005
   123.0000     -9.579122038200403E-006
   124.0000     -2.376538327454351E-006
