  0.0000000E+00 -2.351701380047580E-003
   1.000000     -2.229749906878066E-003
   2.000000     -2.109649184670008E-003
   3.000000     -1.991394611588232E-003
   4.000000     -1.874981648972146E-003
   5.000000     -1.760405826215795E-003
   6.000000     -1.647662746040657E-003
   7.000000     -1.536748090198751E-003
   8.000000     -1.427657625654436E-003
   9.000000     -1.320387211287858E-003
   10.00000     -1.214932805181511E-003
   11.00000     -1.111290472549664E-003
   12.00000     -1.009456394382523E-003
   13.00000     -9.094268768865925E-004
   14.00000     -8.111983618135110E-004
   15.00000     -7.147674377819857E-004
   16.00000     -6.201308527150117E-004
   17.00000     -5.272855275304287E-004
   18.00000     -4.362285712454355E-004
   19.00000     -3.469572976817785E-004
   20.00000     -2.594692439865610E-004
   21.00000     -1.737621912219154E-004
   22.00000     -8.983418731924376E-005
   23.00000     -7.683572746193953E-006
