  0.0000000E+00 -1.291746386097076E-003
   1.000000     -1.175851058021245E-003
   2.000000     -1.061855918700348E-003
   3.000000     -9.497577687784030E-004
   4.000000     -8.395535470926950E-004
   5.000000     -7.312403414514721E-004
   6.000000     -6.248154004172789E-004
   7.000000     -5.202761462152675E-004
   8.000000     -4.176201889016934E-004
   9.000000     -3.168453419511840E-004
   10.00000     -2.179496394417262E-004
   11.00000     -1.209313550492054E-004
   12.00000     -2.578902309235012E-005
