  0.0000000E+00 -8.301160305246066E-003
   1.000000     -8.149966852013560E-003
   2.000000     -8.000468811233764E-003
   3.000000     -7.852659000945653E-003
   4.000000     -7.706530212569443E-003
   5.000000     -7.562075210726145E-003
   6.000000     -7.419286733055042E-003
   7.000000     -7.278157490032594E-003
   8.000000     -7.138680164786637E-003
   9.000000     -7.000847412913357E-003
   10.00000     -6.864651862289170E-003
   11.00000     -6.730086112886712E-003
   12.00000     -6.597142736585053E-003
   13.00000     -6.465814276981450E-003
   14.00000     -6.336093249202054E-003
   15.00000     -6.207972139711647E-003
   16.00000     -6.081443406121916E-003
   17.00000     -5.956499476999343E-003
   18.00000     -5.833132751673071E-003
   19.00000     -5.711335600040113E-003
   20.00000     -5.591100362372502E-003
   21.00000     -5.472419349120850E-003
   22.00000     -5.355284840720476E-003
   23.00000     -5.239689087393024E-003
   24.00000     -5.125624308952664E-003
   25.00000     -5.013082694606243E-003
   26.00000     -4.902056402758060E-003
   27.00000     -4.792537560810152E-003
   28.00000     -4.684518264965389E-003
   29.00000     -4.577990580029421E-003
   30.00000     -4.472946539210525E-003
   31.00000     -4.369378143923305E-003
   32.00000     -4.267277363587975E-003
   33.00000     -4.166636135434371E-003
   34.00000     -4.067446364302229E-003
   35.00000     -3.969699922443231E-003
   36.00000     -3.873388649325036E-003
   37.00000     -3.778504351432729E-003
   38.00000     -3.685038802074547E-003
   39.00000     -3.592983741184289E-003
   40.00000     -3.502330875128837E-003
   41.00000     -3.413071876513738E-003
   42.00000     -3.325198383991408E-003
   43.00000     -3.238702002070532E-003
   44.00000     -3.153574300926655E-003
   45.00000     -3.069806816215318E-003
   46.00000     -2.987391048886272E-003
   47.00000     -2.906318465001050E-003
   48.00000     -2.826580495551931E-003
   49.00000     -2.748168536283947E-003
   50.00000     -2.671073947520609E-003
   51.00000     -2.595288053991669E-003
   52.00000     -2.520802144665902E-003
   53.00000     -2.447607472586280E-003
   54.00000     -2.375695254711188E-003
   55.00000     -2.305056671758460E-003
   56.00000     -2.235682868056747E-003
   57.00000     -2.167564951399993E-003
   58.00000     -2.100693992910647E-003
   59.00000     -2.035061026907338E-003
   60.00000     -1.970657050780898E-003
   61.00000     -1.907473024878181E-003
   62.00000     -1.845499872393758E-003
   63.00000     -1.784728479272440E-003
   64.00000     -1.725149694119411E-003
   65.00000     -1.666754328124055E-003
   66.00000     -1.609533154993729E-003
   67.00000     -1.553476910901906E-003
   68.00000     -1.498576294449331E-003
   69.00000     -1.444821966641511E-003
   70.00000     -1.392204550882574E-003
   71.00000     -1.340714632987922E-003
   72.00000     -1.290342761216161E-003
   73.00000     -1.241079446323795E-003
   74.00000     -1.192915161643192E-003
   75.00000     -1.145840343187467E-003
   76.00000     -1.099845389783268E-003
   77.00000     -1.054920663236350E-003
   78.00000     -1.011056488530530E-003
   79.00000     -9.682431540658504E-004
   80.00000     -9.264709119388427E-004
   81.00000     -8.857299782686615E-004
   82.00000     -8.460105335756199E-004
   83.00000     -8.073027232158635E-004
   84.00000     -7.695966578810168E-004
   85.00000     -7.328824141661716E-004
   86.00000     -6.971500352188971E-004
   87.00000     -6.623895314745133E-004
   88.00000     -6.285908814910585E-004
   89.00000     -5.957440328943063E-004
   90.00000     -5.638389034481142E-004
   91.00000     -5.328653822649972E-004
   92.00000     -5.028133311769511E-004
   93.00000     -4.736725862874581E-004
   94.00000     -4.454329597299044E-004
   95.00000     -4.180842416630712E-004
   96.00000     -3.916162025378159E-004
   97.00000     -3.660185956769867E-004
   98.00000     -3.412811602173863E-004
   99.00000     -3.173936244728239E-004
   100.0000     -2.943457097887269E-004
   101.0000     -2.721271349732874E-004
   102.0000     -2.507276214086449E-004
   103.0000     -2.301368989687070E-004
   104.0000     -2.103447128985925E-004
   105.0000     -1.913408318488377E-004
   106.0000     -1.731150573049781E-004
   107.0000     -1.556572347162800E-004
   108.0000     -1.389572667091139E-004
   109.0000     -1.230051288811102E-004
   110.0000     -1.077908888198786E-004
   111.0000     -9.330472919259311E-005
   112.0000     -7.953697603357335E-005
   113.0000     -6.647813375280390E-005
   114.0000     -5.411892895737520E-005
   115.0000     -4.245036601095439E-005
   116.0000     -3.146379850759203E-005
   117.0000     -2.115102276076168E-005
   118.0000     -1.150440246323904E-005
   119.0000     -2.517038687803608E-006
