  0.0000000E+00 -3.280472771201100E-003
   1.000000     -3.153476806844769E-003
   2.000000     -3.028296146317529E-003
   3.000000     -2.904925356537931E-003
   4.000000     -2.783359030336027E-003
   5.000000     -2.663591788855450E-003
   6.000000     -2.545618284131518E-003
   7.000000     -2.429433201857552E-003
   8.000000     -2.315031264359649E-003
   9.000000     -2.202407233796330E-003
   10.00000     -2.091555915605836E-003
   11.00000     -1.982472162221165E-003
   12.00000     -1.875150877081475E-003
   13.00000     -1.769587018967921E-003
   14.00000     -1.665775606693681E-003
   15.00000     -1.563711724187327E-003
   16.00000     -1.463390526007643E-003
   17.00000     -1.364807243336814E-003
   18.00000     -1.267957190501149E-003
   19.00000     -1.172835772080535E-003
   20.00000     -1.079438490669111E-003
   21.00000     -9.877609553645026E-004
   22.00000     -8.977988910697186E-004
   23.00000     -8.095481487061223E-004
   24.00000     -7.230047164488860E-004
   25.00000     -6.381647321158847E-004
   26.00000     -5.550244968577115E-004
   27.00000     -4.735804903225366E-004
   28.00000     -3.938293874996762E-004
   29.00000     -3.157680774750219E-004
   30.00000     -2.393936843789619E-004
   31.00000     -1.647035908517450E-004
   32.00000     -9.169546441671354E-005
   33.00000     -2.036728722304641E-005
