  0.0000000E+00 -7.710660998318662E-003
   1.000000     -7.562098806184743E-003
   2.000000     -7.415242006688685E-003
   3.000000     -7.270083500343048E-003
   4.000000     -7.126616162145608E-003
   5.000000     -6.984832841422025E-003
   6.000000     -6.844726361670454E-003
   7.000000     -6.706289520405371E-003
   8.000000     -6.569515089002302E-003
   9.000000     -6.434395812539623E-003
   10.00000     -6.300924409645131E-003
   11.00000     -6.169093572339061E-003
   12.00000     -6.038895965878510E-003
   13.00000     -5.910324228603786E-003
   14.00000     -5.783370971782409E-003
   15.00000     -5.658028779456322E-003
   16.00000     -5.534290208288434E-003
   17.00000     -5.412147787409954E-003
   18.00000     -5.291594018269312E-003
   19.00000     -5.172621374482417E-003
   20.00000     -5.055222301682468E-003
   21.00000     -4.939389217373551E-003
   22.00000     -4.825114510783947E-003
   23.00000     -4.712390542722103E-003
   24.00000     -4.601209645433973E-003
   25.00000     -4.491564122463172E-003
   26.00000     -4.383446248513054E-003
   27.00000     -4.276848269311858E-003
   28.00000     -4.171762401479067E-003
   29.00000     -4.068180832397465E-003
   30.00000     -3.966095720087150E-003
   31.00000     -3.865499193082921E-003
   32.00000     -3.766383350316504E-003
   33.00000     -3.668740261003251E-003
   34.00000     -3.572561964532534E-003
   35.00000     -3.477840470365299E-003
   36.00000     -3.384567757934924E-003
   37.00000     -3.292735776557363E-003
   38.00000     -3.202336445343781E-003
   39.00000     -3.113361653124486E-003
   40.00000     -3.025803258379096E-003
   41.00000     -2.939653089173568E-003
   42.00000     -2.854902943110358E-003
   43.00000     -2.771544587284337E-003
   44.00000     -2.689569758252670E-003
   45.00000     -2.608970162014998E-003
   46.00000     -2.529737474006737E-003
   47.00000     -2.451863339106377E-003
   48.00000     -2.375339371657128E-003
   49.00000     -2.300157155505962E-003
   50.00000     -2.226308244059135E-003
   51.00000     -2.153784160357728E-003
   52.00000     -2.082576397173920E-003
   53.00000     -2.012676417129470E-003
   54.00000     -1.944075652839446E-003
   55.00000     -1.876765507082385E-003
   56.00000     -1.810737353000660E-003
   57.00000     -1.745982534331074E-003
   58.00000     -1.682492365672516E-003
   59.00000     -1.620258132789746E-003
   60.00000     -1.559271092960240E-003
   61.00000     -1.499522475366395E-003
   62.00000     -1.441003481537360E-003
   63.00000     -1.383705285846595E-003
   64.00000     -1.327619036069423E-003
   65.00000     -1.272735854007242E-003
   66.00000     -1.219046836185481E-003
   67.00000     -1.166543054632186E-003
   68.00000     -1.115215557746730E-003
   69.00000     -1.065055371267378E-003
   70.00000     -1.016053499349602E-003
   71.00000     -9.682009257668614E-004
   72.00000     -9.214886152479451E-004
   73.00000     -8.759075149673392E-004
   74.00000     -8.314485562059121E-004
   75.00000     -7.881026562035864E-004
   76.00000     -7.458607202273244E-004
   77.00000     -7.047136438821155E-004
   78.00000     -6.646523156965877E-004
   79.00000     -6.256676200198214E-004
   80.00000     -5.877504402723161E-004
   81.00000     -5.508916626009707E-004
   82.00000     -5.150821799959114E-004
   83.00000     -4.803128969387287E-004
   84.00000     -4.465747346627381E-004
   85.00000     -4.138586371222397E-004
   86.00000     -3.821555777855788E-004
   87.00000     -3.514565673906454E-004
   88.00000     -3.217526628302226E-004
   89.00000     -2.930349773690600E-004
   90.00000     -2.652946924418720E-004
   91.00000     -2.385230713369908E-004
   92.00000     -2.127114751451310E-004
   93.00000     -1.878513814468358E-004
   94.00000     -1.639344063370033E-004
   95.00000     -1.409523305485530E-004
   96.00000     -1.188971306556498E-004
   97.00000     -9.776101663377422E-005
   98.00000     -7.753647745999141E-005
   99.00000     -5.821633700335260E-005
   100.0000     -3.979382325930009E-005
   101.0000     -2.226265514357715E-005
   102.0000     -5.617152778103479E-006
