  0.0000000E+00 -3.111488710564169E-002
   1.000000     -2.914833735450681E-002
   2.000000     -2.726208179864755E-002
   3.000000     -2.545480121625967E-002
   4.000000     -2.372515765388403E-002
   5.000000     -2.207179394670045E-002
   6.000000     -2.049333322847446E-002
   7.000000     -1.898837843161775E-002
   8.000000     -1.755551177798458E-002
   9.000000     -1.619329426116439E-002
   10.00000     -1.490026512121976E-002
   11.00000     -1.367494131296226E-002
   12.00000     -1.251581696917609E-002
   13.00000     -1.142136286035663E-002
   14.00000     -1.039002585284996E-002
   15.00000     -9.420228367622182E-003
   16.00000     -8.510367842204131E-003
   17.00000     -7.658816198781950E-003
   18.00000     -6.863919321849085E-003
   19.00000     -6.123996549314841E-003
   20.00000     -5.437340181563654E-003
   21.00000     -4.802215013529018E-003
   22.00000     -4.216857895581403E-003
   23.00000     -3.679477329778643E-003
   24.00000     -3.188253108906902E-003
   25.00000     -2.741336006738376E-003
   26.00000     -2.336847529059379E-003
   27.00000     -1.972879736395104E-003
   28.00000     -1.647495151021968E-003
   29.00000     -1.358726763015477E-003
   30.00000     -1.104578153075156E-003
   31.00000     -8.830237542894220E-004
   32.00000     -6.920092821429215E-004
   33.00000     -5.294523744877388E-004
   34.00000     -3.932435066020155E-004
   35.00000     -2.812472942165138E-004
   36.00000     -1.913044036938071E-004
   37.00000     -1.212345506565184E-004
   38.00000     -6.884180543690340E-005
   39.00000     -3.192591731322026E-005
   40.00000     -8.314734336176343E-006
