  0.0000000E+00 -2.484814562038861E-002
   1.000000     -2.298603034859733E-002
   2.000000     -2.120570342513655E-002
   3.000000     -1.950589333841843E-002
   4.000000     -1.788531248190965E-002
   5.000000     -1.634265694530431E-002
   6.000000     -1.487660634281592E-002
   7.000000     -1.348582369057402E-002
   8.000000     -1.216895534869518E-002
   9.000000     -1.092463104840497E-002
   10.00000     -9.751464031161930E-003
   11.00000     -8.648051335818427E-003
   12.00000     -7.612974282655696E-003
   13.00000     -6.644799221388567E-003
   14.00000     -5.742078636896230E-003
   15.00000     -4.903352746100337E-003
   16.00000     -4.127151779900072E-003
   17.00000     -3.411999238880623E-003
   18.00000     -2.756416564755563E-003
   19.00000     -2.158929926404122E-003
   20.00000     -1.618080268620626E-003
   21.00000     -1.132438598269598E-003
   22.00000     -7.006301001367583E-004
   23.00000     -3.213740943862165E-004
