  0.0000000E+00 -3.016634521976568E-002
   1.000000     -2.821523346279356E-002
   2.000000     -2.634461937752921E-002
   3.000000     -2.455318891974009E-002
   4.000000     -2.283960947336720E-002
   5.000000     -2.120252937583154E-002
   6.000000     -1.964057743328583E-002
   7.000000     -1.815236242634711E-002
   8.000000     -1.673647260703225E-002
   9.000000     -1.539147518782600E-002
   10.00000     -1.411591582399600E-002
   11.00000     -1.290831809056625E-002
   12.00000     -1.176718295564663E-002
   13.00000     -1.069098825222633E-002
   14.00000     -9.678188150937113E-003
   15.00000     -8.727212636886405E-003
   16.00000     -7.836466994288591E-003
   17.00000     -7.004331303468091E-003
   18.00000     -6.229159955841949E-003
   19.00000     -5.509281193811871E-003
   20.00000     -4.842996684266916E-003
   21.00000     -4.228581136682820E-003
   22.00000     -3.664281980068776E-003
   23.00000     -3.148319117481075E-003
   24.00000     -2.678884783455187E-003
   25.00000     -2.254143539566171E-003
   26.00000     -1.872232458751512E-003
   27.00000     -1.531261573856924E-003
   28.00000     -1.229314707634106E-003
   29.00000     -9.644508748594366E-004
   30.00000     -7.347065832033398E-004
   31.00000     -5.380996270020308E-004
   32.00000     -3.726355346579527E-004
   33.00000     -2.363191476823550E-004
   34.00000     -1.271772751644270E-004
   35.00000     -4.330924209816118E-005
