  0.0000000E+00 -3.135317284029474E-002
   1.000000     -2.938276431077093E-002
   2.000000     -2.749259998734386E-002
   3.000000     -2.568135944065151E-002
   4.000000     -2.394770347914084E-002
   5.000000     -2.229027366934349E-002
   6.000000     -2.070769184590382E-002
   7.000000     -1.919855961185084E-002
   8.000000     -1.776145782977800E-002
   9.000000     -1.639494610468190E-002
   10.00000     -1.509756225942585E-002
   11.00000     -1.386782180398198E-002
   12.00000     -1.270421739982148E-002
   13.00000     -1.160521832107870E-002
   14.00000     -1.056926991438678E-002
   15.00000     -9.594793059612706E-003
   16.00000     -8.680183634055412E-003
   17.00000     -7.823811983067757E-003
   18.00000     -7.024022400496018E-003
   19.00000     -6.279132622806643E-003
   20.00000     -5.587433341308891E-003
   21.00000     -4.947187737424510E-003
   22.00000     -4.356631046629290E-003
   23.00000     -3.813970157320871E-003
   24.00000     -3.317383251637105E-003
   25.00000     -2.865019495996446E-003
   26.00000     -2.454998789974915E-003
   27.00000     -2.085411582990671E-003
   28.00000     -1.754318769153876E-003
   29.00000     -1.459751671566748E-003
   30.00000     -1.199712128252934E-003
   31.00000     -9.721726928168606E-004
   32.00000     -7.750769637658605E-004
   33.00000     -6.063400572255585E-004
   34.00000     -4.638492384534803E-004
   35.00000     -3.454647280823015E-004
   36.00000     -2.490206993720860E-004
   37.00000     -1.723264828944054E-004
   38.00000     -1.131679949999849E-004
   39.00000     -6.930940632995636E-005
   40.00000     -3.849506720498521E-005
   41.00000     -1.845171105984070E-005
   42.00000     -6.890982019515308E-006
   43.00000     -1.512518451884219E-006
   44.00000     -1.088951780717761E-008
