  0.0000000E+00 -1.645253855618115E-002
   1.000000     -1.616657941395636E-002
   2.000000     -1.588378023079263E-002
   3.000000     -1.560412726924621E-002
   4.000000     -1.532760673967627E-002
   5.000000     -1.505420479987999E-002
   6.000000     -1.478390755472545E-002
   7.000000     -1.451670105578101E-002
   8.000000     -1.425257130094405E-002
   9.000000     -1.399150423406597E-002
   10.00000     -1.373348574457496E-002
   11.00000     -1.347850166709763E-002
   12.00000     -1.322653778107636E-002
   13.00000     -1.297757981038581E-002
   14.00000     -1.273161342294711E-002
   15.00000     -1.248862423033784E-002
   16.00000     -1.224859778740369E-002
   17.00000     -1.201151959186330E-002
   18.00000     -1.177737508391431E-002
   19.00000     -1.154614964583533E-002
   20.00000     -1.131782860158769E-002
   21.00000     -1.109239721641269E-002
   22.00000     -1.086984069642829E-002
   23.00000     -1.065014418822481E-002
   24.00000     -1.043329277845534E-002
   25.00000     -1.021927149342886E-002
   26.00000     -1.000806529869655E-002
   27.00000     -9.799659098640227E-003
   28.00000     -9.594037736057586E-003
   29.00000     -9.391185991744936E-003
   30.00000     -9.191088584080940E-003
   31.00000     -8.993730168604597E-003
   32.00000     -8.799095337585213E-003
   33.00000     -8.607168619595585E-003
   34.00000     -8.417934479133398E-003
   35.00000     -8.231377316307849E-003
   36.00000     -8.047481466390272E-003
   37.00000     -7.866231198782703E-003
   38.00000     -7.687610715536645E-003
   39.00000     -7.511604151626442E-003
   40.00000     -7.338195580352442E-003
   41.00000     -7.167369021121733E-003
   42.00000     -6.999108432201005E-003
   43.00000     -6.833397667775822E-003
   44.00000     -6.670220422229218E-003
   45.00000     -6.509560267802476E-003
   46.00000     -6.351400898363963E-003
   47.00000     -6.195726462194323E-003
   48.00000     -6.042521468926684E-003
   49.00000     -5.891769708237335E-003
   50.00000     -5.743452546500119E-003
   51.00000     -5.597548599760103E-003
   52.00000     -5.454036928697402E-003
   53.00000     -5.312905808377028E-003
   54.00000     -5.174153918853507E-003
   55.00000     -5.037786804849002E-003
   56.00000     -4.903793205082309E-003
   57.00000     -4.772120946835565E-003
   58.00000     -4.642677394944662E-003
   59.00000     -4.515375357628148E-003
   60.00000     -4.390208909656694E-003
   61.00000     -4.267306483025568E-003
   62.00000     -4.146904059490144E-003
   63.00000     -4.029205147461292E-003
   64.00000     -3.914152761123698E-003
   65.00000     -3.801280398746758E-003
   66.00000     -3.689894275346966E-003
   67.00000     -3.579527257296916E-003
   68.00000     -3.470236794128952E-003
   69.00000     -3.362588122734470E-003
   70.00000     -3.257582642635607E-003
   71.00000     -3.156710576045732E-003
   72.00000     -3.061625043437854E-003
   73.00000     -2.971788614540706E-003
   74.00000     -2.882572616630734E-003
   75.00000     -2.790641202236980E-003
   76.00000     -2.696784360369280E-003
   77.00000     -2.602717499665099E-003
   78.00000     -2.509586028469850E-003
   79.00000     -2.418060097787946E-003
   80.00000     -2.328613507963392E-003
   81.00000     -2.241836336383406E-003
   82.00000     -2.159428597219582E-003
   83.00000     -2.090474918892788E-003
   84.00000     -2.042547560025253E-003
   85.00000     -1.976344802674859E-003
   86.00000     -1.900451488860740E-003
   87.00000     -1.824337562001307E-003
   88.00000     -1.749645824612238E-003
   89.00000     -1.676779051850665E-003
   90.00000     -1.605866832918563E-003
   91.00000     -1.536951934704757E-003
   92.00000     -1.470042116253708E-003
   93.00000     -1.405128562495726E-003
   94.00000     -1.342193750916244E-003
   95.00000     -1.281215414183319E-003
   96.00000     -1.222169037735823E-003
   97.00000     -1.165030217802778E-003
   98.00000     -1.109778638179203E-003
   99.00000     -1.056409436181731E-003
   100.0000     -1.004985698321613E-003
   101.0000     -9.561931536482722E-004
   102.0000     -9.285461594344971E-004
   103.0000     -9.041682089577403E-004
   104.0000     -8.590252561990565E-004
   105.0000     -8.144860271356368E-004
   106.0000     -7.714161564650390E-004
   107.0000     -7.298895898080206E-004
   108.0000     -6.899019578266653E-004
   109.0000     -6.514308591278250E-004
   110.0000     -6.144480037367781E-004
   111.0000     -5.789227986605504E-004
   112.0000     -5.448236786075514E-004
   113.0000     -5.121186837414701E-004
   114.0000     -4.807757414108537E-004
   115.0000     -4.507628163919131E-004
   116.0000     -4.220479967931422E-004
   117.0000     -3.945995458449509E-004
   118.0000     -3.683859343052067E-004
   119.0000     -3.433758611604698E-004
   120.0000     -3.195382668638711E-004
   121.0000     -2.968423415780785E-004
   122.0000     -2.752575299273714E-004
   123.0000     -2.547535332163787E-004
   124.0000     -2.353003097501119E-004
   125.0000     -2.168680736922353E-004
   126.0000     -1.994272927724815E-004
   127.0000     -1.829486850729550E-004
   128.0000     -1.674032150668674E-004
   129.0000     -1.527620890461107E-004
   130.0000     -1.389967500462163E-004
   131.0000     -1.260788723581628E-004
   132.0000     -1.139803557022267E-004
   133.0000     -1.026733191282885E-004
   134.0000     -9.213009470009361E-005
   135.0000     -8.232322101464542E-005
   136.0000     -7.322543660616610E-005
   137.0000     -6.480967328186409E-005
   138.0000     -5.704904943867877E-005
   139.0000     -4.991686341401855E-005
   140.0000     -4.338658693164702E-005
   141.0000     -3.743185871692575E-005
   142.0000     -3.202647837751231E-005
   143.0000     -2.714440067925363E-005
   144.0000     -2.275973040149802E-005
   145.0000     -1.884671804417197E-005
   146.0000     -1.537975680429327E-005
   147.0000     -1.233338148892743E-005
   148.0000     -9.682270472742784E-006
   149.0000     -7.401252627422864E-006
   150.0000     -5.465322754902488E-006
   151.0000     -3.849672423279851E-006
   152.0000     -2.529750801283956E-006
   153.0000     -1.481389800059477E-006
   154.0000     -6.810869801068947E-007
   155.0000     -1.067663743427324E-007
