  0.0000000E+00 -1.645665230653303E-002
   1.000000     -1.617067550638170E-002
   2.000000     -1.588785825879163E-002
   3.000000     -1.560818716958074E-002
   4.000000     -1.533164844869458E-002
   5.000000     -1.505822825351549E-002
   6.000000     -1.478791268849271E-002
   7.000000     -1.452068780477379E-002
   8.000000     -1.425653959983173E-002
   9.000000     -1.399545401709122E-002
   10.00000     -1.373741694555052E-002
   11.00000     -1.348241421940341E-002
   12.00000     -1.323043161765673E-002
   13.00000     -1.298145486374675E-002
   14.00000     -1.273546962515276E-002
   15.00000     -1.249246151300950E-002
   16.00000     -1.225241608171421E-002
   17.00000     -1.201531882853617E-002
   18.00000     -1.178115519322002E-002
   19.00000     -1.154991055758950E-002
   20.00000     -1.132157024514674E-002
   21.00000     -1.109611952067215E-002
   22.00000     -1.087354358981961E-002
   23.00000     -1.065382759871285E-002
   24.00000     -1.043695663353539E-002
   25.00000     -1.022291572012329E-002
   26.00000     -1.001168982355342E-002
   27.00000     -9.803263847729629E-003
   28.00000     -9.597622634968640E-003
   29.00000     -9.394750965584155E-003
   30.00000     -9.194633557469023E-003
   31.00000     -8.997255065673594E-003
   32.00000     -8.802600081976190E-003
   33.00000     -8.610653134455942E-003
   34.00000     -8.421398687115271E-003
   35.00000     -8.234821139565716E-003
   36.00000     -8.050904826576652E-003
   37.00000     -7.869634017038170E-003
   38.00000     -7.690992912484228E-003
   39.00000     -7.514965647396066E-003
   40.00000     -7.341536294647441E-003
   41.00000     -7.170688873237747E-003
   42.00000     -7.002407340796719E-003
   43.00000     -6.836675550348448E-003
   44.00000     -6.673477194926627E-003
   45.00000     -6.512795846840565E-003
   46.00000     -6.354615203338684E-003
   47.00000     -6.198919417954793E-003
   48.00000     -6.045692999282516E-003
   49.00000     -5.894919718853656E-003
   50.00000     -5.746580910161683E-003
   51.00000     -5.600655173719143E-003
   52.00000     -5.457121772057229E-003
   53.00000     -5.315968673694985E-003
   54.00000     -5.177195139720894E-003
   55.00000     -5.040806506316469E-003
   56.00000     -4.906791100256209E-003
   57.00000     -4.775096112690104E-003
   58.00000     -4.645628581406733E-003
   59.00000     -4.518301946402506E-003
   60.00000     -4.393112025943193E-003
   61.00000     -4.270189363507881E-003
   62.00000     -4.149770847531944E-003
   63.00000     -4.032057724382734E-003
   64.00000     -3.916986823022819E-003
   65.00000     -3.804085010957057E-003
   66.00000     -3.692658070707499E-003
   67.00000     -3.582246242728293E-003
   68.00000     -3.472916987787564E-003
   69.00000     -3.365244782075354E-003
   70.00000     -3.260241370618986E-003
   71.00000     -3.159409025249272E-003
   72.00000     -3.064389644557680E-003
   73.00000     -2.974558057647003E-003
   74.00000     -2.885232481767650E-003
   75.00000     -2.793170358343281E-003
   76.00000     -2.699218692783392E-003
   77.00000     -2.605087480641917E-003
   78.00000     -2.511909952430571E-003
   79.00000     -2.420350265424986E-003
   80.00000     -2.330882791229793E-003
   81.00000     -2.244111571480297E-003
   82.00000     -2.161820835146343E-003
   83.00000     -2.093556870098481E-003
   84.00000     -2.045576972540025E-003
   85.00000     -1.978652482603654E-003
   86.00000     -1.902596630472295E-003
   87.00000     -1.826421610691046E-003
   88.00000     -1.751690570690409E-003
   89.00000     -1.678791588710411E-003
   90.00000     -1.607850178488998E-003
   91.00000     -1.538907631859477E-003
   92.00000     -1.471971071767467E-003
   93.00000     -1.407031377588565E-003
   94.00000     -1.344070877692319E-003
   95.00000     -1.283067251456668E-003
   96.00000     -1.223996022879065E-003
   97.00000     -1.166832980157042E-003
   98.00000     -1.111558393777672E-003
   99.00000     -1.058169426236140E-003
   100.0000     -1.006739584876098E-003
   101.0000     -9.581083917474723E-004
   102.0000     -9.328698979939369E-004
   103.0000     -9.060599889198861E-004
   104.0000     -8.607023362651995E-004
   105.0000     -8.161194168103582E-004
   106.0000     -7.730192724743081E-004
   107.0000     -7.314654726395512E-004
   108.0000     -6.914516380337844E-004
   109.0000     -6.529547614254784E-004
   110.0000     -6.159463172644230E-004
   111.0000     -5.803956035141020E-004
   112.0000     -5.462709971897796E-004
   113.0000     -5.135405043524999E-004
   114.0000     -4.821720301612050E-004
   115.0000     -4.521335236880920E-004
   116.0000     -4.233930610926024E-004
   117.0000     -3.959188959445665E-004
   118.0000     -3.696794907975126E-004
   119.0000     -3.446435373942086E-004
   120.0000     -3.207799695968113E-004
   121.0000     -2.980579714301558E-004
   122.0000     -2.764469816998083E-004
   123.0000     -2.559166961166445E-004
   124.0000     -2.364370675483358E-004
   125.0000     -2.179783048247691E-004
   126.0000     -2.005108704031633E-004
   127.0000     -1.840054771178547E-004
   128.0000     -1.684330841862559E-004
   129.0000     -1.537648926048458E-004
   130.0000     -1.399723400418810E-004
   131.0000     -1.270270953154253E-004
   132.0000     -1.149010525292536E-004
   133.0000     -1.035663249304453E-004
   134.0000     -9.299523854318159E-005
   135.0000     -8.316032562821281E-005
   136.0000     -7.403431801389933E-005
   137.0000     -6.559014034188900E-005
   138.0000     -5.780090327121479E-005
   139.0000     -5.063989668626512E-005
   140.0000     -4.408058295897301E-005
   141.0000     -3.809659032475928E-005
   142.0000     -3.266170644630929E-005
   143.0000     -2.774987226318265E-005
   144.0000     -2.333517626324388E-005
   145.0000     -1.939184937315864E-005
   146.0000     -1.589426076656968E-005
   147.0000     -1.281691505979455E-005
   148.0000     -1.013445166501902E-005
   149.0000     -7.821647619545627E-006
   150.0000     -5.853426263809513E-006
   151.0000     -4.204876298492304E-006
   152.0000     -2.851290525004416E-006
   153.0000     -1.768245264886756E-006
   154.0000     -9.317743123329173E-007
   155.0000     -3.188043955255081E-007
