  0.0000000E+00 -1.433970471840825E-002
   1.000000     -1.406314961409907E-002
   2.000000     -1.378978922187776E-002
   3.000000     -1.351961006996855E-002
   4.000000     -1.325259863739725E-002
   5.000000     -1.298874135368025E-002
   6.000000     -1.272802459851235E-002
   7.000000     -1.247043470145450E-002
   8.000000     -1.221595794162193E-002
   9.000000     -1.196458054736996E-002
   10.00000     -1.171628869598184E-002
   11.00000     -1.147106851335444E-002
   12.00000     -1.122890607368593E-002
   13.00000     -1.098978739916172E-002
   14.00000     -1.075369845964313E-002
   15.00000     -1.052062517235394E-002
   16.00000     -1.029055340156972E-002
   17.00000     -1.006346895830762E-002
   18.00000     -9.839357600016366E-003
   19.00000     -9.618205030269011E-003
   20.00000     -9.399996898456820E-003
   21.00000     -9.184718799483526E-003
   22.00000     -8.972356273465060E-003
   23.00000     -8.762894805427971E-003
   24.00000     -8.556319825013762E-003
   25.00000     -8.352616706184094E-003
   26.00000     -8.151770766930563E-003
   27.00000     -7.953767268988107E-003
   28.00000     -7.758591417553400E-003
   29.00000     -7.566228361005848E-003
   30.00000     -7.376663190636429E-003
   31.00000     -7.189880940380634E-003
   32.00000     -7.005866586557278E-003
   33.00000     -6.824605047618813E-003
   34.00000     -6.646081183906267E-003
   35.00000     -6.470279797407035E-003
   36.00000     -6.297185631503669E-003
   37.00000     -6.126783370725346E-003
   38.00000     -5.959057640595688E-003
   39.00000     -5.793993007668207E-003
   40.00000     -5.631573979608600E-003
   41.00000     -5.471785004651938E-003
   42.00000     -5.314610141410302E-003
   43.00000     -5.160034697788019E-003
   44.00000     -5.008041949519183E-003
   45.00000     -4.858616432982544E-003
   46.00000     -4.711742320177867E-003
   47.00000     -4.567403749563224E-003
   48.00000     -4.425584784837130E-003
   49.00000     -4.286269326438580E-003
   50.00000     -4.149441044640097E-003
   51.00000     -4.015083469455741E-003
   52.00000     -3.883180326024790E-003
   53.00000     -3.753715977507476E-003
   54.00000     -3.626675536898422E-003
   55.00000     -3.502044138919512E-003
   56.00000     -3.379805323298932E-003
   57.00000     -3.259939412685721E-003
   58.00000     -3.142423547057505E-003
   59.00000     -3.027234739141992E-003
   60.00000     -2.914355503692970E-003
   61.00000     -2.803779073227449E-003
   62.00000     -2.695509752333306E-003
   63.00000     -2.589555153008142E-003
   64.00000     -2.485911117359674E-003
   65.00000     -2.384545784061833E-003
   66.00000     -2.285393534931002E-003
   67.00000     -2.188367865562217E-003
   68.00000     -2.093392046036644E-003
   69.00000     -2.000433778319273E-003
   70.00000     -1.909526596541274E-003
   71.00000     -1.820769216253966E-003
   72.00000     -1.734303451312885E-003
   73.00000     -1.650271761013417E-003
   74.00000     -1.568751805430696E-003
   75.00000     -1.489677173873043E-003
   76.00000     -1.412794489224477E-003
   77.00000     -1.337730643891788E-003
   78.00000     -1.264159211674084E-003
   79.00000     -1.191932663079375E-003
   80.00000     -1.121087120030684E-003
   81.00000     -1.051766771831779E-003
   82.00000     -9.841524893256085E-004
   83.00000     -9.184282339406727E-004
   84.00000     -8.547809652567703E-004
   85.00000     -7.934250795866898E-004
   86.00000     -7.346489585379497E-004
   87.00000     -6.788700957535639E-004
   88.00000     -6.265752902807111E-004
   89.00000     -5.777497799891717E-004
   90.00000     -5.309993908536909E-004
   91.00000     -4.845222548812847E-004
   92.00000     -4.379344406286661E-004
   93.00000     -3.918095744830340E-004
   94.00000     -3.467193027975543E-004
   95.00000     -3.030145244397378E-004
   96.00000     -2.608866686062986E-004
   97.00000     -2.204367712644365E-004
   98.00000     -1.817162805126609E-004
   99.00000     -1.447488794179818E-004
   100.0000     -1.095422395182128E-004
   101.0000     -7.609461046700057E-005
   102.0000     -4.439872080688106E-005
   103.0000     -1.444424559894943E-005
