  0.0000000E+00 -1.578765002105199E-002
   1.000000     -1.550461558365269E-002
   2.000000     -1.522475149484912E-002
   3.000000     -1.494804408848126E-002
   4.000000     -1.467447964678819E-002
   5.000000     -1.440404440004805E-002
   6.000000     -1.413672452621563E-002
   7.000000     -1.387250615055730E-002
   8.000000     -1.361137534528488E-002
   9.000000     -1.335331812918489E-002
   10.00000     -1.309832046724753E-002
   11.00000     -1.284636827029291E-002
   12.00000     -1.259744739459369E-002
   13.00000     -1.235154364149763E-002
   14.00000     -1.210864275704647E-002
   15.00000     -1.186873043159189E-002
   16.00000     -1.163179229941297E-002
   17.00000     -1.139781393832581E-002
   18.00000     -1.116678086929609E-002
   19.00000     -1.093867855604810E-002
   20.00000     -1.071349240466951E-002
   21.00000     -1.049120776321792E-002
   22.00000     -1.027180992132218E-002
   23.00000     -1.005528410978488E-002
   24.00000     -9.841615500179228E-003
   25.00000     -9.630789204448922E-003
   26.00000     -9.422790274501628E-003
   27.00000     -9.217603701805242E-003
   28.00000     -9.015214416977937E-003
   29.00000     -8.815607289381145E-003
   30.00000     -8.618767126708884E-003
   31.00000     -8.424678674577460E-003
   32.00000     -8.233326616111361E-003
   33.00000     -8.044695571518197E-003
   34.00000     -7.858770097661760E-003
   35.00000     -7.675534687681776E-003
   36.00000     -7.494973770714333E-003
   37.00000     -7.317071711567770E-003
   38.00000     -7.141812809855637E-003
   39.00000     -6.969181298253807E-003
   40.00000     -6.799161341413047E-003
   41.00000     -6.631737039543143E-003
   42.00000     -6.466892438353118E-003
   43.00000     -6.304611534119505E-003
   44.00000     -6.144878248144104E-003
   45.00000     -5.987676360506239E-003
   46.00000     -5.832989463818104E-003
   47.00000     -5.680801073799010E-003
   48.00000     -5.531094968699206E-003
   49.00000     -5.383855519739834E-003
   50.00000     -5.239067414104499E-003
   51.00000     -5.096714311850045E-003
   52.00000     -4.956777047601457E-003
   53.00000     -4.819233463077281E-003
   54.00000     -4.684062117834126E-003
   55.00000     -4.551249373467428E-003
   56.00000     -4.420794541171377E-003
   57.00000     -4.292705056257990E-003
   58.00000     -4.166977783548591E-003
   59.00000     -4.043574510635140E-003
   60.00000     -3.922412731681253E-003
   61.00000     -3.803392545967953E-003
   62.00000     -3.686457191398932E-003
   63.00000     -3.571653580655750E-003
   64.00000     -3.459149731180758E-003
   65.00000     -3.349179939282967E-003
   66.00000     -3.241905759451351E-003
   67.00000     -3.137224620703630E-003
   68.00000     -3.034674088249864E-003
   69.00000     -2.933622174948368E-003
   70.00000     -2.833648190907523E-003
   71.00000     -2.734755423960024E-003
   72.00000     -2.637314256302935E-003
   73.00000     -2.541953140765615E-003
   74.00000     -2.449579050586125E-003
   75.00000     -2.361500897060044E-003
   76.00000     -2.279018856177754E-003
   77.00000     -2.201038312864662E-003
   78.00000     -2.123140316521016E-003
   79.00000     -2.042970342787071E-003
   80.00000     -1.961560935566670E-003
   81.00000     -1.880364217228739E-003
   82.00000     -1.800272152485051E-003
   83.00000     -1.721767950214879E-003
   84.00000     -1.645127034645423E-003
   85.00000     -1.570538021632499E-003
   86.00000     -1.498198500022008E-003
   87.00000     -1.428502963040357E-003
   88.00000     -1.362923944850896E-003
   89.00000     -1.309656935767700E-003
   90.00000     -1.271530172040392E-003
   91.00000     -1.217702701186061E-003
   92.00000     -1.157681172483649E-003
   93.00000     -1.097995310501220E-003
   94.00000     -1.039761641825774E-003
   95.00000     -9.832535540514769E-004
   96.00000     -9.285528402209459E-004
   97.00000     -8.756795383353528E-004
   98.00000     -8.246287471784792E-004
   99.00000     -7.753838143206321E-004
   100.0000     -7.279219064627166E-004
   101.0000     -6.822166731363751E-004
   102.0000     -6.382396522887816E-004
   103.0000     -5.959610749236282E-004
   104.0000     -5.553503591291391E-004
   105.0000     -5.163764331625468E-004
   106.0000     -4.790079601266826E-004
   107.0000     -4.432135050946489E-004
   108.0000     -4.089616704681500E-004
   109.0000     -3.762212193888142E-004
   110.0000     -3.449612081078188E-004
   111.0000     -3.151511587881934E-004
   112.0000     -2.867613349008635E-004
   113.0000     -2.597632667607010E-004
   114.0000     -2.341309369786347E-004
   115.0000     -2.098439896926492E-004
   116.0000     -1.868988048334247E-004
   117.0000     -1.653651449363673E-004
   118.0000     -1.460454680994625E-004
   119.0000     -1.364330842340423E-004
   120.0000     -1.237203670886420E-004
   121.0000     -1.062189214540805E-004
   122.0000     -8.939229278539809E-005
   123.0000     -7.359188921235815E-005
   124.0000     -5.885418225937797E-005
   125.0000     -4.517279207477459E-005
   126.0000     -3.253106735587474E-005
   127.0000     -2.090962483572030E-005
   128.0000     -1.028896089825680E-005
   129.0000     -6.508153455017631E-007
