  0.0000000E+00 -1.565382490910502E-002
   1.000000     -1.537138289861201E-002
   2.000000     -1.509211338596600E-002
   3.000000     -1.481600272062524E-002
   4.000000     -1.454303720060108E-002
   5.000000     -1.427320307210047E-002
   6.000000     -1.400648652916552E-002
   7.000000     -1.374287371331151E-002
   8.000000     -1.348235071316120E-002
   9.000000     -1.322490356407838E-002
   10.00000     -1.297051824779829E-002
   11.00000     -1.271918069205618E-002
   12.00000     -1.247087677021364E-002
   13.00000     -1.222559230088201E-002
   14.00000     -1.198331304754518E-002
   15.00000     -1.174402471817928E-002
   16.00000     -1.150771296486969E-002
   17.00000     -1.127436338342778E-002
   18.00000     -1.104396151300368E-002
   19.00000     -1.081649283569931E-002
   20.00000     -1.059194277617718E-002
   21.00000     -1.037029670126918E-002
   22.00000     -1.015153991958231E-002
   23.00000     -9.935657681103735E-003
   24.00000     -9.722635176803633E-003
   25.00000     -9.512457538236553E-003
   26.00000     -9.305109837140701E-003
   27.00000     -9.100577085037328E-003
   28.00000     -8.898844232825996E-003
   29.00000     -8.699896170382656E-003
   30.00000     -8.503717726152262E-003
   31.00000     -8.310293666744446E-003
   32.00000     -8.119608696525919E-003
   33.00000     -7.931647457202684E-003
   34.00000     -7.746394527396045E-003
   35.00000     -7.563834422248989E-003
   36.00000     -7.383951593132971E-003
   37.00000     -7.206730427390002E-003
   38.00000     -7.032155247675911E-003
   39.00000     -6.860210310381967E-003
   40.00000     -6.690879803955685E-003
   41.00000     -6.524147850697238E-003
   42.00000     -6.359998515509455E-003
   43.00000     -6.198415815297406E-003
   44.00000     -6.039383705966453E-003
   45.00000     -5.882886025745470E-003
   46.00000     -5.728906427085441E-003
   47.00000     -5.577428416499821E-003
   48.00000     -5.428435624147588E-003
   49.00000     -5.281912200589449E-003
   50.00000     -5.137842850718526E-003
   51.00000     -4.996211899040441E-003
   52.00000     -4.857001480319704E-003
   53.00000     -4.720190383327143E-003
   54.00000     -4.585755975574281E-003
   55.00000     -4.453680190311369E-003
   56.00000     -4.323956422601820E-003
   57.00000     -4.196590118523204E-003
   58.00000     -4.071586533363403E-003
   59.00000     -3.948927446832902E-003
   60.00000     -3.828551809174051E-003
   61.00000     -3.710362831982539E-003
   62.00000     -3.594272462995829E-003
   63.00000     -3.480264998974943E-003
   64.00000     -3.368440259384105E-003
   65.00000     -3.259001831487741E-003
   66.00000     -3.152171814852309E-003
   67.00000     -3.048030841153057E-003
   68.00000     -2.946346847475083E-003
   69.00000     -2.846571610872978E-003
   70.00000     -2.748121644020716E-003
   71.00000     -2.650720116798005E-003
   72.00000     -2.554493932832240E-003
   73.00000     -2.459867200140507E-003
   74.00000     -2.367477054947044E-003
   75.00000     -2.278231180024951E-003
   76.00000     -2.193425882669900E-003
   77.00000     -2.114174314498310E-003
   78.00000     -2.038901880415536E-003
   79.00000     -1.963246611619927E-003
   80.00000     -1.885460936201672E-003
   81.00000     -1.806733953699314E-003
   82.00000     -1.728407396236078E-003
   83.00000     -1.651275169228697E-003
   84.00000     -1.575763133827467E-003
   85.00000     -1.502110406905977E-003
   86.00000     -1.430472528101389E-003
   87.00000     -1.360992826702013E-003
   88.00000     -1.293908732478469E-003
   89.00000     -1.229934660589898E-003
   90.00000     -1.172732588104538E-003
   91.00000     -1.133571937314041E-003
   92.00000     -1.090339269342738E-003
   93.00000     -1.035004195808399E-003
   94.00000     -9.785868287843465E-004
   95.00000     -9.233251986323897E-004
   96.00000     -8.696804711851421E-004
   97.00000     -8.177821615085140E-004
   98.00000     -7.676664081319480E-004
   99.00000     -7.193349170250973E-004
   100.0000     -6.727742092989755E-004
   101.0000     -6.279632182327947E-004
   102.0000     -5.848767340516349E-004
   103.0000     -5.434871432689692E-004
   104.0000     -5.037653868548188E-004
   105.0000     -4.656815280321224E-004
   106.0000     -4.292051105534476E-004
   107.0000     -3.943053976553036E-004
   108.0000     -3.609515396502805E-004
   109.0000     -3.291126971689957E-004
   110.0000     -2.987581361193633E-004
   111.0000     -2.698573044851830E-004
   112.0000     -2.423798977839454E-004
   113.0000     -2.162959182024038E-004
   114.0000     -1.915757315676601E-004
   115.0000     -1.681901261584638E-004
   116.0000     -1.461103779074508E-004
   117.0000     -1.253083280311078E-004
   118.0000     -1.057564822058407E-004
   119.0000     -8.742814663911929E-005
   120.0000     -7.029762955419902E-005
   121.0000     -5.434056670309823E-005
   122.0000     -3.953450581954334E-005
   123.0000     -2.586010564392007E-005
   124.0000     -1.330406293679475E-005
   125.0000     -1.868167477146184E-006
