  0.0000000E+00 -1.524862479336299E-002
   1.000000     -1.496798439633873E-002
   2.000000     -1.469052312821555E-002
   3.000000     -1.441622738851036E-002
   4.000000     -1.414508352583868E-002
   5.000000     -1.387707783756554E-002
   6.000000     -1.361219656945490E-002
   7.000000     -1.335042591531663E-002
   8.000000     -1.309175201665124E-002
   9.000000     -1.283616096229352E-002
   10.00000     -1.258363878805413E-002
   11.00000     -1.233417147635784E-002
   12.00000     -1.208774495588224E-002
   13.00000     -1.184434510119311E-002
   14.00000     -1.160395773237799E-002
   15.00000     -1.136656861467969E-002
   16.00000     -1.113216345812558E-002
   17.00000     -1.090072791715829E-002
   18.00000     -1.067224759026281E-002
   19.00000     -1.044670801959218E-002
   20.00000     -1.022409469059413E-002
   21.00000     -1.000439303163267E-002
   22.00000     -9.787588413613034E-003
   23.00000     -9.573666149601980E-003
   24.00000     -9.362611494447852E-003
   25.00000     -9.154409644401737E-003
   26.00000     -8.949045736735899E-003
   27.00000     -8.746504849362237E-003
   28.00000     -8.546772000449914E-003
   29.00000     -8.349832148043164E-003
   30.00000     -8.155670189679285E-003
   31.00000     -7.964270962006007E-003
   32.00000     -7.775619240401365E-003
   33.00000     -7.589699738589759E-003
   34.00000     -7.406497108246079E-003
   35.00000     -7.225995938598672E-003
   36.00000     -7.048180756083567E-003
   37.00000     -6.873036024128249E-003
   38.00000     -6.700546142937547E-003
   39.00000     -6.530695448731737E-003
   40.00000     -6.363468211909628E-003
   41.00000     -6.198848635294877E-003
   42.00000     -6.036820856597474E-003
   43.00000     -5.877368958647875E-003
   44.00000     -5.720476980155023E-003
   45.00000     -5.566128902390681E-003
   46.00000     -5.414308589030579E-003
   47.00000     -5.264999709214619E-003
   48.00000     -5.118185761177577E-003
   49.00000     -4.973850327293427E-003
   50.00000     -4.831977496520734E-003
   51.00000     -4.692552022481113E-003
   52.00000     -4.555558602773267E-003
   53.00000     -4.420980165171354E-003
   54.00000     -4.288796286191026E-003
   55.00000     -4.158983942900282E-003
   56.00000     -4.031522162814801E-003
   57.00000     -3.906399055922757E-003
   58.00000     -3.783615780975191E-003
   59.00000     -3.663180765612151E-003
   60.00000     -3.545091928331345E-003
   61.00000     -3.429314430141714E-003
   62.00000     -3.315771266413720E-003
   63.00000     -3.204363521272083E-003
   64.00000     -3.095019427455668E-003
   65.00000     -2.987747484034832E-003
   66.00000     -2.882661602560118E-003
   67.00000     -2.779958604445001E-003
   68.00000     -2.679839481647970E-003
   69.00000     -2.582374087688407E-003
   70.00000     -2.487358073966695E-003
   71.00000     -2.394305349874240E-003
   72.00000     -2.302677991479559E-003
   73.00000     -2.212181698977496E-003
   74.00000     -2.122861983003742E-003
   75.00000     -2.035008900213090E-003
   76.00000     -1.949051188231241E-003
   77.00000     -1.865547206661879E-003
   78.00000     -1.785286808675703E-003
   79.00000     -1.709385223802021E-003
   80.00000     -1.638624852993016E-003
   81.00000     -1.571213722555202E-003
   82.00000     -1.503356399380712E-003
   83.00000     -1.433875509325104E-003
   84.00000     -1.363892609626464E-003
   85.00000     -1.294533064988190E-003
   86.00000     -1.226448254823636E-003
   87.00000     -1.159981499889624E-003
   88.00000     -1.095316111953918E-003
   89.00000     -1.032554216571468E-003
   90.00000     -9.717579542022911E-004
   91.00000     -9.129756118716579E-004
   92.00000     -8.562692295350831E-004
   93.00000     -8.017737819107766E-004
   94.00000     -7.499174817418536E-004
   95.00000     -7.026988704571308E-004
   96.00000     -6.680782738700155E-004
   97.00000     -6.362289095738840E-004
   98.00000     -5.937485776685962E-004
   99.00000     -5.495821112061804E-004
   100.0000     -5.063647818128111E-004
   101.0000     -4.646132144097209E-004
   102.0000     -4.244645294239007E-004
   103.0000     -3.859556494817803E-004
   104.0000     -3.490884225930196E-004
   105.0000     -3.138499611155584E-004
   106.0000     -2.802204009111517E-004
   107.0000     -2.481763278841614E-004
   108.0000     -2.176924766980097E-004
   109.0000     -1.887426611553464E-004
   110.0000     -1.613003344394931E-004
   111.0000     -1.353389617057195E-004
   112.0000     -1.108322967607681E-004
   113.0000     -8.775461398465206E-005
   114.0000     -6.608092829862396E-005
   115.0000     -4.578722878855680E-005
   116.0000     -2.685075130123884E-005
   117.0000     -9.250321055213915E-006
