  0.0000000E+00 -1.608229635946860E-002
   1.000000     -1.579796202754922E-002
   2.000000     -1.551679338160924E-002
   3.000000     -1.523877672263250E-002
   4.000000     -1.496389829970366E-002
   5.000000     -1.469214430964560E-002
   6.000000     -1.442350089665291E-002
   7.000000     -1.415795415192381E-002
   8.000000     -1.389549011329039E-002
   9.000000     -1.363609476484438E-002
   10.00000     -1.337975403656306E-002
   11.00000     -1.312645380393010E-002
   12.00000     -1.287617988755701E-002
   13.00000     -1.262891805279933E-002
   14.00000     -1.238465400937274E-002
   15.00000     -1.214337341096545E-002
   16.00000     -1.190506185484988E-002
   17.00000     -1.166970488148949E-002
   18.00000     -1.143728797414662E-002
   19.00000     -1.120779655848596E-002
   20.00000     -1.098121600217629E-002
   21.00000     -1.075753161449071E-002
   22.00000     -1.053672864590406E-002
   23.00000     -1.031879228768976E-002
   24.00000     -1.010370767151208E-002
   25.00000     -9.891459869018694E-003
   26.00000     -9.682033891431683E-003
   27.00000     -9.475414689133930E-003
   28.00000     -9.271587151257607E-003
   29.00000     -9.070536105266707E-003
   30.00000     -8.872246316543304E-003
   31.00000     -8.676702487967492E-003
   32.00000     -8.483889259494426E-003
   33.00000     -8.293791207718710E-003
   34.00000     -8.106392845458553E-003
   35.00000     -7.921678621413511E-003
   36.00000     -7.739632919869980E-003
   37.00000     -7.560240060129201E-003
   38.00000     -7.383484295166052E-003
   39.00000     -7.209349810086458E-003
   40.00000     -7.037820723422251E-003
   41.00000     -6.868881094523006E-003
   42.00000     -6.702514931540197E-003
   43.00000     -6.538706178664365E-003
   44.00000     -6.377438663413814E-003
   45.00000     -6.218696038604634E-003
   46.00000     -6.062461838544265E-003
   47.00000     -5.908719757064697E-003
   48.00000     -5.757454001080355E-003
   49.00000     -5.608649179705388E-003
   50.00000     -5.462289172658352E-003
   51.00000     -5.318355346788143E-003
   52.00000     -5.176826058752010E-003
   53.00000     -5.037679901618063E-003
   54.00000     -4.900902654219585E-003
   55.00000     -4.766492784057151E-003
   56.00000     -4.634456928058747E-003
   57.00000     -4.504790754921143E-003
   58.00000     -4.377453700194916E-003
   59.00000     -4.252360738393702E-003
   60.00000     -4.129413748136464E-003
   61.00000     -4.008568129415210E-003
   62.00000     -3.889895185736749E-003
   63.00000     -3.773590361339378E-003
   64.00000     -3.659892996294698E-003
   65.00000     -3.548910059304805E-003
   66.00000     -3.440413555354909E-003
   67.00000     -3.333819624205504E-003
   68.00000     -3.228499375016271E-003
   69.00000     -3.124175981438100E-003
   70.00000     -3.021050691620970E-003
   71.00000     -2.919705936294488E-003
   72.00000     -2.821054614336837E-003
   73.00000     -2.726435029148202E-003
   74.00000     -2.637394490523406E-003
   75.00000     -2.553601931086850E-003
   76.00000     -2.470781236404186E-003
   77.00000     -2.385556292560646E-003
   78.00000     -2.298549854030684E-003
   79.00000     -2.211385689655190E-003
   80.00000     -2.125147123097715E-003
   81.00000     -2.040437672654223E-003
   82.00000     -1.957618226003094E-003
   83.00000     -1.876976951932646E-003
   84.00000     -1.798936386095728E-003
   85.00000     -1.724802118854672E-003
   86.00000     -1.661757396803232E-003
   87.00000     -1.619049679563955E-003
   88.00000     -1.561600673614372E-003
   89.00000     -1.494412802149007E-003
   90.00000     -1.426973142908884E-003
   91.00000     -1.360910455617257E-003
   92.00000     -1.296605049592629E-003
   93.00000     -1.234173085218237E-003
   94.00000     -1.173649121544083E-003
   95.00000     -1.115035532142106E-003
   96.00000     -1.058319697377196E-003
   97.00000     -1.003481136308921E-003
   98.00000     -9.504948882840803E-004
   99.00000     -8.993333048966284E-004
   100.0000     -8.499671067325164E-004
   101.0000     -8.023660933440391E-004
   102.0000     -7.564997259415376E-004
   103.0000     -7.123377783763232E-004
   104.0000     -6.698513879193223E-004
   105.0000     -6.290154088318335E-004
   106.0000     -5.898154315977030E-004
   107.0000     -5.522773102013458E-004
   108.0000     -5.166987525542902E-004
   109.0000     -4.904860921018672E-004
   110.0000     -4.779162999696096E-004
   111.0000     -4.469474658046610E-004
   112.0000     -4.155010361684558E-004
   113.0000     -3.852568000542915E-004
   114.0000     -3.563252190496525E-004
   115.0000     -3.287089184439215E-004
   116.0000     -3.023888113299384E-004
   117.0000     -2.773392518497095E-004
   118.0000     -2.535321881558682E-004
   119.0000     -2.309386272892312E-004
   120.0000     -2.095292468948665E-004
   121.0000     -1.892746847681729E-004
   122.0000     -1.701456907226263E-004
   123.0000     -1.521132141642260E-004
   124.0000     -1.351484599142985E-004
   125.0000     -1.192229281943041E-004
   126.0000     -1.043084474168160E-004
   127.0000     -9.037720515385727E-005
   128.0000     -7.740178129025611E-005
   129.0000     -6.535518707627433E-005
   130.0000     -5.421091428853603E-005
   131.0000     -4.394300001851808E-005
   132.0000     -3.452611505172549E-005
   133.0000     -2.593568810369040E-005
   134.0000     -1.814808585796315E-005
   135.0000     -1.114088302259818E-005
   136.0000     -4.893284771913526E-006
