  0.0000000E+00 -1.412839260432236E-002
   1.000000     -1.385279624730737E-002
   2.000000     -1.358039837315624E-002
   3.000000     -1.331118554355636E-002
   4.000000     -1.304514427150111E-002
   5.000000     -1.278226102099053E-002
   6.000000     -1.252252220673424E-002
   7.000000     -1.226591419385203E-002
   8.000000     -1.201242329757699E-002
   9.000000     -1.176203578295681E-002
   10.00000     -1.151473786455644E-002
   11.00000     -1.127051570616080E-002
   12.00000     -1.102935542048025E-002
   13.00000     -1.079124306885325E-002
   14.00000     -1.055616466095498E-002
   15.00000     -1.032410615450210E-002
   16.00000     -1.009505345496420E-002
   17.00000     -9.868992415273399E-003
   18.00000     -9.645908835537974E-003
   19.00000     -9.425788462757746E-003
   20.00000     -9.208616990542907E-003
   21.00000     -8.994380058834420E-003
   22.00000     -8.783063253629854E-003
   23.00000     -8.574652106711336E-003
   24.00000     -8.369132095379400E-003
   25.00000     -8.166488642188233E-003
   26.00000     -7.966707114690837E-003
   27.00000     -7.769772825185775E-003
   28.00000     -7.575671030471291E-003
   29.00000     -7.384386931607631E-003
   30.00000     -7.195905673683847E-003
   31.00000     -7.010212345594173E-003
   32.00000     -6.827291979824242E-003
   33.00000     -6.647129552245237E-003
   34.00000     -6.469709981922468E-003
   35.00000     -6.295018130931099E-003
   36.00000     -6.123038804168580E-003
   37.00000     -5.953756749161997E-003
   38.00000     -5.787156655921465E-003
   39.00000     -5.623223156964376E-003
   40.00000     -5.461940827526209E-003
   41.00000     -5.303294185549295E-003
   42.00000     -5.147267690566195E-003
   43.00000     -4.993845741195317E-003
   44.00000     -4.843012673623576E-003
   45.00000     -4.694752766516505E-003
   46.00000     -4.549050255652434E-003
   47.00000     -4.405889348974189E-003
   48.00000     -4.265254215534063E-003
   49.00000     -4.127128922901858E-003
   50.00000     -3.991497341992038E-003
   51.00000     -3.858343115443595E-003
   52.00000     -3.727649823310074E-003
   53.00000     -3.599401379221360E-003
   54.00000     -3.473582433894411E-003
   55.00000     -3.350178313208320E-003
   56.00000     -3.229174074253258E-003
   57.00000     -3.110552825631648E-003
   58.00000     -2.994294338671078E-003
   59.00000     -2.880375520708654E-003
   60.00000     -2.768773770771650E-003
   61.00000     -2.659472426226305E-003
   62.00000     -2.552465343539733E-003
   63.00000     -2.447756705949154E-003
   64.00000     -2.345353515918942E-003
   65.00000     -2.245251819032496E-003
   66.00000     -2.147422349444503E-003
   67.00000     -2.051804678818825E-003
   68.00000     -1.958317544942865E-003
   69.00000     -1.866884784098123E-003
   70.00000     -1.777465711252278E-003
   71.00000     -1.690075325134494E-003
   72.00000     -1.604786467084585E-003
   73.00000     -1.521714880496260E-003
   74.00000     -1.440990007680157E-003
   75.00000     -1.362710169702366E-003
   76.00000     -1.286881885134177E-003
   77.00000     -1.213364427886141E-003
   78.00000     -1.141873866710065E-003
   79.00000     -1.072084060398786E-003
   80.00000     -1.003765513838576E-003
   81.00000     -9.368521594232772E-004
   82.00000     -8.714100686445666E-004
   83.00000     -8.075694120555491E-004
   84.00000     -7.454737241930386E-004
   85.00000     -6.852584705998246E-004
   86.00000     -6.270507944841315E-004
   87.00000     -5.709824293301190E-004
   88.00000     -5.172132189675112E-004
   89.00000     -4.659642850305512E-004
   90.00000     -4.175400095317574E-004
   91.00000     -3.722237356551675E-004
   92.00000     -3.298128228829000E-004
   93.00000     -2.891712066979019E-004
   94.00000     -2.490810589129980E-004
   95.00000     -2.093230032643280E-004
   96.00000     -1.703046883740580E-004
   97.00000     -1.324430164621892E-004
   98.00000     -9.600640336650186E-005
   99.00000     -6.114749341560638E-005
   100.0000     -2.795003572899418E-005
