  0.0000000E+00 -1.855518438140480E-002
   1.000000     -1.769344044668546E-002
   2.000000     -1.685481873583602E-002
   3.000000     -1.603910304255812E-002
   4.000000     -1.524607550065321E-002
   5.000000     -1.447551656961968E-002
   6.000000     -1.372720502139193E-002
   7.000000     -1.300091792840631E-002
   8.000000     -1.229643065328301E-002
   9.000000     -1.161351684037805E-002
   10.00000     -1.095194840958820E-002
   11.00000     -1.031149555278992E-002
   12.00000     -9.691926733404419E-003
   13.00000     -9.093008689645559E-003
   14.00000     -8.514506442131522E-003
   15.00000     -7.956183306658366E-003
   16.00000     -7.417800913092088E-003
   17.00000     -6.899119231545254E-003
   18.00000     -6.399896607233917E-003
   19.00000     -5.919889805712923E-003
   20.00000     -5.458854070586369E-003
   21.00000     -5.016543196259362E-003
   22.00000     -4.592709618925128E-003
   23.00000     -4.187104529775514E-003
   24.00000     -3.799478015477602E-003
   25.00000     -3.429579232317985E-003
   26.00000     -3.077156622246353E-003
   27.00000     -2.741958181511822E-003
   28.00000     -2.423731795935192E-003
   29.00000     -2.122225661506888E-003
   30.00000     -1.837188815541436E-003
   31.00000     -1.568371812978807E-003
   32.00000     -1.315527596103835E-003
   33.00000     -1.078412626392085E-003
   34.00000     -8.567883784933607E-004
   35.00000     -6.504233457177967E-004
   36.00000     -4.590957868134678E-004
   37.00000     -2.825975800424793E-004
   38.00000     -1.207397920840002E-004
