  0.0000000E+00 -8.333542469875900E-003
   1.000000     -7.586792796177101E-003
   2.000000     -6.864571472405477E-003
   3.000000     -6.166715674915887E-003
   4.000000     -5.493065122460376E-003
   5.000000     -4.843462598822866E-003
   6.000000     -4.217754572518985E-003
   7.000000     -3.615791936105820E-003
   8.000000     -3.037430894195971E-003
   9.000000     -2.482534038188743E-003
   10.00000     -1.950971657994371E-003
   11.00000     -1.442623358227000E-003
   12.00000     -9.573800708327380E-004
   13.00000     -4.951465917368341E-004
   14.00000     -5.584482204925653E-005
