  0.0000000E+00 -2.347724234006504E-002
   1.000000     -2.256552657502606E-002
   2.000000     -2.167649867128989E-002
   3.000000     -2.080993405505022E-002
   4.000000     -1.996560621974928E-002
   5.000000     -1.914328669574375E-002
   6.000000     -1.834274501954548E-002
   7.000000     -1.756374870263686E-002
   8.000000     -1.680606319987374E-002
   9.000000     -1.606945187748268E-002
   10.00000     -1.535367598067621E-002
   11.00000     -1.465849460088704E-002
   12.00000     -1.398366464264415E-002
   13.00000     -1.332894079011096E-002
   14.00000     -1.269407547331305E-002
   15.00000     -1.207881883406479E-002
   16.00000     -1.148291869163728E-002
   17.00000     -1.090612050819057E-002
   18.00000     -1.034816735400928E-002
   19.00000     -9.808799872577222E-003
   20.00000     -9.287756245529475E-003
   21.00000     -8.784772157537703E-003
   22.00000     -8.299580761173436E-003
   23.00000     -7.831912641801223E-003
   24.00000     -7.381495782577643E-003
   25.00000     -6.948055529605497E-003
   26.00000     -6.531314557332548E-003
   27.00000     -6.130992834259569E-003
   28.00000     -5.746807589059636E-003
   29.00000     -5.378473277187048E-003
   30.00000     -5.025701548094371E-003
   31.00000     -4.688201213147914E-003
   32.00000     -4.365678214384524E-003
   33.00000     -4.057835594213600E-003
   34.00000     -3.764373466218479E-003
   35.00000     -3.484988987200412E-003
   36.00000     -3.219376330624463E-003
   37.00000     -2.967226661636936E-003
   38.00000     -2.728228113839066E-003
   39.00000     -2.502065768012032E-003
   40.00000     -2.288421632999655E-003
   41.00000     -2.086974628974031E-003
   42.00000     -1.897400573322449E-003
   43.00000     -1.719372169402696E-003
   44.00000     -1.552558998441431E-003
   45.00000     -1.396627514859890E-003
   46.00000     -1.251241045331287E-003
   47.00000     -1.116059791895181E-003
   48.00000     -9.907408394774990E-004
   49.00000     -8.749381681893059E-004
   50.00000     -7.683026708069218E-004
   51.00000     -6.704821758742537E-004
   52.00000     -5.811214769158419E-004
   53.00000     -4.998623683080477E-004
   54.00000     -4.263436884476696E-004
   55.00000     -3.602013709813516E-004
   56.00000     -3.010685050515444E-004
   57.00000     -2.485754058202243E-004
   58.00000     -2.023496970240048E-004
   59.00000     -1.620164081564831E-004
   60.00000     -1.271980903588805E-004
   61.00000     -9.751495784541986E-005
   62.00000     -7.258506703306582E-005
   63.00000     -5.202455661256106E-005
   64.00000     -3.544799652404265E-005
   65.00000     -2.246895469125129E-005
   66.00000     -1.270106108225689E-005
   67.00000     -5.760425186849505E-006
   68.00000     -1.272902180078787E-006
