  0.0000000E+00 -2.197574586129079E-002
   1.000000     -2.107896994886035E-002
   2.000000     -2.020500310517511E-002
   3.000000     -1.935362269754987E-002
   4.000000     -1.852460420122048E-002
   5.000000     -1.771772117012520E-002
   6.000000     -1.693274520731608E-002
   7.000000     -1.616944593500995E-002
   8.000000     -1.542759096431406E-002
   9.000000     -1.470694586462854E-002
   10.00000     -1.400727413276070E-002
   11.00000     -1.332833716178256E-002
   12.00000     -1.266989420965466E-002
   13.00000     -1.203170236765865E-002
   14.00000     -1.141351652869876E-002
   15.00000     -1.081508935549084E-002
   16.00000     -1.023617124872969E-002
   17.00000     -9.676510315285779E-003
   18.00000     -9.135852336512290E-003
   19.00000     -8.613940736753624E-003
   20.00000     -8.110516552158600E-003
   21.00000     -7.625318399919406E-003
   22.00000     -7.158082448070801E-003
   23.00000     -6.708542386017572E-003
   24.00000     -6.276429395970159E-003
   25.00000     -5.861472125513056E-003
   26.00000     -5.463396661560638E-003
   27.00000     -5.081926506006610E-003
   28.00000     -4.716782553422692E-003
   29.00000     -4.367683071239440E-003
   30.00000     -4.034343682921322E-003
   31.00000     -3.716477354757864E-003
   32.00000     -3.413794387027410E-003
   33.00000     -3.126002410461219E-003
   34.00000     -2.852806389150708E-003
   35.00000     -2.593908631335702E-003
   36.00000     -2.349008809876342E-003
   37.00000     -2.117803994704805E-003
   38.00000     -1.899988700234610E-003
   39.00000     -1.695254951585876E-003
   40.00000     -1.503292374760829E-003
   41.00000     -1.323788317636141E-003
   42.00000     -1.156428011153441E-003
   43.00000     -1.000894783717313E-003
   44.00000     -8.568703472074177E-004
   45.00000     -7.240351812107463E-004
   46.00000     -6.020690548686819E-004
   47.00000     -4.906517462986557E-004
   48.00000     -3.894640537995010E-004
   49.00000     -2.981892524364144E-004
   50.00000     -2.165152577382091E-004
   51.00000     -1.441379670427884E-004
   52.00000     -8.076668275790797E-005
   53.00000     -2.613351130109497E-005
