  0.0000000E+00 -1.764692051297072E-002
   1.000000     -1.717549461989250E-002
   2.000000     -1.671198852514957E-002
   3.000000     -1.625635059343834E-002
   4.000000     -1.580852889521468E-002
   5.000000     -1.536847120360779E-002
   6.000000     -1.493612499129821E-002
   7.000000     -1.451143742737468E-002
   8.000000     -1.409435537415206E-002
   9.000000     -1.368482538396765E-002
   10.00000     -1.328279369594101E-002
   11.00000     -1.288820623271686E-002
   12.00000     -1.250100859716508E-002
   13.00000     -1.212114606906891E-002
   14.00000     -1.174856360177481E-002
   15.00000     -1.138320581882470E-002
   16.00000     -1.102501701055721E-002
   17.00000     -1.067394113069275E-002
   18.00000     -1.032992179288838E-002
   19.00000     -9.992902267274895E-003
   20.00000     -9.662825476972879E-003
   21.00000     -9.339633994591832E-003
   22.00000     -9.023270038707875E-003
   23.00000     -8.713675470328440E-003
   24.00000     -8.410791789343276E-003
   25.00000     -8.114560130961188E-003
   26.00000     -7.824921262139035E-003
   27.00000     -7.541815578000001E-003
   28.00000     -7.265183098251483E-003
   29.00000     -6.994963463592890E-003
   30.00000     -6.731095932132316E-003
   31.00000     -6.473519375797477E-003
   32.00000     -6.222172276761345E-003
   33.00000     -5.976992723870806E-003
   34.00000     -5.737918409094472E-003
   35.00000     -5.504886623986907E-003
   36.00000     -5.277834256174454E-003
   37.00000     -5.056697785871502E-003
   38.00000     -4.841413282426392E-003
   39.00000     -4.631916400910071E-003
   40.00000     -4.428142378747134E-003
   41.00000     -4.230026032400514E-003
   42.00000     -4.037501754115326E-003
   43.00000     -3.850503508730449E-003
   44.00000     -3.668964830567634E-003
   45.00000     -3.492818820406952E-003
   46.00000     -3.321998142559038E-003
   47.00000     -3.156435022048440E-003
   48.00000     -2.996061241916599E-003
   49.00000     -2.840808140665412E-003
   50.00000     -2.690606609851218E-003
   51.00000     -2.545387091850969E-003
   52.00000     -2.405079577819305E-003
   53.00000     -2.269613605861490E-003
   54.00000     -2.138918259442996E-003
   55.00000     -2.012922166070036E-003
   56.00000     -1.891553496270716E-003
   57.00000     -1.774739962916466E-003
   58.00000     -1.662408820926052E-003
   59.00000     -1.554486867403822E-003
   60.00000     -1.450900442270663E-003
   61.00000     -1.351575429456477E-003
   62.00000     -1.256437258736604E-003
   63.00000     -1.165410908308078E-003
   64.00000     -1.078420908222885E-003
   65.00000     -9.953913448178065E-004
   66.00000     -9.162458663107332E-004
   67.00000     -8.409076897724394E-004
   68.00000     -7.692996097321012E-004
   69.00000     -7.013440087367965E-004
   70.00000     -6.369628702710251E-004
   71.00000     -5.760777945492624E-004
   72.00000     -5.186100178446915E-004
   73.00000     -4.644804362096511E-004
   74.00000     -4.136096347215998E-004
   75.00000     -3.659179237563022E-004
   76.00000     -3.213253843264920E-004
   77.00000     -2.797519252789409E-004
   78.00000     -2.411173562556491E-004
   79.00000     -2.053414819817195E-004
   80.00000     -1.723442259759396E-004
   81.00000     -1.420457957629199E-004
   82.00000     -1.143669081234150E-004
   83.00000     -8.922910377571976E-005
   84.00000     -6.655519993633283E-005
   85.00000     -4.626996440297526E-005
   86.00000     -2.830116400616308E-005
   87.00000     -1.258128742170577E-005
