  0.0000000E+00 -1.565118604108276E-002
   1.000000     -1.519320764150274E-002
   2.000000     -1.474322546112824E-002
   3.000000     -1.430118879381358E-002
   4.000000     -1.386704665700227E-002
   5.000000     -1.344074778921498E-002
   6.000000     -1.302224064754693E-002
   7.000000     -1.261147340515944E-002
   8.000000     -1.220839394878633E-002
   9.000000     -1.181294987625517E-002
   10.00000     -1.142508849401300E-002
   11.00000     -1.104475681468168E-002
   12.00000     -1.067190155463301E-002
   13.00000     -1.030646913159597E-002
   14.00000     -9.948405662295772E-003
   15.00000     -9.597656960139275E-003
   16.00000     -9.254168532947134E-003
   17.00000     -8.917885580739793E-003
   18.00000     -8.588752993598110E-003
   19.00000     -8.266715349587912E-003
   20.00000     -7.951716912778760E-003
   21.00000     -7.643701631358680E-003
   22.00000     -7.342613135859399E-003
   23.00000     -7.048394737508463E-003
   24.00000     -6.760989426726830E-003
   25.00000     -6.480339871784654E-003
   26.00000     -6.206388417644980E-003
   27.00000     -5.939077085010015E-003
   28.00000     -5.678347569604046E-003
   29.00000     -5.424141241717894E-003
   30.00000     -5.176399146053787E-003
   31.00000     -4.935062001902535E-003
   32.00000     -4.700070203705999E-003
   33.00000     -4.471363822046145E-003
   34.00000     -4.248882605122892E-003
   35.00000     -4.032565980785227E-003
   36.00000     -3.822353059190337E-003
   37.00000     -3.618182636176772E-003
   38.00000     -3.419993197453864E-003
   39.00000     -3.227722923721654E-003
   40.00000     -3.041309696857527E-003
   41.00000     -2.860691107328372E-003
   42.00000     -2.685804463013378E-003
   43.00000     -2.516586799654997E-003
   44.00000     -2.352974893200858E-003
   45.00000     -2.194905274340063E-003
   46.00000     -2.042314245606455E-003
   47.00000     -1.895137901489590E-003
   48.00000     -1.753312152087523E-003
   49.00000     -1.616772750956315E-003
   50.00000     -1.485455327948364E-003
   51.00000     -1.359295428024393E-003
   52.00000     -1.238228557257880E-003
   53.00000     -1.122190237556220E-003
   54.00000     -1.011116072029705E-003
   55.00000     -9.049418234593491E-004
   56.00000     -8.036035090281503E-004
   57.00000     -7.070375154314602E-004
   58.00000     -6.151807397897773E-004
   59.00000     -5.279707636092747E-004
   60.00000     -4.453460696091222E-004
   61.00000     -3.672463149482094E-004
   62.00000     -2.936126798483781E-004
   63.00000     -2.243883188433725E-004
   64.00000     -1.595189546254020E-004
   65.00000     -9.895367478474489E-005
   66.00000     -4.264602533395261E-005
