  0.0000000E+00 -1.337048301735661E-002
   1.000000     -1.292839170387347E-002
   2.000000     -1.249439728553411E-002
   3.000000     -1.206845062393433E-002
   4.000000     -1.165050234960042E-002
   5.000000     -1.124050286170727E-002
   6.000000     -1.083840232796330E-002
   7.000000     -1.044415068467243E-002
   8.000000     -1.005769763699651E-002
   9.000000     -9.678992659441431E-003
   10.00000     -9.307984996584995E-003
   11.00000     -8.944623664082708E-003
   12.00000     -8.588857449971626E-003
   13.00000     -8.240634916314479E-003
   14.00000     -7.899904401218764E-003
   15.00000     -7.566614021270746E-003
   16.00000     -7.240711674438635E-003
   17.00000     -6.922145043491762E-003
   18.00000     -6.610861600003098E-003
   19.00000     -6.306808608998207E-003
   20.00000     -6.009933134335743E-003
   21.00000     -5.720182044902196E-003
   22.00000     -5.437502021726436E-003
   23.00000     -5.161839566129205E-003
   24.00000     -4.893141009043172E-003
   25.00000     -4.631352521651577E-003
   26.00000     -4.376420127528708E-003
   27.00000     -4.128289716485916E-003
   28.00000     -3.886907060356147E-003
   29.00000     -3.652217831004730E-003
   30.00000     -3.424167620882849E-003
   31.00000     -3.202701966511155E-003
   32.00000     -2.987766375345590E-003
   33.00000     -2.779306356556998E-003
   34.00000     -2.577267456370360E-003
   35.00000     -2.381595298720183E-003
   36.00000     -2.192235632153402E-003
   37.00000     -2.009134384089354E-003
   38.00000     -1.832237723806492E-003
   39.00000     -1.661492135823483E-003
   40.00000     -1.496844505749077E-003
   41.00000     -1.338242221179908E-003
   42.00000     -1.185633290889118E-003
   43.00000     -1.038966486423414E-003
   44.00000     -8.981915113811027E-004
   45.00000     -7.632592052055744E-004
   46.00000     -6.341217904501102E-004
   47.00000     -5.107331754133323E-004
   48.00000     -3.930493281827777E-004
   49.00000     -2.810287440512422E-004
   50.00000     -1.746330369446055E-004
   51.00000     -7.382769847271377E-005
