  0.0000000E+00 -1.448931802600283E-002
   1.000000     -1.403936002214821E-002
   2.000000     -1.359744756320472E-002
   3.000000     -1.316353066273268E-002
   4.000000     -1.273755907679011E-002
   5.000000     -1.231948230227390E-002
   6.000000     -1.190924957532276E-002
   7.000000     -1.150680986978147E-002
   8.000000     -1.111211189574864E-002
   9.000000     -1.072510409820460E-002
   10.00000     -1.034573465573816E-002
   11.00000     -9.973951479382411E-003
   12.00000     -9.609702211568169E-003
   13.00000     -9.252934225218548E-003
   14.00000     -8.903594622993255E-003
   15.00000     -8.561630236702653E-003
   16.00000     -8.226987626913210E-003
   17.00000     -7.899613082768070E-003
   18.00000     -7.579452622043089E-003
   19.00000     -7.266451991471801E-003
   20.00000     -6.960556667369389E-003
   21.00000     -6.661711856587927E-003
   22.00000     -6.369862497852185E-003
   23.00000     -6.084953263510476E-003
   24.00000     -5.806928561760334E-003
   25.00000     -5.535732539405258E-003
   26.00000     -5.271309085207895E-003
   27.00000     -5.013601833915959E-003
   28.00000     -4.762554171051945E-003
   29.00000     -4.518109238559051E-003
   30.00000     -4.280209941424618E-003
   31.00000     -4.048798955410556E-003
   32.00000     -3.823818736043659E-003
   33.00000     -3.605211529045139E-003
   34.00000     -3.392919382407240E-003
   35.00000     -3.186884160356311E-003
   36.00000     -2.987047559494413E-003
   37.00000     -2.793351127447402E-003
   38.00000     -2.605736284428514E-003
   39.00000     -2.424144348185263E-003
   40.00000     -2.248516562901877E-003
   41.00000     -2.078794132745692E-003
   42.00000     -1.914918260882440E-003
   43.00000     -1.756830194975560E-003
   44.00000     -1.604471280408651E-003
   45.00000     -1.457783022763504E-003
   46.00000     -1.316707161461616E-003
   47.00000     -1.181185756961264E-003
   48.00000     -1.051161294543798E-003
   49.00000     -9.265768085637715E-004
   50.00000     -8.073760321740106E-004
   51.00000     -6.935035790727990E-004
   52.00000     -5.849051659487909E-004
   53.00000     -4.815278872683253E-004
   54.00000     -3.833205582922708E-004
   55.00000     -2.902341483762414E-004
   56.00000     -2.022223357706449E-004
   57.00000     -1.192422291096437E-004
   58.00000     -4.125532268394347E-005
