  0.0000000E+00 -1.632751964776365E-002
   1.000000     -1.586493885376125E-002
   2.000000     -1.541032727123255E-002
   3.000000     -1.496363383968254E-002
   4.000000     -1.452480721437511E-002
   5.000000     -1.409379576352669E-002
   6.000000     -1.367054756547999E-002
   7.000000     -1.325501040586909E-002
   8.000000     -1.284713177476701E-002
   9.000000     -1.244685886382552E-002
   10.00000     -1.205413856340129E-002
   11.00000     -1.166891745967859E-002
   12.00000     -1.129114183178370E-002
   13.00000     -1.092075764890112E-002
   14.00000     -1.055771056738454E-002
   15.00000     -1.020194592787691E-002
   16.00000     -9.853408752434248E-003
   17.00000     -9.512043741662427E-003
   18.00000     -9.177795271865822E-003
   19.00000     -8.850607392221649E-003
   20.00000     -8.530423821972992E-003
   21.00000     -8.217187947658045E-003
   22.00000     -7.910842820372617E-003
   23.00000     -7.611331153080871E-003
   24.00000     -7.318595317975621E-003
   25.00000     -7.032577343899164E-003
   26.00000     -6.753218913840236E-003
   27.00000     -6.480461362504435E-003
   28.00000     -6.214245673985226E-003
   29.00000     -5.954512479539957E-003
   30.00000     -5.701202055488159E-003
   31.00000     -5.454254321248546E-003
   32.00000     -5.213608837537251E-003
   33.00000     -4.979204804744497E-003
   34.00000     -4.750981061514925E-003
   35.00000     -4.528876083561318E-003
   36.00000     -4.312827982741377E-003
   37.00000     -4.102774506430921E-003
   38.00000     -3.898653037238499E-003
   39.00000     -3.700400593101631E-003
   40.00000     -3.507953827822084E-003
   41.00000     -3.321249032100293E-003
   42.00000     -3.140222135135537E-003
   43.00000     -2.964808706875597E-003
   44.00000     -2.794943961010654E-003
   45.00000     -2.630562758819295E-003
   46.00000     -2.471599613995111E-003
   47.00000     -2.317988698606391E-003
   48.00000     -2.169663850366102E-003
   49.00000     -2.026558581424582E-003
   50.00000     -1.888606088937110E-003
   51.00000     -1.755739267709837E-003
   52.00000     -1.627890725287949E-003
   53.00000     -1.504992799931021E-003
   54.00000     -1.386977582016173E-003
   55.00000     -1.273776939532228E-003
   56.00000     -1.165322548491300E-003
   57.00000     -1.061545929282979E-003
   58.00000     -9.623784902661293E-004
   59.00000     -8.677515802392634E-004
   60.00000     -7.775965518966635E-004
   61.00000     -6.918448389988801E-004
   62.00000     -6.104280508395649E-004
   63.00000     -5.332780887609101E-004
   64.00000     -4.603272911254189E-004
   65.00000     -3.915086155073679E-004
   66.00000     -3.267558703085481E-004
   67.00000     -2.660040131274426E-004
   68.00000     -2.091895410419369E-004
   69.00000     -1.562510102726571E-004
   70.00000     -1.071297426810560E-004
   71.00000     -6.177081027762498E-005
   72.00000     -2.012444842610831E-005
