  0.0000000E+00 -1.786595580502844E-002
   1.000000     -1.739307798398948E-002
   2.000000     -1.692811214985572E-002
   3.000000     -1.647100658522749E-002
   4.000000     -1.602170927737467E-002
   5.000000     -1.558016791513062E-002
   6.000000     -1.514632988575951E-002
   7.000000     -1.472014227178640E-002
   8.000000     -1.430155184780614E-002
   9.000000     -1.389050507725423E-002
   10.00000     -1.348694810915309E-002
   11.00000     -1.309082677482771E-002
   12.00000     -1.270208658459514E-002
   13.00000     -1.232067272441984E-002
   14.00000     -1.194653005254993E-002
   15.00000     -1.157960309612297E-002
   16.00000     -1.121983604774415E-002
   17.00000     -1.086717276204222E-002
   18.00000     -1.052155675220350E-002
   19.00000     -1.018293118647645E-002
   20.00000     -9.851238884661854E-003
   21.00000     -9.526422314576569E-003
   22.00000     -9.208423588502566E-003
   23.00000     -8.897184459613393E-003
   24.00000     -8.592646318390292E-003
   25.00000     -8.294750189017467E-003
   26.00000     -8.003436725768144E-003
   27.00000     -7.718646209379955E-003
   28.00000     -7.440318543420028E-003
   29.00000     -7.168393250643752E-003
   30.00000     -6.902809469350113E-003
   31.00000     -6.643505949733559E-003
   32.00000     -6.390421050240305E-003
   33.00000     -6.143492733926437E-003
   34.00000     -5.902658564822221E-003
   35.00000     -5.667855704311002E-003
   36.00000     -5.439020907519531E-003
   37.00000     -5.216090519725724E-003
   38.00000     -4.999000472793525E-003
   39.00000     -4.787686281629704E-003
   40.00000     -4.582083040675177E-003
   41.00000     -4.382125420433114E-003
   42.00000     -4.187747664039137E-003
   43.00000     -3.998883583881445E-003
   44.00000     -3.815466558273035E-003
   45.00000     -3.637429528188662E-003
   46.00000     -3.464704994069591E-003
   47.00000     -3.297225012706269E-003
   48.00000     -3.134921194206228E-003
   49.00000     -2.977724699058362E-003
   50.00000     -2.825566235300306E-003
   51.00000     -2.678376055806014E-003
   52.00000     -2.536083955697710E-003
   53.00000     -2.398619269901661E-003
   54.00000     -2.265910870859542E-003
   55.00000     -2.137887166411025E-003
   56.00000     -2.014476097866045E-003
   57.00000     -1.895605138284379E-003
   58.00000     -1.781201290987215E-003
   59.00000     -1.671191088321850E-003
   60.00000     -1.565500590707641E-003
   61.00000     -1.464055385996225E-003
   62.00000     -1.366780589177189E-003
   63.00000     -1.273600842474494E-003
   64.00000     -1.184440315876144E-003
   65.00000     -1.099222708155288E-003
   66.00000     -1.017871248444837E-003
   67.00000     -9.403086984429300E-004
   68.00000     -8.664573553397379E-004
   69.00000     -7.962390555751167E-004
   70.00000     -7.295751795630409E-004
   71.00000     -6.663866575439911E-004
   72.00000     -6.065939767718549E-004
   73.00000     -5.501171902914875E-004
   74.00000     -4.968759276304402E-004
   75.00000     -4.467894078242773E-004
   76.00000     -3.997764553153691E-004
   77.00000     -3.557555194392984E-004
   78.00000     -3.146446984493361E-004
   79.00000     -2.763617693646108E-004
   80.00000     -2.408242254130493E-004
   81.00000     -2.079493235442373E-004
   82.00000     -1.776541455459861E-004
   83.00000     -1.498556779171051E-004
   84.00000     -1.244709181942218E-004
   85.00000     -1.014170195608832E-004
   86.00000     -8.061149250841910E-005
   87.00000     -6.197249448553350E-005
   88.00000     -4.541926089230400E-005
   89.00000     -3.087277467194129E-005
   90.00000     -1.825686448687365E-005
   91.00000     -7.500137518139345E-006
