  0.0000000E+00 -1.889549094465425E-002
   1.000000     -1.835752680495005E-002
   2.000000     -1.784082608989838E-002
   3.000000     -1.730531506047838E-002
   4.000000     -1.677928053234275E-002
   5.000000     -1.645136669716360E-002
   6.000000     -1.561414748474852E-002
   7.000000     -1.475093880055865E-002
   8.000000     -1.464723775545283E-002
   9.000000     -1.366451749841542E-002
   10.00000     -1.268331396326236E-002
   11.00000     -1.173018645588116E-002
   12.00000     -1.105859444719805E-002
   13.00000     -1.081797399882472E-002
   14.00000     -9.954729415778584E-003
   15.00000     -9.143916075340496E-003
   16.00000     -8.386944468243764E-003
   17.00000     -7.683440927392933E-003
   18.00000     -7.031901394523130E-003
   19.00000     -6.430104206694660E-003
   20.00000     -5.875400799286244E-003
   21.00000     -5.364921837842931E-003
   22.00000     -5.044492209006843E-003
   23.00000     -4.895685924052694E-003
   24.00000     -4.464814674610266E-003
   25.00000     -4.069411734869698E-003
   26.00000     -3.706753970211271E-003
   27.00000     -3.374258728277901E-003
   28.00000     -3.069504428913935E-003
   29.00000     -2.790235943408733E-003
   30.00000     -2.534363961688017E-003
   31.00000     -2.299960477760599E-003
   32.00000     -2.085251784503082E-003
   33.00000     -1.888609960305902E-003
   34.00000     -1.708543544779647E-003
   35.00000     -1.543687893841477E-003
   36.00000     -1.392795553491722E-003
   37.00000     -1.254726881435573E-003
   38.00000     -1.128441065654559E-003
   39.00000     -1.012987631212260E-003
   40.00000     -9.074984851764043E-004
   41.00000     -8.111805202498807E-004
   42.00000     -7.233087773242201E-004
   43.00000     -6.432201533293794E-004
   44.00000     -5.703076316844615E-004
   45.00000     -5.040150070452614E-004
   46.00000     -4.438320729226846E-004
   47.00000     -3.892902393913522E-004
   48.00000     -3.399585479876665E-004
   49.00000     -2.954400516205521E-004
   50.00000     -2.553685285998509E-004
   51.00000     -2.194055015203897E-004
   52.00000     -1.872375335751170E-004
   53.00000     -1.585737768064651E-004
   54.00000     -1.331437487715312E-004
   55.00000     -1.106953160544320E-004
   56.00000     -9.099286499386351E-005
   57.00000     -7.381564192010524E-005
   58.00000     -5.895624716849345E-005
   59.00000     -4.621926928125907E-005
   60.00000     -3.542004839273368E-005
   61.00000     -2.638356139223713E-005
   62.00000     -1.894342740957087E-005
   63.00000     -1.294104381631139E-005
   64.00000     -8.224889629905797E-006
   65.00000     -4.650105059292164E-006
   66.00000     -2.078691674381777E-006
   67.00000     -3.817254883371747E-007
