  0.0000000E+00 -1.738329916400959E-002
   1.000000     -1.685623969987287E-002
   2.000000     -1.634631463463973E-002
   3.000000     -1.584923089317019E-002
   4.000000     -1.525508710914461E-002
   5.000000     -1.500366618666755E-002
   6.000000     -1.429954774405915E-002
   7.000000     -1.339158751636081E-002
   8.000000     -1.303890257477014E-002
   9.000000     -1.244603900841000E-002
   10.00000     -1.150704659805621E-002
   11.00000     -1.059359233032574E-002
   12.00000     -9.719237220637040E-003
   13.00000     -9.277252060493013E-003
   14.00000     -8.891550118818826E-003
   15.00000     -8.114851616561607E-003
   16.00000     -7.390394284849378E-003
   17.00000     -6.717940238144813E-003
   18.00000     -6.096087406675978E-003
   19.00000     -5.522706055512319E-003
   20.00000     -4.995232051335109E-003
   21.00000     -4.510872338710883E-003
   22.00000     -4.066747964579901E-003
   23.00000     -3.659992376073451E-003
   24.00000     -3.287824367849733E-003
   25.00000     -3.185123521574982E-003
   26.00000     -2.947534542427526E-003
   27.00000     -2.636650799950733E-003
   28.00000     -2.352781687640491E-003
   29.00000     -2.093726984211032E-003
   30.00000     -1.857448373728568E-003
   31.00000     -1.642066648484116E-003
   32.00000     -1.445855092814685E-003
   33.00000     -1.267231230121165E-003
   34.00000     -1.104747731005094E-003
   35.00000     -9.570829951803492E-004
   36.00000     -8.230317575001747E-004
   37.00000     -7.014959571228894E-004
   38.00000     -5.914760304670816E-004
   39.00000     -4.920627342771314E-004
   40.00000     -4.024295693978004E-004
   41.00000     -3.218258556053997E-004
   42.00000     -2.495705021121650E-004
   43.00000     -1.850465289997095E-004
   44.00000     -1.276964283427430E-004
   45.00000     -7.701852591995909E-005
   46.00000     -3.256465202441765E-005
