  0.0000000E+00 -1.600498140169354E-002
   1.000000     -1.548849630951365E-002
   2.000000     -1.498366122370176E-002
   3.000000     -1.451386972736759E-002
   4.000000     -1.393732718773961E-002
   5.000000     -1.359103331172657E-002
   6.000000     -1.309249606982691E-002
   7.000000     -1.223362877624049E-002
   8.000000     -1.148009831958970E-002
   9.000000     -1.132901897712404E-002
   10.00000     -1.043009873686224E-002
   11.00000     -9.553074414638190E-003
   12.00000     -8.713199803052839E-003
   13.00000     -7.918490280708885E-003
   14.00000     -7.646428576431462E-003
   15.00000     -7.172884203842425E-003
   16.00000     -6.478250296813225E-003
   17.00000     -5.834271977105433E-003
   18.00000     -5.239652728687563E-003
   19.00000     -4.692349868684116E-003
   20.00000     -4.189879025155692E-003
   21.00000     -3.729521425813193E-003
   22.00000     -3.308467800099981E-003
   23.00000     -2.923917011111634E-003
   24.00000     -2.573142116590911E-003
   25.00000     -2.253533036099687E-003
   26.00000     -1.962622551692142E-003
   27.00000     -1.698101095941586E-003
   28.00000     -1.482929833638022E-003
   29.00000     -1.457781329790728E-003
   30.00000     -1.239779457874101E-003
   31.00000     -1.042176839854511E-003
   32.00000     -8.633246981746689E-004
   33.00000     -7.016932188240902E-004
   34.00000     -5.558880004732506E-004
   35.00000     -4.246418151811636E-004
   36.00000     -3.068062273811278E-004
   37.00000     -2.013437426410596E-004
   38.00000     -1.073208619867234E-004
   39.00000     -2.390245466205126E-005
