  0.0000000E+00 -9.974919942846924E-003
   1.000000     -9.506830227050711E-003
   2.000000     -9.049043307457701E-003
   3.000000     -8.590160185176308E-003
   4.000000     -8.206945688935862E-003
   5.000000     -7.757427166897884E-003
   6.000000     -7.129830295779823E-003
   7.000000     -6.985983144486550E-003
   8.000000     -6.385877140500398E-003
   9.000000     -5.659545830682284E-003
   10.00000     -4.945133996473377E-003
   11.00000     -4.559050774131256E-003
   12.00000     -4.258426108063706E-003
   13.00000     -3.609855412432946E-003
   14.00000     -3.003477759056248E-003
   15.00000     -2.441594056865661E-003
   16.00000     -1.924563565073846E-003
   17.00000     -1.451535634929824E-003
   18.00000     -1.020891157107727E-003
   19.00000     -6.305544169325158E-004
   20.00000     -4.233666534094642E-004
   21.00000     -2.781205313929915E-004
