  0.0000000E+00 -1.878554193737981E-002
   1.000000     -1.824834242963269E-002
   2.000000     -1.773223729726129E-002
   3.000000     -1.719961105361145E-002
   4.000000     -1.666645337080208E-002
   5.000000     -1.634907916385402E-002
   6.000000     -1.551883615239021E-002
   7.000000     -1.462985699435664E-002
   8.000000     -1.455303712745637E-002
   9.000000     -1.357612244142802E-002
   10.00000     -1.259797027849210E-002
   11.00000     -1.164771682380510E-002
   12.00000     -1.092939474210263E-002
   13.00000     -1.073820543419993E-002
   14.00000     -9.877586683577237E-003
   15.00000     -9.069245632227468E-003
   16.00000     -8.314631522557910E-003
   17.00000     -7.613379135833893E-003
   18.00000     -6.963991673688334E-003
   19.00000     -6.364254058886656E-003
   20.00000     -5.811523733510557E-003
   21.00000     -5.302936134219000E-003
   22.00000     -4.909601464901563E-003
   23.00000     -4.835504763069382E-003
   24.00000     -4.406393468581994E-003
   25.00000     -4.012671438366056E-003
   26.00000     -3.651632786273278E-003
   27.00000     -3.320699182272456E-003
   28.00000     -3.017452973748857E-003
   29.00000     -2.739642735757855E-003
   30.00000     -2.485182673507622E-003
   31.00000     -2.252148127267961E-003
   32.00000     -2.038768582304373E-003
   33.00000     -1.843419168525275E-003
   34.00000     -1.664611347700476E-003
   35.00000     -1.500983278882342E-003
   36.00000     -1.351290201544575E-003
   37.00000     -1.214395065758009E-003
   38.00000     -1.089259558653092E-003
   39.00000     -9.749356185882049E-004
   40.00000     -8.705574870364970E-004
   41.00000     -7.753343189116987E-004
   42.00000     -6.885433516783322E-004
   43.00000     -6.095236197580750E-004
   44.00000     -5.376701916883097E-004
   45.00000     -4.724289019003240E-004
   46.00000     -4.132915458948842E-004
   47.00000     -3.597915062857641E-004
   48.00000     -3.114997771316701E-004
   49.00000     -2.680213548059462E-004
   50.00000     -2.289919650909392E-004
   51.00000     -1.940750980527072E-004
   52.00000     -1.629593244503626E-004
   53.00000     -1.353558699396754E-004
   54.00000     -1.109964262159053E-004
   55.00000     -8.963118172484341E-005
   56.00000     -7.102705913329511E-005
   57.00000     -5.496615339510222E-005
   58.00000     -4.124437513285248E-005
   59.00000     -2.967032409225289E-005
   60.00000     -2.006445877502874E-005
   61.00000     -1.225872459260154E-005
   62.00000     -6.097061455912683E-006
   63.00000     -1.438058032613624E-006
