  0.0000000E+00 -1.365051868579766E-002
   1.000000     -1.315283267436771E-002
   2.000000     -1.266082036951063E-002
   3.000000     -1.220803500346005E-002
   4.000000     -1.173393849825776E-002
   5.000000     -1.113015249581258E-002
   6.000000     -1.096164425099128E-002
   7.000000     -1.024272172897091E-002
   8.000000     -9.414048043305659E-003
   9.000000     -8.794751276562830E-003
   10.00000     -8.578709723820917E-003
   11.00000     -7.765030420647771E-003
   12.00000     -6.984618012807801E-003
   13.00000     -6.246354994501406E-003
   14.00000     -5.554678411165339E-003
   15.00000     -4.911520374683865E-003
   16.00000     -4.843835007648482E-003
   17.00000     -4.316407062271579E-003
   18.00000     -3.768749466200299E-003
   19.00000     -3.266443550317771E-003
   20.00000     -2.807153521862681E-003
   21.00000     -2.388296377948861E-003
   22.00000     -2.007191373639094E-003
   23.00000     -1.661160939304003E-003
   24.00000     -1.347597385478433E-003
   25.00000     -1.064007614614989E-003
   26.00000     -8.080399790888132E-004
   27.00000     -5.774998483351378E-004
   28.00000     -3.703570184620318E-004
   29.00000     -1.847477903684254E-004
   30.00000     -1.897384595752395E-005
