  0.0000000E+00 -1.397583711585844E-002
   1.000000     -1.347553235379559E-002
   2.000000     -1.298122890907049E-002
   3.000000     -1.252832270045398E-002
   4.000000     -1.203911078876495E-002
   5.000000     -1.145895361048267E-002
   6.000000     -1.127219543249832E-002
   7.000000     -1.051895597715440E-002
   8.000000     -9.680038176180582E-003
   9.000000     -9.166459042231078E-003
   10.00000     -8.835584324687720E-003
   11.00000     -8.012915436344572E-003
   12.00000     -7.224242682179310E-003
   13.00000     -6.478137381914943E-003
   14.00000     -5.778995473247566E-003
   15.00000     -5.232630812114276E-003
   16.00000     -5.128410169892504E-003
   17.00000     -4.526779374059050E-003
   18.00000     -3.972595419900223E-003
   19.00000     -3.464035010899541E-003
   20.00000     -2.998739340099219E-003
   21.00000     -2.574105955226216E-003
   22.00000     -2.187435195800191E-003
   23.00000     -1.836031218432806E-003
   24.00000     -1.517268747168778E-003
   25.00000     -1.228636866137413E-003
   26.00000     -9.677659876285638E-004
   27.00000     -7.324430240365485E-004
   28.00000     -5.206183964950916E-004
   29.00000     -3.304075804344916E-004
   30.00000     -1.600892364935847E-004
   31.00000     -8.101551535614731E-006
