  0.0000000E+00 -1.451009949822646E-002
   1.000000     -1.400549965627533E-002
   2.000000     -1.350782412090864E-002
   3.000000     -1.305330447665401E-002
   4.000000     -1.253906551252212E-002
   5.000000     -1.201493242179950E-002
   6.000000     -1.176331648914188E-002
   7.000000     -1.097175262867980E-002
   8.000000     -1.011633138684949E-002
   9.000000     -9.776121419770979E-003
   10.00000     -9.256553384640173E-003
   11.00000     -8.419423200703156E-003
   12.00000     -7.617217526053441E-003
   13.00000     -6.858260677455338E-003
   14.00000     -6.146899586416607E-003
   15.00000     -5.869642363291695E-003
   16.00000     -5.484687519326477E-003
   17.00000     -4.871811407488354E-003
   18.00000     -4.306937878168562E-003
   19.00000     -3.788133019932102E-003
   20.00000     -3.313003319057956E-003
   21.00000     -2.878914395561514E-003
   22.00000     -2.483137143587708E-003
   23.00000     -2.122946452461934E-003
   24.00000     -1.795688929732231E-003
   25.00000     -1.498825812794869E-003
   26.00000     -1.229959660675174E-003
   27.00000     -9.868491114385885E-004
   28.00000     -7.674153907772923E-004
   29.00000     -5.697432205462099E-004
   30.00000     -3.920780957887847E-004
   31.00000     -2.328214232963793E-004
   32.00000     -9.052470706093183E-005
