  0.0000000E+00 -1.411218153123088E-002
   1.000000     -1.361077941275472E-002
   2.000000     -1.311556964710577E-002
   3.000000     -1.266242747144859E-002
   4.000000     -1.216682453368012E-002
   5.000000     -1.159943221267037E-002
   6.000000     -1.139929107865918E-002
   7.000000     -1.063460875401625E-002
   8.000000     -9.791438289910135E-003
   9.000000     -9.322157021016806E-003
   10.00000     -8.943107016121398E-003
   11.00000     -8.116725706766215E-003
   12.00000     -7.324595559263906E-003
   13.00000     -6.575207275972010E-003
   14.00000     -5.872941257438882E-003
   15.00000     -5.395282440188169E-003
   16.00000     -5.219414362094862E-003
   17.00000     -4.614885660474218E-003
   18.00000     -4.057970503878723E-003
   19.00000     -3.546792544867700E-003
   20.00000     -3.078983955297150E-003
   21.00000     -2.651933772330349E-003
   22.00000     -2.262935107374973E-003
   23.00000     -1.909284331790462E-003
   24.00000     -1.588349036235994E-003
   25.00000     -1.297610870458769E-003
   26.00000     -1.034693037192757E-003
   27.00000     -7.973750083632543E-004
   28.00000     -5.835994669335065E-004
   29.00000     -3.914736654417504E-004
   30.00000     -2.192673014901583E-004
   31.00000     -6.540849184179073E-005
