  0.0000000E+00 -1.836332527037284E-002
   1.000000     -1.782910399436694E-002
   2.000000     -1.731510921597192E-002
   3.000000     -1.679355410879550E-002
   4.000000     -1.623510131211365E-002
   5.000000     -1.595287866104820E-002
   6.000000     -1.515245965361977E-002
   7.000000     -1.421747880892557E-002
   8.000000     -1.413798490143302E-002
   9.000000     -1.323639258772247E-002
   10.00000     -1.226997994956749E-002
   11.00000     -1.133077934604259E-002
   12.00000     -1.043770886445675E-002
   13.00000     -1.042679462899997E-002
   14.00000     -9.581120810724368E-003
   15.00000     -8.782284091038591E-003
   16.00000     -8.036732402669361E-003
   17.00000     -7.344133870900479E-003
   18.00000     -6.703019761591949E-003
   19.00000     -6.111200428622290E-003
   20.00000     -5.566056624077774E-003
   21.00000     -5.064744366134708E-003
   22.00000     -4.604340714302885E-003
   23.00000     -4.391106415574663E-003
   24.00000     -4.181904742252216E-003
   25.00000     -3.794651776639992E-003
   26.00000     -3.439843181804299E-003
   27.00000     -3.114919753659573E-003
   28.00000     -2.817479242937862E-003
   29.00000     -2.545284674086598E-003
   30.00000     -2.296263982923503E-003
   31.00000     -2.068505612519591E-003
   32.00000     -1.860251587497707E-003
   33.00000     -1.669889068240680E-003
   34.00000     -1.495941087069984E-003
   35.00000     -1.337056958764960E-003
   36.00000     -1.192002706051739E-003
   37.00000     -1.059651730326460E-003
   38.00000     -9.389758777895752E-004
   39.00000     -8.290369933985244E-004
   40.00000     -7.289790137625799E-004
   41.00000     -6.380206210071776E-004
   42.00000     -5.554484595530452E-004
   43.00000     -4.806109043516123E-004
   44.00000     -4.129123606987010E-004
   45.00000     -3.518080711063610E-004
   46.00000     -2.967994030553587E-004
   47.00000     -2.474295923535673E-004
   48.00000     -2.032799202679947E-004
   49.00000     -1.639663091071843E-004
   50.00000     -1.291363319282426E-004
   51.00000     -9.846665066793575E-005
   52.00000     -7.166093003843380E-005
   53.00000     -4.844833729239295E-005
   54.00000     -2.858286767504258E-005
   55.00000     -1.184403265870792E-005
