  0.0000000E+00 -1.868123115437176E-002
   1.000000     -1.814476124588629E-002
   2.000000     -1.762920282510828E-002
   3.000000     -1.709931717167611E-002
   4.000000     -1.655957121621472E-002
   5.000000     -1.625172686126182E-002
   6.000000     -1.542837633447096E-002
   7.000000     -1.451753181487670E-002
   8.000000     -1.446104776677608E-002
   9.000000     -1.349223234250214E-002
   10.00000     -1.251697717870703E-002
   11.00000     -1.156945205855983E-002
   12.00000     -1.080680144434552E-002
   13.00000     -1.066248356067946E-002
   14.00000     -9.804377150538481E-003
   15.00000     -8.998382629274149E-003
   16.00000     -8.246006049476791E-003
   17.00000     -7.546890283760654E-003
   18.00000     -6.899545439021375E-003
   19.00000     -6.301762700270179E-003
   20.00000     -5.750905236244514E-003
   21.00000     -5.244113347559577E-003
   22.00000     -4.782105370058612E-003
   23.00000     -4.777876341902237E-003
   24.00000     -4.350953887691222E-003
   25.00000     -3.958827818265415E-003
   26.00000     -3.599326469532390E-003
   27.00000     -3.269875726782093E-003
   28.00000     -2.968061689981930E-003
   29.00000     -2.691636469194271E-003
   30.00000     -2.438517626674702E-003
   31.00000     -2.206783701429689E-003
   32.00000     -1.994667234029100E-003
   33.00000     -1.800546278984741E-003
   34.00000     -1.622935103299602E-003
   35.00000     -1.460474562156026E-003
   36.00000     -1.311922491477395E-003
   37.00000     -1.176144346862717E-003
   38.00000     -1.052104238307994E-003
   39.00000     -9.388564522962347E-004
   40.00000     -8.355375114343241E-004
   41.00000     -7.413587925353251E-004
   42.00000     -6.555997036883551E-004
   43.00000     -5.776014070553772E-004
   44.00000     -5.067610651228195E-004
   45.00000     -4.425265826138899E-004
   46.00000     -3.843918132740441E-004
   47.00000     -3.318921995767775E-004
   48.00000     -2.846008135582467E-004
   49.00000     -2.421247681355781E-004
   50.00000     -2.041019701895652E-004
   51.00000     -1.701981893265534E-004
   52.00000     -1.401044196654567E-004
   53.00000     -1.135345165487079E-004
   54.00000     -9.022309648716641E-005
   55.00000     -6.992369846938978E-005
   56.00000     -5.240722131115026E-005
   57.00000     -3.746068247065738E-005
   58.00000     -2.488640698779784E-005
   59.00000     -1.450190064377010E-005
   60.00000     -6.141045373061901E-006
