  0.0000000E+00 -0.132126635463186     
   1.000000     -0.127946579620109     
   2.000000     -0.123845851206412     
   3.000000     -0.119823899857399     
   4.000000     -0.115880171918672     
   5.000000     -0.112014110412897     
   6.000000     -0.108225155006516     
   7.000000     -0.104512741976464     
   8.000000     -0.100876304176951     
   9.000000     -9.731527100632724E-002
   10.00000     -9.382906837414458E-002
   11.00000     -9.041711866836626E-002
   12.00000     -8.707884072294544E-002
   13.00000     -8.381364978568805E-002
   14.00000     -8.062095748659837E-002
   15.00000     -7.750017180675681E-002
   16.00000     -7.445069704783795E-002
   17.00000     -7.147193380236634E-002
   18.00000     -6.856327892490616E-002
   19.00000     -6.572412550425978E-002
   20.00000     -6.295386283685568E-002
   21.00000     -6.025187640157859E-002
   22.00000     -5.761754783615601E-002
   23.00000     -5.505025491539663E-002
   24.00000     -5.254937153155418E-002
   25.00000     -5.011426767706667E-002
   26.00000     -4.774430943011123E-002
   27.00000     -4.543885894324600E-002
   28.00000     -4.319727443571499E-002
   29.00000     -4.101891018983804E-002
   30.00000     -3.890311655211362E-002
   31.00000     -3.684923993972841E-002
   32.00000     -3.485662285322420E-002
   33.00000     -3.292460389626632E-002
   34.00000     -3.105251780354446E-002
   35.00000     -2.923969547806084E-002
   36.00000     -2.748546403923519E-002
   37.00000     -2.578914688354008E-002
   38.00000     -2.415006375965578E-002
   39.00000     -2.256753086055719E-002
   40.00000     -2.104086093533746E-002
   41.00000     -1.956936342419652E-002
   42.00000     -1.815234462069814E-002
   43.00000     -1.678910786623845E-002
   44.00000     -1.547895378284589E-002
   45.00000     -1.422118055170613E-002
   46.00000     -1.301508424665973E-002
   47.00000     -1.185995923413952E-002
   48.00000     -1.075509865399285E-002
   49.00000     -9.699794999448307E-003
   50.00000     -8.693340819693137E-003
   51.00000     -7.735029575323397E-003
   52.00000     -6.824156686341040E-003
   53.00000     -5.960020825244374E-003
   54.00000     -5.141925525842947E-003
   55.00000     -4.369181204172129E-003
   56.00000     -3.641107725324691E-003
   57.00000     -2.957037705600908E-003
   58.00000     -2.316320823948519E-003
   59.00000     -1.718329549045282E-003
   60.00000     -1.162466902226083E-003
   61.00000     -6.481772351628065E-004
   62.00000     -1.749616298993272E-004
