  0.0000000E+00 -0.150899468126191     
   1.000000     -0.146582052705263     
   2.000000     -0.142343124649335     
   3.000000     -0.138182122812151     
   4.000000     -0.134098482546835     
   5.000000     -0.130091635665736     
   6.000000     -0.126161010399916     
   7.000000     -0.122306031358186     
   8.000000     -0.118526119485731     
   9.000000     -0.114820692022297     
   10.00000     -0.111189162460007     
   11.00000     -0.107630940500734     
   12.00000     -0.104145432013119     
   13.00000     -0.100732038989173     
   14.00000     -9.739015950053727E-002
   15.00000     -9.411918765435850E-002
   16.00000     -9.091851354881134E-002
   17.00000     -8.778752322832374E-002
   18.00000     -8.472559863843813E-002
   19.00000     -8.173211758038250E-002
   20.00000     -7.880645366538734E-002
   21.00000     -7.594797626870080E-002
   22.00000     -7.315605048337108E-002
   23.00000     -7.043003707383336E-002
   24.00000     -6.776929242926458E-002
   25.00000     -6.517316851681651E-002
   26.00000     -6.264101283466787E-002
   27.00000     -6.017216836501642E-002
   28.00000     -5.776597352697226E-002
   29.00000     -5.542176212942209E-002
   30.00000     -5.313886332392399E-002
   31.00000     -5.091660155763211E-002
   32.00000     -4.875429652631778E-002
   33.00000     -4.665126312754310E-002
   34.00000     -4.460681141404325E-002
   35.00000     -4.262024654733836E-002
   36.00000     -4.069086875168954E-002
   37.00000     -3.881797326840140E-002
   38.00000     -3.700085031060373E-002
   39.00000     -3.523878501853095E-002
   40.00000     -3.353105741540585E-002
   41.00000     -3.187694236402028E-002
   42.00000     -3.027570952405943E-002
   43.00000     -2.872662331031176E-002
   44.00000     -2.722894285183506E-002
   45.00000     -2.578192195221070E-002
   46.00000     -2.438480905097181E-002
   47.00000     -2.303684718634413E-002
   48.00000     -2.173727395945233E-002
   49.00000     -2.048532150009063E-002
   50.00000     -1.928021643424518E-002
   51.00000     -1.812117985350884E-002
   52.00000     -1.700742728658365E-002
   53.00000     -1.593816867303642E-002
   54.00000     -1.491260833953944E-002
   55.00000     -1.392994497880080E-002
   56.00000     -1.298937163143499E-002
   57.00000     -1.209007567104620E-002
   58.00000     -1.123123879281532E-002
   59.00000     -1.041203700591841E-002
   60.00000     -9.631640630150606E-003
   61.00000     -8.889214297171705E-003
   62.00000     -8.183916956843290E-003
   63.00000     -7.514901889211110E-003
   64.00000     -6.881316722757715E-003
   65.00000     -6.282303459690461E-003
   66.00000     -5.716998509149232E-003
   67.00000     -5.184532729418239E-003
   68.00000     -4.684031480477868E-003
   69.00000     -4.214614688532421E-003
   70.00000     -3.775396924631671E-003
   71.00000     -3.365487500036910E-003
   72.00000     -2.983990581861308E-003
   73.00000     -2.630005333605797E-003
   74.00000     -2.302626086872685E-003
   75.00000     -2.000942552872514E-003
   76.00000     -1.724040085802372E-003
   77.00000     -1.471000015397309E-003
   78.00000     -1.240900073986909E-003
   79.00000     -1.032814956102221E-003
   80.00000     -8.458170694465395E-004
   81.00000     -6.789775710870921E-004
   82.00000     -5.313678444854420E-004
   83.00000     -4.020616870883232E-004
   84.00000     -2.901387020537995E-004
   85.00000     -1.946898601606785E-004
   86.00000     -1.148272939574484E-004
   87.00000     -4.970327185166905E-005
