  0.0000000E+00 -0.153019132887788     
   1.000000     -0.148686489042428     
   2.000000     -0.144432244986088     
   3.000000     -0.140255838624498     
   4.000000     -0.136156704351417     
   5.000000     -0.132134273008473     
   6.000000     -0.128187971844590     
   7.000000     -0.124317224474976     
   8.000000     -0.120521450839695     
   9.000000     -0.116800067161834     
   10.00000     -0.113152485905290     
   11.00000     -0.109578115732118     
   12.00000     -0.106076361459534     
   13.00000     -0.102646624016527     
   14.00000     -9.928830040009647E-002
   15.00000     -9.600078363114663E-002
   16.00000     -9.278346271004216E-002
   17.00000     -8.963572257184672E-002
   18.00000     -8.655694404121063E-002
   19.00000     -8.354650378702005E-002
   20.00000     -8.060377427673625E-002
   21.00000     -7.772812373050095E-002
   22.00000     -7.491891607498857E-002
   23.00000     -7.217551089706557E-002
   24.00000     -6.949726339726474E-002
   25.00000     -6.688352434311573E-002
   26.00000     -6.433364002231562E-002
   27.00000     -6.184695219584679E-002
   28.00000     -5.942279805102203E-002
   29.00000     -5.706051015447720E-002
   30.00000     -5.475941640524363E-002
   31.00000     -5.251883998781787E-002
   32.00000     -5.033809932536578E-002
   33.00000     -4.821650803308555E-002
   34.00000     -4.615337487174622E-002
   35.00000     -4.414800370150818E-002
   36.00000     -4.219969343604028E-002
   37.00000     -4.030773799701853E-002
   38.00000     -3.847142626907694E-002
   39.00000     -3.669004205524074E-002
   40.00000     -3.496286403296489E-002
   41.00000     -3.328916571082685E-002
   42.00000     -3.166821538594158E-002
   43.00000     -3.009927610223128E-002
   44.00000     -2.858160560959272E-002
   45.00000     -2.711445632407612E-002
   46.00000     -2.569707528919578E-002
   47.00000     -2.432870413844085E-002
   48.00000     -2.300857905912996E-002
   49.00000     -2.173593075770872E-002
   50.00000     -2.050998442662573E-002
   51.00000     -1.932995971290340E-002
   52.00000     -1.819507068855115E-002
   53.00000     -1.710452582295690E-002
   54.00000     -1.605752795740526E-002
   55.00000     -1.505327428187348E-002
   56.00000     -1.409095631428427E-002
   57.00000     -1.316975988235430E-002
   58.00000     -1.228886510824640E-002
   59.00000     -1.144744639618655E-002
   60.00000     -1.064467242324335E-002
   61.00000     -9.879706133462207E-003
   62.00000     -9.151704735572194E-003
   63.00000     -8.459819704455369E-003
   64.00000     -7.803196786619652E-003
   65.00000     -7.180976009883310E-003
   66.00000     -6.592291697515177E-003
   67.00000     -6.036272487065762E-003
   68.00000     -5.512041354130395E-003
   69.00000     -5.018715641309577E-003
   70.00000     -4.555407092609584E-003
   71.00000     -4.121221893557296E-003
   72.00000     -3.715260717294130E-003
   73.00000     -3.336618776922704E-003
   74.00000     -2.984385884383695E-003
   75.00000     -2.657646516142873E-003
   76.00000     -2.355479885973447E-003
   77.00000     -2.076960025113718E-003
   78.00000     -1.821155870090643E-003
   79.00000     -1.587131358491424E-003
   80.00000     -1.373945532965941E-003
   81.00000     -1.180652653742323E-003
   82.00000     -1.006302319933583E-003
   83.00000     -8.499395999011478E-004
   84.00000     -7.106051709474467E-004
   85.00000     -5.873354685851443E-004
   86.00000     -4.791628456357941E-004
   87.00000     -3.851157413867950E-004
   88.00000     -3.042188610310186E-004
   89.00000     -2.354933655964278E-004
   90.00000     -1.779570725592451E-004
   91.00000     -1.306246673289235E-004
   92.00000     -9.250792579220390E-005
   93.00000     -6.261594813749000E-005
   94.00000     -3.995540429222819E-005
   95.00000     -2.353079167188177E-005
   96.00000     -1.234470714689052E-005
   97.00000     -5.398139938401942E-006
   98.00000     -1.690817704658800E-006
   99.00000     -2.218716227343035E-007
