  0.0000000E+00 -0.152108273335278     
   1.000000     -0.147782166703797     
   2.000000     -0.143534497326039     
   3.000000     -0.139364703509199     
   4.000000     -0.135272220053101     
   5.000000     -0.131256469616617     
   6.000000     -0.127316905644299     
   7.000000     -0.123452926390964     
   8.000000     -0.119663960814680     
   9.000000     -0.115949425567740     
   10.00000     -0.112308733547835     
   11.00000     -0.108741293855453     
   12.00000     -0.105246511750834     
   13.00000     -0.101823788610552     
   14.00000     -9.847252188376002E-002
   15.00000     -9.519210504802848E-002
   16.00000     -9.198192756488717E-002
   17.00000     -8.884137483498236E-002
   18.00000     -8.576982815299060E-002
   19.00000     -8.276666466212208E-002
   20.00000     -7.983125730849312E-002
   21.00000     -7.696297479508332E-002
   22.00000     -7.416118153557413E-002
   23.00000     -7.142523760788881E-002
   24.00000     -6.875449870759884E-002
   25.00000     -6.614831610113811E-002
   26.00000     -6.360603657888517E-002
   27.00000     -6.112700240814698E-002
   28.00000     -5.871055128608749E-002
   29.00000     -5.635601629259088E-002
   30.00000     -5.406272584318263E-002
   31.00000     -5.183000364193287E-002
   32.00000     -4.965716863452984E-002
   33.00000     -4.754353496141884E-002
   34.00000     -4.548841191118775E-002
   35.00000     -4.349110387417646E-002
   36.00000     -4.155091029639127E-002
   37.00000     -3.966712563377702E-002
   38.00000     -3.783903930693459E-002
   39.00000     -3.606593565632076E-002
   40.00000     -3.434709389802218E-002
   41.00000     -3.268178808019326E-002
   42.00000     -3.106928704019848E-002
   43.00000     -2.950885436260303E-002
   44.00000     -2.799974833803700E-002
   45.00000     -2.654122192310658E-002
   46.00000     -2.513252270137853E-002
   47.00000     -2.377289284561019E-002
   48.00000     -2.246156908129619E-002
   49.00000     -2.119778265167518E-002
   50.00000     -1.998075928430910E-002
   51.00000     -1.880971915939084E-002
   52.00000     -1.768387687989556E-002
   53.00000     -1.660244144374299E-002
   54.00000     -1.556461621812047E-002
   55.00000     -1.456959891613376E-002
   56.00000     -1.361658157596098E-002
   57.00000     -1.270475054268737E-002
   58.00000     -1.183328645302816E-002
   59.00000     -1.100136422313325E-002
   60.00000     -1.020815303968966E-002
   61.00000     -9.452816354565227E-003
   62.00000     -8.734511883226858E-003
   63.00000     -8.052391607196507E-003
   64.00000     -7.405601780837963E-003
   65.00000     -6.793282942751374E-003
   66.00000     -6.214569932139312E-003
   67.00000     -5.668591910474748E-003
   68.00000     -5.154472388884961E-003
   69.00000     -4.671329261697216E-003
   70.00000     -4.218274846651872E-003
   71.00000     -3.794415932368712E-003
   72.00000     -3.398853833761729E-003
   73.00000     -3.030684456229603E-003
   74.00000     -2.688998369634433E-003
   75.00000     -2.372880893355224E-003
   76.00000     -2.081412194049141E-003
   77.00000     -1.813667398288697E-003
   78.00000     -1.568716722994745E-003
   79.00000     -1.345625627712753E-003
   80.00000     -1.143454994482901E-003
   81.00000     -9.612613436973556E-004
   82.00000     -7.980970985492141E-004
   83.00000     -6.530109175694004E-004
   84.00000     -5.250481264409331E-004
   85.00000     -4.132513008917113E-004
   86.00000     -3.166610905068498E-004
   87.00000     -2.343174475399076E-004
   88.00000     -1.652615798016624E-004
   89.00000     -1.085392994544246E-004
   90.00000     -6.320733828626962E-005
   91.00000     -2.834688115003787E-005
   92.00000     -3.098771143815342E-006
