  0.0000000E+00 -0.103726834804153     
   1.000000     -9.976397065098967E-002
   2.000000     -9.588197052428352E-002
   3.000000     -9.208031153208164E-002
   4.000000     -8.835846842671655E-002
   5.000000     -8.471591362541481E-002
   6.000000     -8.115211723538319E-002
   7.000000     -7.766654708384192E-002
   8.000000     -7.425866875362272E-002
   9.000000     -7.092794562501112E-002
   10.00000     -6.767383892451340E-002
   11.00000     -6.449580778146753E-002
   12.00000     -6.139330929343430E-002
   13.00000     -5.836579860145312E-002
   14.00000     -5.541272897644914E-002
   15.00000     -5.253355191824580E-002
   16.00000     -4.972771726880879E-002
   17.00000     -4.699467334168247E-002
   18.00000     -4.433386706980141E-002
   19.00000     -4.174474417432731E-002
   20.00000     -3.922674935744173E-002
   21.00000     -3.677932652269590E-002
   22.00000     -3.440191902704148E-002
   23.00000     -3.209396996942793E-002
   24.00000     -2.985492252180572E-002
   25.00000     -2.768422030944429E-002
   26.00000     -2.558130784888168E-002
   27.00000     -2.354563105348633E-002
   28.00000     -2.157663781875767E-002
   29.00000     -1.967377870215541E-002
   30.00000     -1.783650771557586E-002
   31.00000     -1.606428325292437E-002
   32.00000     -1.435656918074468E-002
   33.00000     -1.271283612704371E-002
   34.00000     -1.113256301289303E-002
   35.00000     -9.615238883918241E-003
   36.00000     -8.160365115626279E-003
   37.00000     -6.767458089516737E-003
   38.00000     -5.436052468675442E-003
   39.00000     -4.165705246270394E-003
   40.00000     -2.956000804354657E-003
   41.00000     -1.806557313976335E-003
   42.00000     -7.170349475034673E-004
