  0.0000000E+00 -0.145927704978940     
   1.000000     -0.141646226313135     
   2.000000     -0.137443445933945     
   3.000000     -0.133318805115682     
   4.000000     -0.129271741667238     
   5.000000     -0.125301689892592     
   6.000000     -0.121408080550873     
   7.000000     -0.117590340816073     
   8.000000     -0.113847894236284     
   9.000000     -0.110180160692608     
   10.00000     -0.106586556357652     
   11.00000     -0.103066493653651     
   12.00000     -9.961938121024946E-002
   13.00000     -9.624462382191806E-002
   14.00000     -9.294162240502786E-002
   15.00000     -8.970977395461900E-002
   16.00000     -8.654847150086452E-002
   17.00000     -8.345710406524211E-002
   18.00000     -8.043505661645191E-002
   19.00000     -7.748171002610278E-002
   20.00000     -7.459644102415366E-002
   21.00000     -7.177862215422241E-002
   22.00000     -6.902762172868743E-002
   23.00000     -6.634280378370139E-002
   24.00000     -6.372352803411889E-002
   25.00000     -6.116914982838537E-002
   26.00000     -5.867902010340689E-002
   27.00000     -5.625248533951953E-002
   28.00000     -5.388888751551153E-002
   29.00000     -5.158756406387233E-002
   30.00000     -4.934784782622514E-002
   31.00000     -4.716906700910285E-002
   32.00000     -4.505054514007653E-002
   33.00000     -4.299160102439966E-002
   34.00000     -4.099154870218218E-002
   35.00000     -3.904969740625146E-002
   36.00000     -3.716535152083637E-002
   37.00000     -3.533781054113039E-002
   38.00000     -3.356636903396928E-002
   39.00000     -3.185031659971293E-002
   40.00000     -3.018893783555897E-002
   41.00000     -2.858151230047512E-002
   42.00000     -2.702731448195968E-002
   43.00000     -2.552561376494100E-002
   44.00000     -2.407567440304733E-002
   45.00000     -2.267675549261644E-002
   46.00000     -2.132811094982117E-002
   47.00000     -2.002898949133326E-002
   48.00000     -1.877863461904628E-002
   49.00000     -1.757628460942347E-002
   50.00000     -1.642117250815852E-002
   51.00000     -1.531252613094799E-002
   52.00000     -1.424956807131943E-002
   53.00000     -1.323151571660582E-002
   54.00000     -1.225758127343858E-002
   55.00000     -1.132697180433940E-002
   56.00000     -1.043888927735402E-002
   57.00000     -9.592530631139472E-003
   58.00000     -8.787087858401967E-003
   59.00000     -8.021748111353413E-003
   60.00000     -7.295693833760352E-003
   61.00000     -6.608102925375536E-003
   62.00000     -5.958148946172458E-003
   63.00000     -5.345001369986306E-003
   64.00000     -4.767825900134132E-003
   65.00000     -4.225784863690879E-003
   66.00000     -3.718037706880672E-003
   67.00000     -3.243741622217546E-003
   68.00000     -2.802052350019587E-003
   69.00000     -2.392125214584716E-003
   70.00000     -2.013116482245556E-003
   71.00000     -1.664185170415221E-003
   72.00000     -1.344495504144329E-003
   73.00000     -1.053220328818153E-003
   74.00000     -7.895459821030442E-004
   75.00000     -5.526794823605531E-004
   76.00000     -3.418595751443948E-004
   77.00000     -1.563746035280636E-004
