  0.0000000E+00 -0.138288875289964     
   1.000000     -0.134063223504876     
   2.000000     -0.129916609937510     
   3.000000     -0.125848480168593     
   4.000000     -0.121858276394866     
   5.000000     -0.117945437392048     
   6.000000     -0.114109398477523     
   7.000000     -0.110349591472805     
   8.000000     -0.106665444665728     
   9.000000     -0.103056382772441     
   10.00000     -9.952182689919908E-002
   11.00000     -9.606119450400630E-002
   12.00000     -9.267389935810796E-002
   13.00000     -8.935935150739438E-002
   14.00000     -8.611695723374242E-002
   15.00000     -8.294611901632007E-002
   16.00000     -7.984623549295362E-002
   17.00000     -7.681670142152972E-002
   18.00000     -7.385690764159299E-002
   19.00000     -7.096624103606838E-002
   20.00000     -6.814408449336784E-002
   21.00000     -6.538981686972792E-002
   22.00000     -6.270281295211094E-002
   23.00000     -6.008244342158079E-002
   24.00000     -5.752807481737879E-002
   25.00000     -5.503906950176288E-002
   26.00000     -5.261478562581941E-002
   27.00000     -5.025457709632358E-002
   28.00000     -4.795779354390187E-002
   29.00000     -4.572378029267343E-002
   30.00000     -4.355187833158135E-002
   31.00000     -4.144142428772711E-002
   32.00000     -3.939175040194218E-002
   33.00000     -3.740218450698769E-002
   34.00000     -3.547205000874262E-002
   35.00000     -3.360066587083604E-002
   36.00000     -3.178734660322059E-002
   37.00000     -3.003140225529535E-002
   38.00000     -2.833213841423357E-002
   39.00000     -2.668885620934047E-002
   40.00000     -2.510085232331623E-002
   41.00000     -2.356741901156240E-002
   42.00000     -2.208784413074690E-002
   43.00000     -2.066141117817460E-002
   44.00000     -1.928739934370873E-002
   45.00000     -1.796508357641041E-002
   46.00000     -1.669373466841252E-002
   47.00000     -1.547261935914302E-002
   48.00000     -1.430100046363510E-002
   49.00000     -1.317813702949190E-002
   50.00000     -1.210328452817110E-002
   51.00000     -1.107569508757664E-002
   52.00000     -1.009461777469606E-002
   53.00000     -9.159298939362142E-003
   54.00000     -8.268982633149057E-003
   55.00000     -7.422911121517375E-003
   56.00000     -6.620325512684446E-003
   57.00000     -5.860466534155454E-003
   58.00000     -5.142575498127388E-003
   59.00000     -4.465895511495460E-003
   60.00000     -3.829673007053049E-003
   61.00000     -3.233159702987778E-003
   62.00000     -2.675615143515657E-003
   63.00000     -2.156310043729191E-003
   64.00000     -1.674530772828075E-003
   65.00000     -1.229585491489214E-003
   66.00000     -8.208127678897095E-004
   67.00000     -4.475940465442058E-004
   68.00000     -1.093723788382377E-004
