  0.0000000E+00 -0.151804720933829     
   1.000000     -0.147480795137203     
   2.000000     -0.143235319135941     
   3.000000     -0.139067731373004     
   4.000000     -0.134977466785591     
   5.000000     -0.130963956765036     
   6.000000     -0.127026629116218     
   7.000000     -0.123164908016561     
   8.000000     -0.119378213974631     
   9.000000     -0.115665963788304     
   10.00000     -0.112027570502531     
   11.00000     -0.108462443366694     
   12.00000     -0.104969987791598     
   13.00000     -0.101549605306054     
   14.00000     -9.820069351309219E-002
   15.00000     -9.492264604583722E-002
   16.00000     -9.171485252302576E-002
   17.00000     -8.857669850416476E-002
   18.00000     -8.550756544442899E-002
   19.00000     -8.250683064919515E-002
   20.00000     -7.957386722833222E-002
   21.00000     -7.670804405025176E-002
   22.00000     -7.390872569562823E-002
   23.00000     -7.117527241100992E-002
   24.00000     -6.850704006216600E-002
   25.00000     -6.590338008729647E-002
   26.00000     -6.336363945010189E-002
   27.00000     -6.088716059274271E-002
   28.00000     -5.847328138874654E-002
   29.00000     -5.612133509585887E-002
   30.00000     -5.383065030892768E-002
   31.00000     -5.160055091279685E-002
   32.00000     -4.943035603533507E-002
   33.00000     -4.731938000056995E-002
   34.00000     -4.526693228204056E-002
   35.00000     -4.327231745636417E-002
   36.00000     -4.133483515714714E-002
   37.00000     -3.945378002920798E-002
   38.00000     -3.762844168328414E-002
   39.00000     -3.585810465119898E-002
   40.00000     -3.414204834162590E-002
   41.00000     -3.247954699648622E-002
   42.00000     -3.086986964808883E-002
   43.00000     -2.931228007710931E-002
   44.00000     -2.780603677145363E-002
   45.00000     -2.635039288616486E-002
   46.00000     -2.494459620442997E-002
   47.00000     -2.358788909983889E-002
   48.00000     -2.227950849996350E-002
   49.00000     -2.101868585143512E-002
   50.00000     -1.980464708660834E-002
   51.00000     -1.863661259197705E-002
   52.00000     -1.751379717846446E-002
   53.00000     -1.643541005377663E-002
   54.00000     -1.540065479694994E-002
   55.00000     -1.440872933528965E-002
   56.00000     -1.345882592387251E-002
   57.00000     -1.255013112781701E-002
   58.00000     -1.168182580754016E-002
   59.00000     -1.085308510719351E-002
   60.00000     -1.006307844656927E-002
   61.00000     -9.310969516681974E-003
   62.00000     -8.595916279353636E-003
   63.00000     -7.917070971075019E-003
   64.00000     -7.273580111493349E-003
   65.00000     -6.664584516897814E-003
   66.00000     -6.089219319109353E-003
   67.00000     -5.546613990251963E-003
   68.00000     -5.035892373932608E-003
   69.00000     -4.556172723461354E-003
   70.00000     -4.106567747843088E-003
   71.00000     -3.686184666426511E-003
   72.00000     -3.294125273296498E-003
   73.00000     -2.929486012762502E-003
   74.00000     -2.591358067670923E-003
   75.00000     -2.278827462786043E-003
   76.00000     -1.990975186237205E-003
   77.00000     -1.726877333086123E-003
   78.00000     -1.485605276674139E-003
   79.00000     -1.266225875778129E-003
   80.00000     -1.067801729309486E-003
   81.00000     -8.893914960980346E-004
   82.00000     -7.300503068160657E-004
   83.00000     -5.888303110778479E-004
   84.00000     -4.647814307606013E-004
   85.00000     -3.569524419206313E-004
   86.00000     -2.643926071229337E-004
   87.00000     -1.861542860860888E-004
   88.00000     -1.212974178821471E-004
   89.00000     -6.889794389690682E-005
   90.00000     -2.806571880076123E-005
