  0.0000000E+00 -2.183602183271945E-002
   1.000000     -2.068684178064482E-002
   2.000000     -1.957325299200807E-002
   3.000000     -1.849486251932007E-002
   4.000000     -1.745127378899268E-002
   5.000000     -1.644208655569236E-002
   6.000000     -1.546689685869418E-002
   7.000000     -1.452529698077682E-002
   8.000000     -1.361687541026771E-002
   9.000000     -1.274121680702422E-002
   10.00000     -1.189790197323886E-002
   11.00000     -1.108650783018042E-002
   12.00000     -1.030660740218737E-002
   13.00000     -9.557769809538331E-003
   14.00000     -8.839560272169422E-003
   15.00000     -8.151540126657602E-003
   16.00000     -7.493266859485718E-003
   17.00000     -6.864294160319961E-003
   18.00000     -6.264171999993615E-003
   19.00000     -5.692446739135736E-003
   20.00000     -5.148661275020921E-003
   21.00000     -4.632355236406908E-003
   22.00000     -4.143065239082694E-003
   23.00000     -3.680325218891626E-003
   24.00000     -3.243666864609214E-003
   25.00000     -2.832620180985043E-003
   26.00000     -2.446714223625753E-003
   27.00000     -2.085478064100213E-003
   28.00000     -1.748442068619904E-003
   29.00000     -1.435139612078254E-003
   30.00000     -1.145109409982863E-003
   31.00000     -8.778987501656476E-004
   32.00000     -6.330680750135480E-004
   33.00000     -4.101976654295128E-004
   34.00000     -2.088977427664195E-004
   35.00000     -2.882444238753131E-005
