  0.0000000E+00 -7.439551758464760E-002
   1.000000     -7.348508398638451E-002
   2.000000     -7.258148092234279E-002
   3.000000     -7.168469575168261E-002
   4.000000     -7.079470251500411E-002
   5.000000     -6.991148405233609E-002
   6.000000     -6.903502094382408E-002
   7.000000     -6.816529372132830E-002
   8.000000     -6.730228286823421E-002
   9.000000     -6.644596881915613E-002
   10.00000     -6.559633195982205E-002
   11.00000     -6.475335262677248E-002
   12.00000     -6.391701110717238E-002
   13.00000     -6.308728763858633E-002
   14.00000     -6.226416240875055E-002
   15.00000     -6.144761555525419E-002
   16.00000     -6.063762716556512E-002
   17.00000     -5.983417727884241E-002
   18.00000     -5.903724587621202E-002
   19.00000     -5.824681286312736E-002
   20.00000     -5.746285824394071E-002
   21.00000     -5.668536210651804E-002
   22.00000     -5.591430255141044E-002
   23.00000     -5.514965849825647E-002
   24.00000     -5.439142661655187E-002
   25.00000     -5.363957953359951E-002
   26.00000     -5.289397580002868E-002
   27.00000     -5.215473846408540E-002
   28.00000     -5.142252095387953E-002
   29.00000     -5.069613386838741E-002
   30.00000     -4.997289425347913E-002
   31.00000     -4.925970044179805E-002
   32.00000     -4.856503721434385E-002
   33.00000     -4.785977848890956E-002
   34.00000     -4.712837574978979E-002
   35.00000     -4.646750985378047E-002
   36.00000     -4.588802397867298E-002
   37.00000     -4.514425758015082E-002
   38.00000     -4.430817753968855E-002
   39.00000     -4.374243636332569E-002
   40.00000     -4.331648730626416E-002
   41.00000     -4.244569389974430E-002
   42.00000     -4.153937708400744E-002
   43.00000     -4.064503658466579E-002
   44.00000     -4.050124425641694E-002
   45.00000     -3.971103590315917E-002
   46.00000     -3.880662614620854E-002
   47.00000     -3.790767475898484E-002
   48.00000     -3.701704313963260E-002
   49.00000     -3.662319240346353E-002
   50.00000     -3.613287186650985E-002
   51.00000     -3.526111050703597E-002
   52.00000     -3.439972502842513E-002
   53.00000     -3.354970272660372E-002
   54.00000     -3.271165405556881E-002
   55.00000     -3.207655088576487E-002
   56.00000     -3.188516550882833E-002
   57.00000     -3.107249037713972E-002
   58.00000     -3.027240107723370E-002
   59.00000     -2.948547711266820E-002
   60.00000     -2.871190990075043E-002
   61.00000     -2.795183508414965E-002
   62.00000     -2.720538881142438E-002
   63.00000     -2.686797647987545E-002
   64.00000     -2.647232318126468E-002
   65.00000     -2.575314169416685E-002
   66.00000     -2.504756448106713E-002
   67.00000     -2.435559898536518E-002
   68.00000     -2.367720007287593E-002
   69.00000     -2.301230084465012E-002
   70.00000     -2.236081746842091E-002
   71.00000     -2.172265354591785E-002
   72.00000     -2.109775751719969E-002
   73.00000     -2.096237363737106E-002
   74.00000     -2.048575302385380E-002
   75.00000     -1.988682001171548E-002
   76.00000     -1.930067759933368E-002
   77.00000     -1.872718304278197E-002
   78.00000     -1.816618032246834E-002
   79.00000     -1.761750687444225E-002
   80.00000     -1.708099511931004E-002
   81.00000     -1.655647340361269E-002
   82.00000     -1.604376678293520E-002
   83.00000     -1.554269777877092E-002
   84.00000     -1.505308744473809E-002
   85.00000     -1.457476145827439E-002
   86.00000     -1.430941842317702E-002
   87.00000     -1.410747942733718E-002
   88.00000     -1.365116172198493E-002
   89.00000     -1.320555840369817E-002
   90.00000     -1.277049707680274E-002
   91.00000     -1.234579587086921E-002
   92.00000     -1.193127280149141E-002
   93.00000     -1.152674663824195E-002
   94.00000     -1.113203725068049E-002
   95.00000     -1.074696584572151E-002
   96.00000     -1.037135516096939E-002
   97.00000     -1.000502963052595E-002
   98.00000     -9.647815529440005E-003
   99.00000     -9.299541100069664E-003
   100.0000     -8.960036662663517E-003
   101.0000     -8.629134712347292E-003
   102.0000     -8.306670005309115E-003
   103.0000     -7.992479639800322E-003
   104.0000     -7.686403149658043E-003
   105.0000     -7.388282698812191E-003
   106.0000     -7.097964261654851E-003
   107.0000     -6.849272908405662E-003
   108.0000     -6.815242528587833E-003
   109.0000     -6.540100688065761E-003
   110.0000     -6.272272172307257E-003
   111.0000     -6.011644775896348E-003
   112.0000     -5.758076502795550E-003
   113.0000     -5.511427147845982E-003
   114.0000     -5.271558920815266E-003
   115.0000     -5.038336537410859E-003
   116.0000     -4.811627233662694E-003
   117.0000     -4.591300760147091E-003
   118.0000     -4.377229368183255E-003
   119.0000     -4.169287791650394E-003
   120.0000     -3.967353225876062E-003
   121.0000     -3.771305304343000E-003
   122.0000     -3.581026073692953E-003
   123.0000     -3.396399967394760E-003
   124.0000     -3.217313778378820E-003
   125.0000     -3.043656630916701E-003
   126.0000     -2.875319951998723E-003
   127.0000     -2.712197442454178E-003
   128.0000     -2.554185048053374E-003
   129.0000     -2.401180930825142E-003
   130.0000     -2.253085440828160E-003
   131.0000     -2.109801088622602E-003
   132.0000     -1.971232518691184E-003
   133.0000     -1.837286484085647E-003
   134.0000     -1.707871822585567E-003
   135.0000     -1.582899434693274E-003
   136.0000     -1.462282263818933E-003
   137.0000     -1.345935279064160E-003
   138.0000     -1.233775461066493E-003
   139.0000     -1.125721791449915E-003
   140.0000     -1.021695246519973E-003
   141.0000     -9.216187959688449E-004
   142.0000     -8.254174075130338E-004
   143.0000     -7.330180585920680E-004
   144.0000     -6.443497565182084E-004
   145.0000     -5.593435688126199E-004
   146.0000     -4.779326659148224E-004
   147.0000     -4.000523790543898E-004
   148.0000     -3.256402768814538E-004
   149.0000     -2.546362655554031E-004
   150.0000     -1.869827185121612E-004
   151.0000     -1.226246442715693E-004
   152.0000     -6.150990370187354E-005
   153.0000     -3.589492620923623E-006
