  0.0000000E+00 -8.062088522146481E-002
   1.000000     -7.969225048993749E-002
   2.000000     -7.877040509252248E-002
   3.000000     -7.785532954754000E-002
   4.000000     -7.694700432434115E-002
   5.000000     -7.604540984318083E-002
   6.000000     -7.515052647491166E-002
   7.000000     -7.426233454079163E-002
   8.000000     -7.338081431224462E-002
   9.000000     -7.250594601063139E-002
   10.00000     -7.163770980701865E-002
   11.00000     -7.077608582194773E-002
   12.00000     -6.992105412519758E-002
   13.00000     -6.907259473555012E-002
   14.00000     -6.823068762052076E-002
   15.00000     -6.739531269643544E-002
   16.00000     -6.656644982813276E-002
   17.00000     -6.574407882202452E-002
   18.00000     -6.492817944152479E-002
   19.00000     -6.411873149184009E-002
   20.00000     -6.331571443776952E-002
   21.00000     -6.251910691966298E-002
   22.00000     -6.172889203283830E-002
   23.00000     -6.094505515131936E-002
   24.00000     -6.016753767075918E-002
   25.00000     -5.939631202145025E-002
   26.00000     -5.863165057233199E-002
   27.00000     -5.787334430152936E-002
   28.00000     -5.711982468732402E-002
   29.00000     -5.637330341238250E-002
   30.00000     -5.564004430973002E-002
   31.00000     -5.490675378270240E-002
   32.00000     -5.415761657977464E-002
   33.00000     -5.344914969029285E-002
   34.00000     -5.280719316524230E-002
   35.00000     -5.205634353994546E-002
   36.00000     -5.121855016298036E-002
   37.00000     -5.066035146406764E-002
   38.00000     -5.013709423238037E-002
   39.00000     -4.923466303762492E-002
   40.00000     -4.828646155127511E-002
   41.00000     -4.760229087627769E-002
   42.00000     -4.730136248357488E-002
   43.00000     -4.634890416277475E-002
   44.00000     -4.538795504026488E-002
   45.00000     -4.443110814596052E-002
   46.00000     -4.380784470874557E-002
   47.00000     -4.347678264728481E-002
   48.00000     -4.253483408082670E-002
   49.00000     -4.160071645909072E-002
   50.00000     -4.067656373188686E-002
   51.00000     -3.976345541071392E-002
   52.00000     -3.935484088174514E-002
   53.00000     -3.886094004879153E-002
   54.00000     -3.797138577063138E-002
   55.00000     -3.709422667357767E-002
   56.00000     -3.622997410234049E-002
   57.00000     -3.537895940459154E-002
   58.00000     -3.454151939705288E-002
   59.00000     -3.423584765069750E-002
   60.00000     -3.371739580903573E-002
   61.00000     -3.290739612070125E-002
   62.00000     -3.211128358014403E-002
   63.00000     -3.132916260729906E-002
   64.00000     -3.056107514762244E-002
   65.00000     -2.980703171981360E-002
   66.00000     -2.906702239283129E-002
   67.00000     -2.841702951237900E-002
   68.00000     -2.834072895039674E-002
   69.00000     -2.762881678300966E-002
   70.00000     -2.693055294607326E-002
   71.00000     -2.624603023577369E-002
   72.00000     -2.557514386014293E-002
   73.00000     -2.491777267782899E-002
   74.00000     -2.427378383816692E-002
   75.00000     -2.364303469825339E-002
   76.00000     -2.302537447066189E-002
   77.00000     -2.242064746671272E-002
   78.00000     -2.184946878696793E-002
   79.00000     -2.182834390779203E-002
   80.00000     -2.124927995167285E-002
   81.00000     -2.068232817972290E-002
   82.00000     -2.012761220144423E-002
   83.00000     -1.958495258846835E-002
   84.00000     -1.905416528604346E-002
   85.00000     -1.853506393441503E-002
   86.00000     -1.802746064096478E-002
   87.00000     -1.753116651155156E-002
   88.00000     -1.704599209531119E-002
   89.00000     -1.657174777900798E-002
   90.00000     -1.610824414905193E-002
   91.00000     -1.565529235200510E-002
   92.00000     -1.521270459810347E-002
   93.00000     -1.478029650797914E-002
   94.00000     -1.447415866307197E-002
   95.00000     -1.435784409650992E-002
   96.00000     -1.394524378977045E-002
   97.00000     -1.354225140923123E-002
   98.00000     -1.314869926897106E-002
   99.00000     -1.276440896486928E-002
   100.0000     -1.238920345033177E-002
   101.0000     -1.202290767034132E-002
   102.0000     -1.166534874535202E-002
   103.0000     -1.131635607491864E-002
   104.0000     -1.097576141296083E-002
   105.0000     -1.064339892692470E-002
   106.0000     -1.031910524506859E-002
   107.0000     -1.000271949387216E-002
   108.0000     -9.694083326825715E-003
   109.0000     -9.393040945540318E-003
   110.0000     -9.099439113960424E-003
   111.0000     -8.813127166353820E-003
   112.0000     -8.533957009717531E-003
   113.0000     -8.261783121179513E-003
   114.0000     -7.996462540993772E-003
   115.0000     -7.737854861795382E-003
   116.0000     -7.485822215070894E-003
   117.0000     -7.240229256719364E-003
   118.0000     -7.000943157038930E-003
   119.0000     -6.767833616775459E-003
   120.0000     -6.540773049318047E-003
   121.0000     -6.319639614636935E-003
   122.0000     -6.224333533336720E-003
   123.0000     -6.104287476870223E-003
   124.0000     -5.894631283336304E-003
   125.0000     -5.690532624894821E-003
   126.0000     -5.491877757501496E-003
   127.0000     -5.298553028177801E-003
   128.0000     -5.110446776299020E-003
   129.0000     -4.927449461578699E-003
   130.0000     -4.749453659976102E-003
   131.0000     -4.576354035156491E-003
   132.0000     -4.408047303164461E-003
   133.0000     -4.244432194670044E-003
   134.0000     -4.085409416191906E-003
   135.0000     -3.930881610860521E-003
   136.0000     -3.780753318989679E-003
   137.0000     -3.634930938620305E-003
   138.0000     -3.493322686137665E-003
   139.0000     -3.355838557041683E-003
   140.0000     -3.222390286937926E-003
   141.0000     -3.092891312796151E-003
   142.0000     -2.967256734527277E-003
   143.0000     -2.845403276912869E-003
   144.0000     -2.727249251924681E-003
   145.0000     -2.612714521463536E-003
   146.0000     -2.501720460541819E-003
   147.0000     -2.394189920932749E-003
   148.0000     -2.290047195306304E-003
   149.0000     -2.189217981868492E-003
   150.0000     -2.091629349515125E-003
   151.0000     -1.997209703516370E-003
   152.0000     -1.905888751736172E-003
   153.0000     -1.817597471398716E-003
   154.0000     -1.732268076404129E-003
   155.0000     -1.649833985200205E-003
   156.0000     -1.570229789210017E-003
   157.0000     -1.493391221818723E-003
   158.0000     -1.419255127919463E-003
   159.0000     -1.347759434015262E-003
   160.0000     -1.278843118877173E-003
   161.0000     -1.212446184754893E-003
   162.0000     -1.148509629134413E-003
   163.0000     -1.086975417041040E-003
   164.0000     -1.027786453879498E-003
   165.0000     -9.708865588075108E-004
   166.0000     -9.162204386351217E-004
   167.0000     -8.637336622434687E-004
   168.0000     -8.133726355153620E-004
   169.0000     -7.650845767700879E-004
   170.0000     -7.188174926948814E-004
   171.0000     -6.745201547637286E-004
   172.0000     -6.321420761358893E-004
   173.0000     -5.916334890250592E-004
   174.0000     -5.529453225302327E-004
   175.0000     -5.160291809189591E-004
   176.0000     -4.808373223543856E-004
   177.0000     -4.473226380560543E-004
   178.0000     -4.154386318860344E-004
   179.0000     -3.851394003497005E-004
   180.0000     -3.563796130033653E-004
   181.0000     -3.291144932578319E-004
   182.0000     -3.032997995696558E-004
   183.0000     -2.788918070100547E-004
   184.0000     -2.558472892027128E-004
   185.0000     -2.341235006210875E-004
   186.0000     -2.136781592364496E-004
   187.0000     -1.944694295074802E-004
   188.0000     -1.764559057034739E-004
   189.0000     -1.595965955524235E-004
   190.0000     -1.438509042060727E-004
   191.0000     -1.291786185151679E-004
   192.0000     -1.155398916073201E-004
   193.0000     -1.028952277624467E-004
   194.0000     -9.120546758051905E-005
   195.0000     -8.043177343881720E-005
   196.0000     -7.053561523777510E-005
   197.0000     -6.147875643751970E-005
   198.0000     -5.322324039199746E-005
   199.0000     -4.573137699384428E-005
   200.0000     -3.896572965327306E-005
   201.0000     -3.288910264889687E-005
   202.0000     -2.746452891194414E-005
   203.0000     -2.265525834293429E-005
   204.0000     -1.842474682138518E-005
   205.0000     -1.473664617459490E-005
   206.0000     -1.155479555827350E-005
   207.0000     -8.843215046781678E-006
   208.0000     -6.566102904299681E-006
   209.0000     -4.687839406708442E-006
   210.0000     -3.173003226995160E-006
   211.0000     -1.986414209232564E-006
   212.0000     -1.093238605698805E-006
   213.0000     -4.592701132608950E-007
   214.0000     -5.187515021398200E-008
