  0.0000000E+00 -8.022590946870579E-002
   1.000000     -7.929841863915314E-002
   2.000000     -7.837771978728122E-002
   3.000000     -7.746379344283119E-002
   4.000000     -7.655662008668092E-002
   5.000000     -7.565618015061377E-002
   6.000000     -7.476245401709285E-002
   7.000000     -7.387542201903095E-002
   8.000000     -7.299506443956440E-002
   9.000000     -7.212136151181925E-002
   10.00000     -7.125429341868207E-002
   11.00000     -7.039384029256553E-002
   12.00000     -6.953998221517753E-002
   13.00000     -6.869269921728320E-002
   14.00000     -6.785197127842911E-002
   15.00000     -6.701777832699195E-002
   16.00000     -6.619010024012258E-002
   17.00000     -6.536891683695818E-002
   18.00000     -6.455420788885712E-002
   19.00000     -6.374595321188385E-002
   20.00000     -6.294413234928013E-002
   21.00000     -6.214872387306106E-002
   22.00000     -6.135971022389517E-002
   23.00000     -6.057707844934934E-002
   24.00000     -5.980077418648078E-002
   25.00000     -5.903075142219540E-002
   26.00000     -5.826726869946421E-002
   27.00000     -5.751025251903543E-002
   28.00000     -5.675810261824444E-002
   29.00000     -5.601230903267933E-002
   30.00000     -5.527980527517802E-002
   31.00000     -5.454998555231587E-002
   32.00000     -5.380290230120113E-002
   33.00000     -5.308654844462819E-002
   34.00000     -5.244870335462946E-002
   35.00000     -5.171683372903472E-002
   36.00000     -5.088048137250999E-002
   37.00000     -5.025964429446610E-002
   38.00000     -4.980192298301601E-002
   39.00000     -4.891776735963271E-002
   40.00000     -4.797364830441251E-002
   41.00000     -4.716896760506003E-002
   42.00000     -4.698205769551211E-002
   43.00000     -4.604401779341625E-002
   44.00000     -4.508636851642633E-002
   45.00000     -4.413231409205846E-002
   46.00000     -4.335533177880326E-002
   47.00000     -4.317936961346388E-002
   48.00000     -4.224182426956430E-002
   49.00000     -4.131043838793319E-002
   50.00000     -4.038891928559458E-002
   51.00000     -3.947829582662812E-002
   52.00000     -3.889438996710707E-002
   53.00000     -3.857827745165334E-002
   54.00000     -3.769136887123645E-002
   55.00000     -3.681667857957044E-002
   56.00000     -3.595485154723543E-002
   57.00000     -3.510622438773783E-002
   58.00000     -3.427108824899835E-002
   59.00000     -3.376952177806614E-002
   60.00000     -3.344930312425885E-002
   61.00000     -3.264165129230623E-002
   62.00000     -3.184781471021719E-002
   63.00000     -3.106794032755390E-002
   64.00000     -3.030207300655515E-002
   65.00000     -2.955022407965336E-002
   66.00000     -2.881238101036165E-002
   67.00000     -2.808858746636147E-002
   68.00000     -2.794475225091627E-002
   69.00000     -2.737844840484372E-002
   70.00000     -2.668229448905014E-002
   71.00000     -2.599985534528385E-002
   72.00000     -2.533103121019190E-002
   73.00000     -2.467570200111340E-002
   74.00000     -2.403373550971730E-002
   75.00000     -2.340498959384957E-002
   76.00000     -2.278931374516801E-002
   77.00000     -2.218655107036423E-002
   78.00000     -2.159655259717346E-002
   79.00000     -2.137176141097532E-002
   80.00000     -2.101906167540830E-002
   81.00000     -2.045403167280024E-002
   82.00000     -1.990121611817124E-002
   83.00000     -1.936044061236503E-002
   84.00000     -1.883152193301160E-002
   85.00000     -1.831427421726622E-002
   86.00000     -1.780850999711935E-002
   87.00000     -1.731404077586458E-002
   88.00000     -1.683067748390740E-002
   89.00000     -1.635823087472411E-002
   90.00000     -1.589651188106405E-002
   91.00000     -1.544533194840436E-002
   92.00000     -1.500450339167772E-002
   93.00000     -1.457384005928797E-002
   94.00000     -1.415316433205537E-002
   95.00000     -1.399136419945160E-002
   96.00000     -1.374224734457182E-002
   97.00000     -1.334097283309248E-002
   98.00000     -1.294912457315425E-002
   99.00000     -1.256652743822651E-002
   100.0000     -1.219300499405315E-002
   101.0000     -1.182838256775291E-002
   102.0000     -1.147248761217818E-002
   103.0000     -1.112514984191758E-002
   104.0000     -1.078620131717427E-002
   105.0000     -1.045547650587347E-002
   106.0000     -1.013281233216592E-002
   107.0000     -9.818048214424179E-003
   108.0000     -9.511026094362347E-003
   109.0000     -9.211590458351989E-003
   110.0000     -8.919588351767720E-003
   111.0000     -8.634869387068395E-003
   112.0000     -8.357285746234240E-003
   113.0000     -8.086692178132501E-003
   114.0000     -7.822945991335662E-003
   115.0000     -7.565907042918331E-003
   116.0000     -7.315437723784026E-003
   117.0000     -7.071402941215297E-003
   118.0000     -6.833670099831269E-003
   119.0000     -6.602109083734124E-003
   120.0000     -6.376592249201302E-003
   121.0000     -6.156994473576120E-003
   122.0000     -5.943193670925891E-003
   123.0000     -5.736583437782604E-003
   124.0000     -5.734626206023642E-003
   125.0000     -5.532490081304480E-003
   126.0000     -5.335362805681284E-003
   127.0000     -5.143561881084699E-003
   128.0000     -4.956976602194095E-003
   129.0000     -4.775497794474699E-003
   130.0000     -4.599018308336401E-003
   131.0000     -4.427433056827030E-003
   132.0000     -4.260638995698353E-003
   133.0000     -4.098535090455955E-003
   134.0000     -3.941022279413928E-003
   135.0000     -3.788003435268780E-003
   136.0000     -3.639383326092841E-003
   137.0000     -3.495068576118663E-003
   138.0000     -3.354967626522066E-003
   139.0000     -3.218990696317239E-003
   140.0000     -3.087049743451290E-003
   141.0000     -2.959058426155775E-003
   142.0000     -2.834932064612584E-003
   143.0000     -2.714587602970758E-003
   144.0000     -2.597943571752069E-003
   145.0000     -2.484920050679467E-003
   146.0000     -2.375438631948996E-003
   147.0000     -2.269422383974342E-003
   148.0000     -2.166795815620830E-003
   149.0000     -2.067484840945736E-003
   150.0000     -1.971416744461265E-003
   151.0000     -1.878520146932560E-003
   152.0000     -1.788724971716486E-003
   153.0000     -1.701962411657368E-003
   154.0000     -1.618164896538027E-003
   155.0000     -1.537266061096355E-003
   156.0000     -1.459200713610551E-003
   157.0000     -1.383904805052628E-003
   158.0000     -1.311315398815353E-003
   159.0000     -1.241370641010758E-003
   160.0000     -1.174009731340801E-003
   161.0000     -1.109172894539463E-003
   162.0000     -1.046801352384016E-003
   163.0000     -9.868372962752853E-004
   164.0000     -9.292238603836051E-004
   165.0000     -8.739050953592779E-004
   166.0000     -8.208259426049289E-004
   167.0000     -7.699322091090025E-004
   168.0000     -7.211705428392014E-004
   169.0000     -6.744884086949480E-004
   170.0000     -6.298340650198948E-004
   171.0000     -5.871565406770613E-004
   172.0000     -5.464056126899139E-004
   173.0000     -5.075317844549370E-004
   174.0000     -4.704862645365402E-004
   175.0000     -4.352209460545077E-004
   176.0000     -4.016883866831214E-004
   177.0000     -3.698417892839962E-004
   178.0000     -3.396349832035435E-004
   179.0000     -3.110224062748655E-004
   180.0000     -2.839590875767656E-004
   181.0000     -2.584006310177157E-004
   182.0000     -2.343031998341414E-004
   183.0000     -2.116235021197671E-004
   184.0000     -1.903187775391046E-004
   185.0000     -1.703467854286458E-004
   186.0000     -1.516657945554871E-004
   187.0000     -1.342345748987225E-004
   188.0000     -1.180123919487330E-004
   189.0000     -1.029590042084912E-004
   190.0000     -8.903466485355191E-005
   191.0000     -7.620012891304783E-005
   192.0000     -6.441666794849785E-005
   193.0000     -5.364609516603789E-005
   194.0000     -4.385080543351392E-005
   195.0000     -3.499383722534622E-005
   196.0000     -2.703896792324833E-005
   197.0000     -1.995086187962837E-005
   198.0000     -1.369530595174377E-005
   199.0000     -8.239598712994230E-006
   200.0000     -3.553230533395576E-006
