  0.0000000E+00 -8.064557478579661E-002
   1.000000     -7.971686859795238E-002
   2.000000     -7.879495157945204E-002
   3.000000     -7.787980424790487E-002
   4.000000     -7.697140707195586E-002
   5.000000     -7.606974047113921E-002
   6.000000     -7.517478481559277E-002
   7.000000     -7.428652042585093E-002
   8.000000     -7.340492757261334E-002
   9.000000     -7.252998647651319E-002
   10.00000     -7.166167730788583E-002
   11.00000     -7.079998018653728E-002
   12.00000     -6.994487518150989E-002
   13.00000     -6.909634231084395E-002
   14.00000     -6.825436154130962E-002
   15.00000     -6.741891278848967E-002
   16.00000     -6.658997591645895E-002
   17.00000     -6.576753073084765E-002
   18.00000     -6.495155699459579E-002
   19.00000     -6.414203451213875E-002
   20.00000     -6.333894274332701E-002
   21.00000     -6.254226033423627E-002
   22.00000     -6.175197041969881E-002
   23.00000     -6.096805825578648E-002
   24.00000     -6.019046500264794E-002
   25.00000     -5.941916432329229E-002
   26.00000     -5.865442914421842E-002
   27.00000     -5.789604172546947E-002
   28.00000     -5.714243762288699E-002
   29.00000     -5.639587334612342E-002
   30.00000     -5.566256034675075E-002
   31.00000     -5.492904691687318E-002
   32.00000     -5.417980856166670E-002
   33.00000     -5.347185046752757E-002
   34.00000     -5.282952956105313E-002
   35.00000     -5.207753197075565E-002
   36.00000     -5.123979019454942E-002
   37.00000     -5.068542499640282E-002
   38.00000     -5.015786549841603E-002
   39.00000     -4.925445725514489E-002
   40.00000     -4.830602526692076E-002
   41.00000     -4.762966607672108E-002
   42.00000     -4.732100589841457E-002
   43.00000     -4.636795581059046E-002
   44.00000     -4.540680332040305E-002
   45.00000     -4.444978609919581E-002
   46.00000     -4.383617282601093E-002
   47.00000     -4.349531844677884E-002
   48.00000     -4.255314642342532E-002
   49.00000     -4.161885862114957E-002
   50.00000     -4.069454154704585E-002
   51.00000     -3.978128133269343E-002
   52.00000     -3.938361894205503E-002
   53.00000     -3.887860274975480E-002
   54.00000     -3.798888683199599E-002
   55.00000     -3.711157358549226E-002
   56.00000     -3.624716949328578E-002
   57.00000     -3.539600568572272E-002
   58.00000     -3.455842442552744E-002
   59.00000     -3.426499130795650E-002
   60.00000     -3.373415063568087E-002
   61.00000     -3.292400551181358E-002
   62.00000     -3.212775080620169E-002
   63.00000     -3.134548946883377E-002
   64.00000     -3.057726329436080E-002
   65.00000     -2.982308276306137E-002
   66.00000     -2.908293822464631E-002
   67.00000     -2.844649079788516E-002
   68.00000     -2.835654429876574E-002
   69.00000     -2.764446532291268E-002
   70.00000     -2.694606978305213E-002
   71.00000     -2.626141690226672E-002
   72.00000     -2.559040168037432E-002
   73.00000     -2.493290291762352E-002
   74.00000     -2.428878772497475E-002
   75.00000     -2.365791342982899E-002
   76.00000     -2.304012923357249E-002
   77.00000     -2.243527959755968E-002
   78.00000     -2.187916756139650E-002
   79.00000     -2.184298984902681E-002
   80.00000     -2.126366949067166E-002
   81.00000     -2.069659783591487E-002
   82.00000     -2.014176314678946E-002
   83.00000     -1.959898583349257E-002
   84.00000     -1.906808179813633E-002
   85.00000     -1.854886465147453E-002
   86.00000     -1.804114647483591E-002
   87.00000     -1.754473834948606E-002
   88.00000     -1.705945080093548E-002
   89.00000     -1.658509419331066E-002
   90.00000     -1.612147909197354E-002
   91.00000     -1.566841662679668E-002
   92.00000     -1.522571901283769E-002
   93.00000     -1.479320217900202E-002
   94.00000     -1.450432811925961E-002
   95.00000     -1.437064359180585E-002
   96.00000     -1.395793294158284E-002
   97.00000     -1.355483342628611E-002
   98.00000     -1.316117489303861E-002
   99.00000     -1.277677885749915E-002
   100.0000     -1.240146824353072E-002
   101.0000     -1.203506797391098E-002
   102.0000     -1.167740514886555E-002
   103.0000     -1.132830914853115E-002
   104.0000     -1.098761170786997E-002
   105.0000     -1.065514697570750E-002
   106.0000     -1.033075156195586E-002
   107.0000     -1.001426457499676E-002
   108.0000     -9.705527650456226E-003
   109.0000     -9.404384972300527E-003
   110.0000     -9.110683287042308E-003
   111.0000     -8.824271911729903E-003
   112.0000     -8.545002736352152E-003
   113.0000     -8.272730221247809E-003
   114.0000     -8.007311390123178E-003
   115.0000     -7.748605819361322E-003
   116.0000     -7.496475624632023E-003
   117.0000     -7.250785446840517E-003
   118.0000     -7.011402443420003E-003
   119.0000     -6.778196310190028E-003
   120.0000     -6.551039507135785E-003
   121.0000     -6.329811874292648E-003
   122.0000     -6.254841849621493E-003
   123.0000     -6.114362700822052E-003
   124.0000     -5.904610190723534E-003
   125.0000     -5.700416077787296E-003
   126.0000     -5.501666010430339E-003
   127.0000     -5.308246281135256E-003
   128.0000     -5.120045206581645E-003
   129.0000     -4.936953229455076E-003
   130.0000     -4.758862910311033E-003
   131.0000     -4.585668898055727E-003
   132.0000     -4.417267894307702E-003
   133.0000     -4.253558615526014E-003
   134.0000     -4.094441754182247E-003
   135.0000     -3.939819939496831E-003
   136.0000     -3.789597697997494E-003
   137.0000     -3.643681414052918E-003
   138.0000     -3.501979290482826E-003
   139.0000     -3.364401309325684E-003
   140.0000     -3.230859192823429E-003
   141.0000     -3.101266364677674E-003
   142.0000     -2.975537911621792E-003
   143.0000     -2.853590545349147E-003
   144.0000     -2.735342564828720E-003
   145.0000     -2.620713819040408E-003
   146.0000     -2.509625670154716E-003
   147.0000     -2.402000957180557E-003
   148.0000     -2.297763960096386E-003
   149.0000     -2.196840364486835E-003
   150.0000     -2.099157226694540E-003
   151.0000     -2.004642939500523E-003
   152.0000     -1.913227198341739E-003
   153.0000     -1.824840968072887E-003
   154.0000     -1.739416450280898E-003
   155.0000     -1.656887051151803E-003
   156.0000     -1.577187349896176E-003
   157.0000     -1.500253067732668E-003
   158.0000     -1.426021037429640E-003
   159.0000     -1.354429173404678E-003
   160.0000     -1.285416442378894E-003
   161.0000     -1.218922834583484E-003
   162.0000     -1.154889335514182E-003
   163.0000     -1.093257898230358E-003
   164.0000     -1.033971416191038E-003
   165.0000     -9.769736966243889E-004
   166.0000     -9.222094344227437E-004
   167.0000     -8.696241865568300E-004
   168.0000     -8.191643470017150E-004
   169.0000     -7.707771221669052E-004
   170.0000     -7.244105068221334E-004
   171.0000     -6.800132605108244E-004
   172.0000     -6.375348844428983E-004
   173.0000     -5.969255988575561E-004
   174.0000     -5.581363208472154E-004
   175.0000     -5.211186426337775E-004
   176.0000     -4.858248102876168E-004
   177.0000     -4.522077028798979E-004
   178.0000     -4.202208120589214E-004
   179.0000     -3.898182220411710E-004
   180.0000     -3.609545900067673E-004
   181.0000     -3.335851268906014E-004
   182.0000     -3.076655785588534E-004
   183.0000     -2.831522073618752E-004
   184.0000     -2.600017740532418E-004
   185.0000     -2.381715200658498E-004
   186.0000     -2.176191501352490E-004
   187.0000     -1.983028152610733E-004
   188.0000     -1.801810959964329E-004
   189.0000     -1.632129860566281E-004
   190.0000     -1.473578762375058E-004
   191.0000     -1.325755386339831E-004
   192.0000     -1.188261111500893E-004
   193.0000     -1.060700822910637E-004
   194.0000     -9.426827622850470E-005
   195.0000     -8.338183813004665E-005
   196.0000     -7.337221974453994E-005
   197.0000     -6.420116523447029E-005
   198.0000     -5.583069724707105E-005
   199.0000     -4.822310321635792E-005
   200.0000     -4.134092188859023E-005
   201.0000     -3.514693006401475E-005
   202.0000     -2.960412954909351E-005
   203.0000     -2.467573431459670E-005
   204.0000     -2.032515785710238E-005
   205.0000     -1.651600076522387E-005
   206.0000     -1.321203849801554E-005
   207.0000     -1.037720939357439E-005
   208.0000     -7.975602945837632E-006
   209.0000     -5.971448424925320E-006
   210.0000     -4.329103992997601E-006
   211.0000     -3.013046632502287E-006
   212.0000     -1.987863591204067E-006
   213.0000     -1.218247055993317E-006
   214.0000     -6.689967714795100E-007
   215.0000     -3.050461861228054E-007
   216.0000     -9.158135860525942E-008
