  0.0000000E+00 -7.654395021346562E-002
   1.000000     -7.562719500069122E-002
   2.000000     -7.471725538153215E-002
   3.000000     -7.381411374144299E-002
   4.000000     -7.291775067875850E-002
   5.000000     -7.202814674338022E-002
   6.000000     -7.114528243659722E-002
   7.000000     -7.026913821082803E-002
   8.000000     -6.939969446940837E-002
   9.000000     -6.853693156636569E-002
   10.00000     -6.768082980618972E-002
   11.00000     -6.683136944360636E-002
   12.00000     -6.598853068334802E-002
   13.00000     -6.515229367992893E-002
   14.00000     -6.432263853738825E-002
   15.00000     -6.349954530900208E-002
   16.00000     -6.268299399786686E-002
   17.00000     -6.187296455625832E-002
   18.00000     -6.106943687024935E-002
   19.00000     -6.027239079482601E-002
   20.00000     -5.948180632757073E-002
   21.00000     -5.869766287375138E-002
   22.00000     -5.791993822977599E-002
   23.00000     -5.714861783453804E-002
   24.00000     -5.638369359971945E-002
   25.00000     -5.562508650378457E-002
   26.00000     -5.487273671959415E-002
   27.00000     -5.412706121460796E-002
   28.00000     -5.338799373949146E-002
   29.00000     -5.265319419492495E-002
   30.00000     -5.192436195983519E-002
   31.00000     -5.121145670034998E-002
   32.00000     -5.050260708746926E-002
   33.00000     -4.976901370475993E-002
   34.00000     -4.905958968236168E-002
   35.00000     -4.845731863614009E-002
   36.00000     -4.776230170494257E-002
   37.00000     -4.693530583413286E-002
   38.00000     -4.621981714366809E-002
   39.00000     -4.588377208374655E-002
   40.00000     -4.505220093368068E-002
   41.00000     -4.413470719270571E-002
   42.00000     -4.321529421493760E-002
   43.00000     -4.295588122362653E-002
   44.00000     -4.226815252735579E-002
   45.00000     -4.134336833702182E-002
   46.00000     -4.042216239831142E-002
   47.00000     -3.950835273498787E-002
   48.00000     -3.910628525027520E-002
   49.00000     -3.859986391128582E-002
   50.00000     -3.770355891633170E-002
   51.00000     -3.681711897918749E-002
   52.00000     -3.594168411250181E-002
   53.00000     -3.507800243240480E-002
   54.00000     -3.459210469875419E-002
   55.00000     -3.422574935059333E-002
   56.00000     -3.338682715728200E-002
   57.00000     -3.256060685667558E-002
   58.00000     -3.174751598603293E-002
   59.00000     -3.094778359867439E-002
   60.00000     -3.016158866387307E-002
   61.00000     -2.941594373515721E-002
   62.00000     -2.938757782776694E-002
   63.00000     -2.863005290312882E-002
   64.00000     -2.788498693692550E-002
   65.00000     -2.715369228166559E-002
   66.00000     -2.643617116808344E-002
   67.00000     -2.573239338269051E-002
   68.00000     -2.504230673222613E-002
   69.00000     -2.436584246851463E-002
   70.00000     -2.370296667997751E-002
   71.00000     -2.353876211070580E-002
   72.00000     -2.305333884679658E-002
   73.00000     -2.241714815501142E-002
   74.00000     -2.179412824432603E-002
   75.00000     -2.118415100154435E-002
   76.00000     -2.058707181987116E-002
   77.00000     -2.000273754728778E-002
   78.00000     -1.943098828631890E-002
   79.00000     -1.887165852941911E-002
   80.00000     -1.832457815229140E-002
   81.00000     -1.778957361600872E-002
   82.00000     -1.726647268858723E-002
   83.00000     -1.691527932647094E-002
   84.00000     -1.675503281737745E-002
   85.00000     -1.625519898826758E-002
   86.00000     -1.576669491865554E-002
   87.00000     -1.528935489965026E-002
   88.00000     -1.482299490374506E-002
   89.00000     -1.436742961502632E-002
   90.00000     -1.392247360856465E-002
   91.00000     -1.348794181267962E-002
   92.00000     -1.306364983166072E-002
   93.00000     -1.264941421286241E-002
   94.00000     -1.224505267896923E-002
   95.00000     -1.185038433331859E-002
   96.00000     -1.146522984296829E-002
   97.00000     -1.108941160421903E-002
   98.00000     -1.072275389947713E-002
   99.00000     -1.036508307517053E-002
   100.0000     -1.001622791258014E-002
   101.0000     -9.676022735739984E-003
   102.0000     -9.484496491033338E-003
   103.0000     -9.344268018854667E-003
   104.0000     -9.020857094384596E-003
   105.0000     -8.705589612888294E-003
   106.0000     -8.398311804959244E-003
   107.0000     -8.098866646113017E-003
   108.0000     -7.807099164701876E-003
   109.0000     -7.522856814064780E-003
   110.0000     -7.245989555246583E-003
   111.0000     -6.976349885696783E-003
   112.0000     -6.713792850051960E-003
   113.0000     -6.458176041796578E-003
   114.0000     -6.209359598779347E-003
   115.0000     -5.967206193924932E-003
   116.0000     -5.731581021911195E-003
   117.0000     -5.502351782371242E-003
   118.0000     -5.279388660044239E-003
   119.0000     -5.062564302252191E-003
   120.0000     -4.851753794024631E-003
   121.0000     -4.646834631170343E-003
   122.0000     -4.447686691557005E-003
   123.0000     -4.254192204852774E-003
   124.0000     -4.066235720948084E-003
   125.0000     -3.883704077271213E-003
   126.0000     -3.706486365191883E-003
   127.0000     -3.534473895687062E-003
   128.0000     -3.367560164446187E-003
   129.0000     -3.205640816565572E-003
   130.0000     -3.048613610983814E-003
   131.0000     -2.896378384800575E-003
   132.0000     -2.748837017610267E-003
   133.0000     -2.605893395985995E-003
   134.0000     -2.467453378241184E-003
   135.0000     -2.333424759602369E-003
   136.0000     -2.203717237934867E-003
   137.0000     -2.078242380185222E-003
   138.0000     -1.956913589748199E-003
   139.0000     -1.839646075090484E-003
   140.0000     -1.726356820252635E-003
   141.0000     -1.616964558762177E-003
   142.0000     -1.511389755745753E-003
   143.0000     -1.409554618405019E-003
   144.0000     -1.311383268164544E-003
   145.0000     -1.216804782799714E-003
   146.0000     -1.178723990505367E-003
   147.0000     -1.125724877558361E-003
   148.0000     -1.038104605062280E-003
   149.0000     -9.538564542681713E-004
   150.0000     -8.729142426046923E-004
   151.0000     -7.952115647124497E-004
   152.0000     -7.206833817123736E-004
   153.0000     -6.492661636226005E-004
   154.0000     -5.808979256400341E-004
   155.0000     -5.155182510408181E-004
   156.0000     -4.530683173953990E-004
   157.0000     -3.934909317738343E-004
   158.0000     -3.367305786506971E-004
   159.0000     -2.827334842881319E-004
   160.0000     -2.314477022387558E-004
   161.0000     -1.828232260802491E-004
   162.0000     -1.368121376952579E-004
   163.0000     -9.336880267868832E-005
   164.0000     -5.245012937140296E-005
   165.0000     -1.401591559213348E-005
