  0.0000000E+00 -7.611340619061312E-002
   1.000000     -7.519791103474702E-002
   2.000000     -7.428923986585313E-002
   3.000000     -7.338736794070051E-002
   4.000000     -7.249227767418373E-002
   5.000000     -7.160394963131776E-002
   6.000000     -7.072236432860556E-002
   7.000000     -6.984750223378523E-002
   8.000000     -6.897934376561934E-002
   9.000000     -6.811786929366767E-002
   10.00000     -6.726305913805618E-002
   11.00000     -6.641489356927384E-002
   12.00000     -6.557335280789243E-002
   13.00000     -6.473841702441040E-002
   14.00000     -6.391006633895252E-002
   15.00000     -6.308828082097895E-002
   16.00000     -6.227304048978685E-002
   17.00000     -6.146432531455259E-002
   18.00000     -6.066211519922416E-002
   19.00000     -5.986639000505283E-002
   20.00000     -5.907712974163191E-002
   21.00000     -5.829431397607029E-002
   22.00000     -5.751792039265601E-002
   23.00000     -5.674793304856214E-002
   24.00000     -5.598434654992158E-002
   25.00000     -5.522709110298410E-002
   26.00000     -5.447607797531832E-002
   27.00000     -5.373168375560438E-002
   28.00000     -5.299405111247256E-002
   29.00000     -5.226091763512744E-002
   30.00000     -5.153286763980442E-002
   31.00000     -5.082012761510689E-002
   32.00000     -5.011532452113512E-002
   33.00000     -4.938629616439466E-002
   34.00000     -4.866796316719158E-002
   35.00000     -4.806138835002931E-002
   36.00000     -4.739282842960602E-002
   37.00000     -4.657646823020891E-002
   38.00000     -4.580322306217293E-002
   39.00000     -4.548852828192813E-002
   40.00000     -4.470821257723637E-002
   41.00000     -4.379675479911012E-002
   42.00000     -4.287681678285422E-002
   43.00000     -4.247348869568587E-002
   44.00000     -4.193714696423335E-002
   45.00000     -4.101662207399918E-002
   46.00000     -4.009865065858061E-002
   47.00000     -3.918759119631431E-002
   48.00000     -3.861006869846078E-002
   49.00000     -3.828201236029212E-002
   50.00000     -3.738905533334495E-002
   51.00000     -3.650549461139431E-002
   52.00000     -3.563285952042143E-002
   53.00000     -3.477187172693620E-002
   54.00000     -3.408875241501234E-002
   55.00000     -3.392203801685771E-002
   56.00000     -3.308613239382528E-002
   57.00000     -3.226255417519648E-002
   58.00000     -3.145206028109289E-002
   59.00000     -3.065488823927791E-002
   60.00000     -2.987121408651706E-002
   61.00000     -2.910127978417298E-002
   62.00000     -2.890441934551143E-002
   63.00000     -2.834464107730311E-002
   64.00000     -2.760202986414893E-002
   65.00000     -2.687315101106554E-002
   66.00000     -2.615801798122953E-002
   67.00000     -2.545660243435521E-002
   68.00000     -2.476885298014653E-002
   69.00000     -2.409470021333559E-002
   70.00000     -2.343406881645704E-002
   71.00000     -2.302287469267581E-002
   72.00000     -2.278673242655736E-002
   73.00000     -2.215281408265745E-002
   74.00000     -2.153202244829553E-002
   75.00000     -2.092425165148496E-002
   76.00000     -2.032935880582957E-002
   77.00000     -1.974719153805984E-002
   78.00000     -1.917759055235029E-002
   79.00000     -1.862039086746022E-002
   80.00000     -1.807542279299391E-002
   81.00000     -1.754251289607348E-002
   82.00000     -1.702148568474216E-002
   83.00000     -1.651218984470530E-002
   84.00000     -1.639333797907522E-002
   85.00000     -1.601432323296284E-002
   86.00000     -1.552785524617677E-002
   87.00000     -1.505253321447300E-002
   88.00000     -1.458817645642394E-002
   89.00000     -1.413460044004177E-002
   90.00000     -1.369162025883212E-002
   91.00000     -1.325905129799696E-002
   92.00000     -1.283670959607603E-002
   93.00000     -1.242441212276940E-002
   94.00000     -1.202197701484321E-002
   95.00000     -1.162922378261131E-002
   96.00000     -1.124597349258164E-002
   97.00000     -1.087204893013720E-002
   98.00000     -1.050727474658683E-002
   99.00000     -1.015147759930882E-002
   100.0000     -9.804486315069069E-003
   101.0000     -9.466132253144587E-003
   102.0000     -9.136252569915290E-003
   103.0000     -8.956716488675432E-003
   104.0000     -8.814650524530660E-003
   105.0000     -8.501220892214301E-003
   106.0000     -8.195767731881298E-003
   107.0000     -7.898139622674348E-003
   108.0000     -7.608182393834066E-003
   109.0000     -7.325743969349160E-003
   110.0000     -7.050674716697220E-003
   111.0000     -6.782827521101712E-003
   112.0000     -6.522057808279716E-003
   113.0000     -6.268223550243575E-003
   114.0000     -6.021185262611388E-003
   115.0000     -5.780805996291974E-003
   116.0000     -5.546951324813990E-003
   117.0000     -5.319489328042737E-003
   118.0000     -5.098290572797131E-003
   119.0000     -4.883228090776394E-003
   120.0000     -4.674177354142346E-003
   121.0000     -4.471016249063181E-003
   122.0000     -4.273625047496273E-003
   123.0000     -4.081886377457666E-003
   124.0000     -3.895685192017145E-003
   125.0000     -3.714908737226662E-003
   126.0000     -3.539446519186500E-003
   127.0000     -3.369190270433805E-003
   128.0000     -3.204033915828004E-003
   129.0000     -3.043873538100921E-003
   130.0000     -2.888607343226860E-003
   131.0000     -2.738135625762700E-003
   132.0000     -2.592360734305861E-003
   133.0000     -2.451187037210517E-003
   134.0000     -2.314520888703468E-003
   135.0000     -2.182270595539547E-003
   136.0000     -2.054346384343020E-003
   137.0000     -1.930660369781128E-003
   138.0000     -1.811126523729741E-003
   139.0000     -1.695660645601605E-003
   140.0000     -1.584180334026844E-003
   141.0000     -1.476604960104833E-003
   142.0000     -1.372855642490727E-003
   143.0000     -1.272855224656548E-003
   144.0000     -1.176528254820838E-003
   145.0000     -1.083800969392838E-003
   146.0000     -9.946012817773000E-004
   147.0000     -9.088587819125471E-004
   148.0000     -8.265047686071399E-004
   149.0000     -7.474724630999358E-004
   150.0000     -6.717008130527783E-004
   151.0000     -6.450280492454454E-004
   152.0000     -5.991025318187906E-004
   153.0000     -5.296492770016798E-004
   154.0000     -4.632631192980170E-004
   155.0000     -3.998870783153153E-004
   156.0000     -3.394644680073050E-004
   157.0000     -2.819402986417580E-004
   158.0000     -2.272614991362895E-004
   159.0000     -1.753770685248209E-004
   160.0000     -1.262382468909422E-004
   161.0000     -7.979873207389888E-005
   162.0000     -3.601496334641410E-005
