  0.0000000E+00 -2.706544621015511E-002
   1.000000     -2.537251916940377E-002
   2.000000     -2.374779807336257E-002
   3.000000     -2.219018153822711E-002
   4.000000     -2.069855279719000E-002
   5.000000     -1.927177931219385E-002
   6.000000     -1.790871237735307E-002
   7.000000     -1.660818671442340E-002
   8.000000     -1.536902006078204E-002
   9.000000     -1.419001275051505E-002
   10.00000     -1.306994728931971E-002
   11.00000     -1.200758792411310E-002
   12.00000     -1.100168020839246E-002
   13.00000     -1.005095056458397E-002
   14.00000     -9.154105844856136E-003
   15.00000     -8.309832892120696E-003
   16.00000     -7.516798103225429E-003
   17.00000     -6.773646996679371E-003
   18.00000     -6.079003787610648E-003
   19.00000     -5.431470973087588E-003
   20.00000     -4.829628931397639E-003
   21.00000     -4.272035539455050E-003
   22.00000     -3.757225813127527E-003
   23.00000     -3.283711576039045E-003
   24.00000     -2.849981163316102E-003
   25.00000     -2.454499167849634E-003
   26.00000     -2.095706238070964E-003
   27.00000     -1.772018938110610E-003
   28.00000     -1.481829683797105E-003
   29.00000     -1.223506771729157E-003
   30.00000     -9.953945244525406E-004
   31.00000     -7.958135841952684E-004
   32.00000     -6.230614038532113E-004
   33.00000     -4.754130135752277E-004
   34.00000     -3.511221991095883E-004
   35.00000     -2.484233492399988E-004
   36.00000     -1.655345067596661E-004
   37.00000     -1.006628655522528E-004
   38.00000     -5.201606046033954E-005
   39.00000     -1.783043829246767E-005
