  0.0000000E+00 -1.369934628863329E-002
   1.000000     -1.223628088961841E-002
   2.000000     -1.084524787399927E-002
   3.000000     -9.525323806789729E-003
   4.000000     -8.275587567335256E-003
   5.000000     -7.095123110645750E-003
   6.000000     -5.983023049406170E-003
   7.000000     -4.938393348959654E-003
   8.000000     -3.960359559699480E-003
   9.000000     -3.048075218981585E-003
   10.00000     -2.200733391589360E-003
   11.00000     -1.417582885652614E-003
   12.00000     -6.979516817795517E-004
   13.00000     -4.128197468528134E-005
