  0.0000000E+00 -2.254726532765425E-002
   1.000000     -2.092822473489776E-002
   2.000000     -1.937841852057980E-002
   3.000000     -1.789677661536630E-002
   4.000000     -1.648221516029259E-002
   5.000000     -1.513363626704867E-002
   6.000000     -1.384992779422443E-002
   7.000000     -1.262996314548798E-002
   8.000000     -1.147260109736339E-002
   9.000000     -1.037668566649195E-002
   10.00000     -9.341046029239733E-003
   11.00000     -8.364496510596448E-003
   12.00000     -7.445836664809153E-003
   13.00000     -6.583851477952428E-003
   14.00000     -5.777311733566628E-003
   15.00000     -5.024974598235212E-003
   16.00000     -4.325584507164716E-003
   17.00000     -3.677874464628067E-003
   18.00000     -3.080567927856168E-003
   19.00000     -2.532381528194229E-003
   20.00000     -2.032029023126909E-003
   21.00000     -1.578227111145687E-003
   22.00000     -1.169704166627829E-003
   23.00000     -8.052137531284498E-004
   24.00000     -4.835563880539381E-004
   25.00000     -2.036165737714083E-004
