  0.0000000E+00 -1.983120479324581E-002
   1.000000     -1.825831184380145E-002
   2.000000     -1.675538280249716E-002
   3.000000     -1.532137720439432E-002
   4.000000     -1.395524314961566E-002
   5.000000     -1.265591739112337E-002
   6.000000     -1.142232550557751E-002
   7.000000     -1.025338217125496E-002
   8.000000     -9.147991584606109E-003
   9.000000     -8.105048057614167E-003
   10.00000     -7.123436853001610E-003
   11.00000     -6.202035335537306E-003
   12.00000     -5.339714548638636E-003
   13.00000     -4.535341371479622E-003
   14.00000     -3.787781481934516E-003
   15.00000     -3.095903460528265E-003
   16.00000     -2.458584548051359E-003
   17.00000     -1.874718867035135E-003
   18.00000     -1.343229437766409E-003
   19.00000     -8.630862781588929E-004
   20.00000     -4.333347563443623E-004
   21.00000     -5.314235104244679E-005
