  0.0000000E+00 -2.736647367282097E-002
   1.000000     -2.566874121018162E-002
   2.000000     -2.403915314783480E-002
   3.000000     -2.247660661949465E-002
   4.000000     -2.097998333695789E-002
   5.000000     -1.954814920148263E-002
   6.000000     -1.817995390692975E-002
   7.000000     -1.687423053504605E-002
   8.000000     -1.562979514337149E-002
   9.000000     -1.444544634635395E-002
   10.00000     -1.331996489042887E-002
   11.00000     -1.225211322389655E-002
   12.00000     -1.124063506268740E-002
   13.00000     -1.028425495322673E-002
   14.00000     -9.381677833846899E-003
   15.00000     -8.531588596445707E-003
   16.00000     -7.732651650334483E-003
   17.00000     -6.983510490537125E-003
   18.00000     -6.282787273099660E-003
   19.00000     -5.629082400379574E-003
   20.00000     -5.020974119632320E-003
   21.00000     -4.457018138694650E-003
   22.00000     -3.935747263019474E-003
   23.00000     -3.455671058850114E-003
   24.00000     -3.015275547881814E-003
   25.00000     -2.613022939379768E-003
   26.00000     -2.247351406365645E-003
   27.00000     -1.916674913205663E-003
   28.00000     -1.619383102668803E-003
   29.00000     -1.353841251360896E-003
   30.00000     -1.118390303307289E-003
   31.00000     -9.113469924616730E-004
   32.00000     -7.310040660876211E-004
   33.00000     -5.756306224583642E-004
   34.00000     -4.434725784556642E-004
   35.00000     -3.327532861239894E-004
   36.00000     -2.416743236587520E-004
   37.00000     -1.684164996450531E-004
   38.00000     -1.111411402696720E-004
   39.00000     -6.799180970783963E-005
   40.00000     -3.709685558353582E-005
   41.00000     -1.657405796264825E-005
   42.00000     -4.543170978394120E-006
