  0.0000000E+00 -2.192303668042901E-002
   1.000000     -2.031448008533046E-002
   2.000000     -1.877531728164112E-002
   3.000000     -1.730448414835857E-002
   4.000000     -1.590090319562887E-002
   5.000000     -1.456348337787257E-002
   6.000000     -1.329111993287663E-002
   7.000000     -1.208269425536165E-002
   8.000000     -1.093707381594668E-002
   9.000000     -9.853112139706880E-003
   10.00000     -8.829648862969041E-003
   11.00000     -7.865509893093009E-003
   12.00000     -6.959507704403204E-003
   13.00000     -6.110441815424084E-003
   14.00000     -5.317099509758725E-003
   15.00000     -4.578256888163128E-003
   16.00000     -3.892680377192740E-003
   17.00000     -3.259128877980345E-003
   18.00000     -2.676356830676073E-003
   19.00000     -2.143118620497753E-003
   20.00000     -1.658175006606982E-003
   21.00000     -1.220302708344697E-003
   22.00000     -8.283091327534040E-004
   23.00000     -4.810559276264347E-004
   24.00000     -1.774987440911319E-004
