  0.0000000E+00 -2.740753730710984E-002
   1.000000     -2.570915040634755E-002
   2.000000     -2.407889957148727E-002
   3.000000     -2.251568173892480E-002
   4.000000     -2.101837841831696E-002
   5.000000     -1.958585530397092E-002
   6.000000     -1.821696187802138E-002
   7.000000     -1.691053100576483E-002
   8.000000     -1.566537852364944E-002
   9.000000     -1.448030282050414E-002
   10.00000     -1.335408441275904E-002
   11.00000     -1.228548551451329E-002
   12.00000     -1.127324960353327E-002
   13.00000     -1.031610098437777E-002
   14.00000     -9.412744350151107E-003
   15.00000     -8.561864344535222E-003
   16.00000     -7.762125126085844E-003
   17.00000     -7.012169937027332E-003
   18.00000     -6.310620679150964E-003
   19.00000     -5.656077499733228E-003
   20.00000     -5.047118390836714E-003
   21.00000     -4.482298805764930E-003
   22.00000     -3.960151296926972E-003
   23.00000     -3.479185179876955E-003
   24.00000     -3.037886228862127E-003
   25.00000     -2.634716409792610E-003
   26.00000     -2.268113657191193E-003
   27.00000     -1.936491702356088E-003
   28.00000     -1.638239960649737E-003
   29.00000     -1.371723486592466E-003
   30.00000     -1.135283006155350E-003
   31.00000     -9.272350364608456E-004
   32.00000     -7.458721038700915E-004
   33.00000     -5.894630723097898E-004
   34.00000     -4.562535946235169E-004
   35.00000     -3.444667009372504E-004
   36.00000     -2.523035398052189E-004
   37.00000     -1.779442911476527E-004
   38.00000     -1.195492769935881E-004
   39.00000     -7.526031348300465E-005
   40.00000     -4.320239739009063E-005
   41.00000     -2.148598851908781E-005
   42.00000     -8.210873773907298E-006
   43.00000     -1.477469648925343E-006
