  0.0000000E+00 -7.309504068992971E-002
   1.000000     -7.239970191305672E-002
   2.000000     -7.170848181098496E-002
   3.000000     -7.102136490782923E-002
   4.000000     -7.033834392262488E-002
   5.000000     -6.965940950246871E-002
   6.000000     -6.898455227581869E-002
   7.000000     -6.831376285239979E-002
   8.000000     -6.764703182317261E-002
   9.000000     -6.698434976017596E-002
   10.00000     -6.632570721675789E-002
   11.00000     -6.567109472872432E-002
   12.00000     -6.502050279611049E-002
   13.00000     -6.437392194075435E-002
   14.00000     -6.373134292625846E-002
   15.00000     -6.309275454629436E-002
   16.00000     -6.245814840321252E-002
   17.00000     -6.182753759576800E-002
   18.00000     -6.120082971540793E-002
   19.00000     -6.057800684668923E-002
   20.00000     -5.995992255294058E-002
   21.00000     -5.934462874919769E-002
   22.00000     -5.873049558251758E-002
   23.00000     -5.813394296899889E-002
   24.00000     -5.753324720332529E-002
   25.00000     -5.689356653838976E-002
   26.00000     -5.636997709242865E-002
   27.00000     -5.582160138257523E-002
   28.00000     -5.505527435150539E-002
   29.00000     -5.454120900339293E-002
   30.00000     -5.413101313162910E-002
   31.00000     -5.325429531021540E-002
   32.00000     -5.234644734744202E-002
   33.00000     -5.217659130408727E-002
   34.00000     -5.140437838979894E-002
   35.00000     -5.046641330738975E-002
   36.00000     -4.952422933856568E-002
   37.00000     -4.931315484522306E-002
   38.00000     -4.857773349913849E-002
   39.00000     -4.763382268799007E-002
   40.00000     -4.669248992928690E-002
   41.00000     -4.594508520818623E-002
   42.00000     -4.575489816411014E-002
   43.00000     -4.482377154663410E-002
   44.00000     -4.389921983806890E-002
   45.00000     -4.298254628961502E-002
   46.00000     -4.207643553382607E-002
   47.00000     -4.206050749095890E-002
   48.00000     -4.117620100335769E-002
   49.00000     -4.028805718913365E-002
   50.00000     -3.941069360354294E-002
   51.00000     -3.854461537761524E-002
   52.00000     -3.769041838579854E-002
   53.00000     -3.763459167443924E-002
   54.00000     -3.684789731898785E-002
   55.00000     -3.601795402691834E-002
   56.00000     -3.520061756406302E-002
   57.00000     -3.439609220525616E-002
   58.00000     -3.360453751163361E-002
   59.00000     -3.282608841574722E-002
   60.00000     -3.262037465170559E-002
   61.00000     -3.206076281313902E-002
   62.00000     -3.130870264574519E-002
   63.00000     -3.056989294643154E-002
   64.00000     -2.984433715419989E-002
   65.00000     -2.913201348577541E-002
   66.00000     -2.843287946052898E-002
   67.00000     -2.774687463211236E-002
   68.00000     -2.707393808166318E-002
   69.00000     -2.697041192994782E-002
   70.00000     -2.641391543431967E-002
   71.00000     -2.576677394599903E-002
   72.00000     -2.513236714482252E-002
   73.00000     -2.451056895563999E-002
   74.00000     -2.390124325207322E-002
   75.00000     -2.330424581982794E-002
   76.00000     -2.271942548787762E-002
   77.00000     -2.214662510259594E-002
   78.00000     -2.158568245765529E-002
   79.00000     -2.103643169170805E-002
   80.00000     -2.062988853862155E-002
   81.00000     -2.049868960160653E-002
   82.00000     -1.997231123422672E-002
   83.00000     -1.945709864206042E-002
   84.00000     -1.895287934098588E-002
   85.00000     -1.845947461057924E-002
   86.00000     -1.797670456615378E-002
   87.00000     -1.750438874495124E-002
   88.00000     -1.704234650367014E-002
   89.00000     -1.659039735846693E-002
   90.00000     -1.614836128754946E-002
   91.00000     -1.571605900290623E-002
   92.00000     -1.529331219514841E-002
   93.00000     -1.487994375580227E-002
   94.00000     -1.447577798686079E-002
   95.00000     -1.408064085056499E-002
   96.00000     -1.369436130240020E-002
   97.00000     -1.353758982731513E-002
   98.00000     -1.331676057332375E-002
   99.00000     -1.294768245871721E-002
   100.0000     -1.258695363876942E-002
   101.0000     -1.223441052306502E-002
   102.0000     -1.188989109315446E-002
   103.0000     -1.155323557808036E-002
   104.0000     -1.122428656563223E-002
   105.0000     -1.090288906105521E-002
   106.0000     -1.058889052898983E-002
   107.0000     -1.028214092520105E-002
   108.0000     -9.982492720219893E-003
   109.0000     -9.689800915990775E-003
   110.0000     -9.403923056282057E-003
   111.0000     -9.124719231493668E-003
   112.0000     -8.852052078394061E-003
   113.0000     -8.585786775286028E-003
   114.0000     -8.325791033041763E-003
   115.0000     -8.071935082419872E-003
   116.0000     -7.824091658040412E-003
   117.0000     -7.582135979369430E-003
   118.0000     -7.345945729043624E-003
   119.0000     -7.115401028850044E-003
   120.0000     -6.890384413686355E-003
   121.0000     -6.670780803905835E-003
   122.0000     -6.456477476704800E-003
   123.0000     -6.247364038331065E-003
   124.0000     -6.043332404752019E-003
   125.0000     -5.844276851367452E-003
   126.0000     -5.650098047558974E-003
   127.0000     -5.626092559061237E-003
   128.0000     -5.460679177695191E-003
   129.0000     -5.275938375424743E-003
   130.0000     -5.095771641650870E-003
   131.0000     -4.920084098566583E-003
   132.0000     -4.748782729038840E-003
   133.0000     -4.581776493503885E-003
   134.0000     -4.418976312262471E-003
   135.0000     -4.260295032815196E-003
   136.0000     -4.105647394096585E-003
   137.0000     -3.954949989908827E-003
   138.0000     -3.808121232208038E-003
   139.0000     -3.665081314490505E-003
   140.0000     -3.525752175402469E-003
   141.0000     -3.390057462648788E-003
   142.0000     -3.257922497255263E-003
   143.0000     -3.129274238231593E-003
   144.0000     -3.004041247668490E-003
   145.0000     -2.882153656305267E-003
   146.0000     -2.763543129595448E-003
   147.0000     -2.648142834296238E-003
   148.0000     -2.535887405606733E-003
   149.0000     -2.426712914875717E-003
   150.0000     -2.320556837899927E-003
   151.0000     -2.217358023829527E-003
   152.0000     -2.117056664702290E-003
   153.0000     -2.019594265618556E-003
   154.0000     -1.924913615577531E-003
   155.0000     -1.832958758989554E-003
   156.0000     -1.743674967879834E-003
   157.0000     -1.657008714803879E-003
   158.0000     -1.572907646489351E-003
   159.0000     -1.491320558226655E-003
   160.0000     -1.412197369027204E-003
   161.0000     -1.335489097576158E-003
   162.0000     -1.261147839003076E-003
   163.0000     -1.189126742504389E-003
   164.0000     -1.119379989850743E-003
   165.0000     -1.051862774821214E-003
   166.0000     -9.865312836122820E-004
   167.0000     -9.233426762772000E-004
   168.0000     -8.622550692624789E-004
   169.0000     -8.032275191190688E-004
   170.0000     -7.462200074829071E-004
   171.0000     -6.911934274345864E-004
   172.0000     -6.381095713729127E-004
   173.0000     -5.869311205623097E-004
   174.0000     -5.376216365492617E-004
   175.0000     -4.901455546837902E-004
   176.0000     -4.444681800356488E-004
   177.0000     -4.005556860604997E-004
   178.0000     -3.583751164559646E-004
   179.0000     -3.178943907558904E-004
   180.0000     -2.790823143512111E-004
   181.0000     -2.419085938086070E-004
   182.0000     -2.063438586005450E-004
   183.0000     -1.723596906840357E-004
   184.0000     -1.399286638037068E-004
   185.0000     -1.090243949974797E-004
   186.0000     -7.962161162537859E-005
   187.0000     -5.169623843609828E-005
   188.0000     -2.522551091821112E-005
   189.0000     -1.881237461053622E-007
