  0.0000000E+00 -7.621061788928063E-002
   1.000000     -7.550804649369505E-002
   2.000000     -7.480957608673040E-002
   3.000000     -7.411519730316503E-002
   4.000000     -7.342490075904409E-002
   5.000000     -7.273867705161033E-002
   6.000000     -7.205651675923448E-002
   7.000000     -7.137841044134748E-002
   8.000000     -7.070434863836052E-002
   9.000000     -7.003432187159113E-002
   10.00000     -6.936832064383419E-002
   11.00000     -6.870633543533296E-002
   12.00000     -6.804835670264037E-002
   13.00000     -6.739437501281950E-002
   14.00000     -6.674438043673125E-002
   15.00000     -6.609836231134315E-002
   16.00000     -6.545632170794820E-002
   17.00000     -6.481822979882253E-002
   18.00000     -6.418400411375526E-002
   19.00000     -6.355407517380265E-002
   20.00000     -6.292799485446286E-002
   21.00000     -6.230337516049798E-002
   22.00000     -6.168919468292228E-002
   23.00000     -6.108175351179247E-002
   24.00000     -6.044356665405928E-002
   25.00000     -5.986451904351960E-002
   26.00000     -5.933385362041464E-002
   27.00000     -5.860315057658760E-002
   28.00000     -5.798982597122926E-002
   29.00000     -5.765151975535510E-002
   30.00000     -5.679248462148319E-002
   31.00000     -5.587527489308602E-002
   32.00000     -5.565346769162068E-002
   33.00000     -5.491691626516553E-002
   34.00000     -5.396118774269805E-002
   35.00000     -5.299920753258172E-002
   36.00000     -5.283854068798676E-002
   37.00000     -5.202918681615724E-002
   38.00000     -5.106113212971113E-002
   39.00000     -5.009435800279025E-002
   40.00000     -4.951487659799785E-002
   41.00000     -4.913026929566848E-002
   42.00000     -4.817146313141715E-002
   43.00000     -4.721859763179539E-002
   44.00000     -4.627296652565496E-002
   45.00000     -4.567399516660711E-002
   46.00000     -4.533538331717999E-002
   47.00000     -4.440710037370296E-002
   48.00000     -4.348860787754297E-002
   49.00000     -4.258061069940401E-002
   50.00000     -4.168369244260573E-002
   51.00000     -4.128715049457563E-002
   52.00000     -4.079824087086795E-002
   53.00000     -3.992482322753393E-002
   54.00000     -3.906370226286054E-002
   55.00000     -3.821518139790837E-002
   56.00000     -3.737950355283574E-002
   57.00000     -3.655687733234989E-002
   58.00000     -3.631330319720594E-002
   59.00000     -3.574738810293050E-002
   60.00000     -3.495124035919593E-002
   61.00000     -3.416847058944712E-002
   62.00000     -3.339913135239561E-002
   63.00000     -3.264324440890712E-002
   64.00000     -3.190080626121755E-002
   65.00000     -3.117179256463783E-002
   66.00000     -3.070401262424310E-002
   67.00000     -3.045613408732196E-002
   68.00000     -2.975380984294464E-002
   69.00000     -2.906470747008175E-002
   70.00000     -2.838873705127376E-002
   71.00000     -2.772579014150027E-002
   72.00000     -2.707574641147666E-002
   73.00000     -2.643847527110594E-002
   74.00000     -2.581383716819058E-002
   75.00000     -2.520168488051390E-002
   76.00000     -2.460186767227927E-002
   77.00000     -2.440438589586118E-002
   78.00000     -2.401420713244961E-002
   79.00000     -2.343856329000711E-002
   80.00000     -2.287475378525402E-002
   81.00000     -2.232260652327878E-002
   82.00000     -2.178194547216421E-002
   83.00000     -2.125259212604430E-002
   84.00000     -2.073436612851151E-002
   85.00000     -2.022708577943489E-002
   86.00000     -1.973056848459219E-002
   87.00000     -1.924463116201644E-002
   88.00000     -1.876909061360259E-002
   89.00000     -1.830376387958991E-002
   90.00000     -1.784846869242922E-002
   91.00000     -1.740303219963184E-002
   92.00000     -1.735342654602282E-002
   93.00000     -1.696724249007822E-002
   94.00000     -1.654095496867800E-002
   95.00000     -1.612397810430459E-002
   96.00000     -1.571613580269084E-002
   97.00000     -1.531725339866282E-002
   98.00000     -1.492715806299093E-002
   99.00000     -1.454567895680616E-002
   100.0000     -1.417264734451202E-002
   101.0000     -1.380789668735644E-002
   102.0000     -1.345126272279743E-002
   103.0000     -1.310258353177185E-002
   104.0000     -1.276169959519185E-002
   105.0000     -1.242845384069910E-002
   106.0000     -1.210269168056869E-002
   107.0000     -1.178426104156587E-002
   108.0000     -1.147301238750631E-002
   109.0000     -1.116879873525185E-002
   110.0000     -1.087147566492734E-002
   111.0000     -1.058090132547198E-002
   112.0000     -1.029693643807130E-002
   113.0000     -1.001944430809809E-002
   114.0000     -9.748290937563353E-003
   115.0000     -9.484044431656041E-003
   116.0000     -9.483070940851109E-003
   117.0000     -9.224473498419594E-003
   118.0000     -8.971555871003359E-003
   119.0000     -8.724464981957912E-003
   120.0000     -8.483079322265226E-003
   121.0000     -8.247279664550907E-003
   122.0000     -8.016949155454776E-003
   123.0000     -7.791973302618459E-003
   124.0000     -7.572239947243126E-003
   125.0000     -7.357639232511825E-003
   126.0000     -7.148063570064710E-003
   127.0000     -6.943407605249327E-003
   128.0000     -6.743568181466893E-003
   129.0000     -6.548444303827504E-003
   130.0000     -6.357937102263697E-003
   131.0000     -6.171949794232775E-003
   132.0000     -5.990387647115163E-003
   133.0000     -5.813157940406762E-003
   134.0000     -5.640169927795458E-003
   135.0000     -5.471334799196828E-003
   136.0000     -5.306565642824596E-003
   137.0000     -5.145777407355180E-003
   138.0000     -4.988886864249916E-003
   139.0000     -4.835812570283216E-003
   140.0000     -4.686474830323871E-003
   141.0000     -4.540795660416261E-003
   142.0000     -4.398698751192135E-003
   143.0000     -4.260109431652200E-003
   144.0000     -4.124954633345310E-003
   145.0000     -3.993162854970825E-003
   146.0000     -3.864664127428079E-003
   147.0000     -3.739389979334140E-003
   148.0000     -3.617273403024514E-003
   149.0000     -3.498248821054921E-003
   150.0000     -3.382252053215018E-003
   151.0000     -3.269220284063476E-003
   152.0000     -3.159092030997174E-003
   153.0000     -3.051807112856457E-003
   154.0000     -2.947306619075153E-003
   155.0000     -2.845532879377459E-003
   156.0000     -2.746429434025277E-003
   157.0000     -2.649941004616368E-003
   158.0000     -2.556013465433356E-003
   159.0000     -2.464593815344283E-003
   160.0000     -2.375630150250203E-003
   161.0000     -2.289071636080363E-003
   162.0000     -2.204868482328023E-003
   163.0000     -2.122971916126913E-003
   164.0000     -2.043334156860484E-003
   165.0000     -1.965908391300028E-003
   166.0000     -1.890648749265590E-003
   167.0000     -1.817510279805153E-003
   168.0000     -1.746448927883280E-003
   169.0000     -1.677421511574169E-003
   170.0000     -1.610385699751045E-003
   171.0000     -1.545299990266790E-003
   172.0000     -1.482123688615082E-003
   173.0000     -1.420816887067395E-003
   174.0000     -1.361340444277452E-003
   175.0000     -1.303655965345534E-003
   176.0000     -1.247725782335432E-003
   177.0000     -1.193512935239217E-003
   178.0000     -1.140981153382521E-003
   179.0000     -1.090094837270440E-003
   180.0000     -1.040819040878204E-003
   181.0000     -9.931194544064560E-004
   182.0000     -9.469623875660295E-004
   183.0000     -9.023147535829668E-004
   184.0000     -8.591440545776363E-004
   185.0000     -8.174183711468499E-004
   186.0000     -7.771063746729682E-004
   187.0000     -7.381777151469899E-004
   188.0000     -7.213432142509194E-004
   189.0000     -7.005990647699861E-004
   190.0000     -6.643453572286064E-004
   191.0000     -6.293846146310889E-004
   192.0000     -5.956883494312157E-004
   193.0000     -5.632282511995059E-004
   194.0000     -5.319764370153633E-004
   195.0000     -5.019054611111516E-004
   196.0000     -4.729883070756769E-004
   197.0000     -4.451983771344918E-004
   198.0000     -4.185094808690215E-004
   199.0000     -3.928958239422925E-004
   200.0000     -3.683319970052190E-004
   201.0000     -3.447929648443189E-004
   202.0000     -3.222540557959952E-004
   203.0000     -3.006909514382918E-004
   204.0000     -2.800796765670751E-004
   205.0000     -2.603965894618344E-004
   206.0000     -2.416183724468728E-004
   207.0000     -2.237220227558846E-004
   208.0000     -2.066848437095403E-004
   209.0000     -1.904844362197668E-004
   210.0000     -1.750986906383666E-004
   211.0000     -1.605057789736472E-004
   212.0000     -1.466841475053025E-004
   213.0000     -1.336125098379308E-004
   214.0000     -1.212698404449436E-004
   215.0000     -1.096353687711008E-004
   216.0000     -9.868857398300426E-005
   217.0000     -8.840918048523598E-005
   218.0000     -7.877715435909049E-005
   219.0000     -6.977270093404244E-005
   220.0000     -6.137626377753328E-005
   221.0000     -5.356852549558882E-005
   222.0000     -4.633041089184094E-005
   223.0000     -3.964309326240134E-005
   224.0000     -3.348800495124517E-005
   225.0000     -2.784685383127456E-005
   226.0000     -2.270164823967881E-005
   227.0000     -1.803473432610067E-005
   228.0000     -1.382885223403955E-005
   229.0000     -1.006722198052357E-005
   230.0000     -6.733678392648720E-006
   231.0000     -3.812891878099010E-006
   232.0000     -1.290750889049306E-006
