  0.0000000E+00 -7.414172753054997E-002
   1.000000     -7.344395171080058E-002
   2.000000     -7.275028582760409E-002
   3.000000     -7.206072054775567E-002
   4.000000     -7.137524651945687E-002
   5.000000     -7.069385437224354E-002
   6.000000     -7.001653471691530E-002
   7.000000     -6.934327814547155E-002
   8.000000     -6.867407523103729E-002
   9.000000     -6.800891652773568E-002
   10.00000     -6.734779257111169E-002
   11.00000     -6.669069387781430E-002
   12.00000     -6.603761092802550E-002
   13.00000     -6.538853426759415E-002
   14.00000     -6.474345449485686E-002
   15.00000     -6.410236008075863E-002
   16.00000     -6.346524649480002E-002
   17.00000     -6.283211819482530E-002
   18.00000     -6.220285903184252E-002
   19.00000     -6.157762088182453E-002
   20.00000     -6.095703278517889E-002
   21.00000     -6.033828788604517E-002
   22.00000     -5.972344000009115E-002
   23.00000     -5.912640590027902E-002
   24.00000     -5.851095358624066E-002
   25.00000     -5.787974164197981E-002
   26.00000     -5.738304773404777E-002
   27.00000     -5.676253010600479E-002
   28.00000     -5.598338938121829E-002
   29.00000     -5.564678358736572E-002
   30.00000     -5.503093645931802E-002
   31.00000     -5.413409360148213E-002
   32.00000     -5.336386994001327E-002
   33.00000     -5.319505715342365E-002
   34.00000     -5.226432710170088E-002
   35.00000     -5.131759769363323E-002
   36.00000     -5.050187024524949E-002
   37.00000     -5.036370992428890E-002
   38.00000     -4.941278888250360E-002
   39.00000     -4.846112076707525E-002
   40.00000     -4.751236330864366E-002
   41.00000     -4.714499667224081E-002
   42.00000     -4.656754374883489E-002
   43.00000     -4.562896107805944E-002
   44.00000     -4.469730423132261E-002
   45.00000     -4.377366711358675E-002
   46.00000     -4.327664175301991E-002
   47.00000     -4.285875383953694E-002
   48.00000     -4.195365308119960E-002
   49.00000     -4.105882608167840E-002
   50.00000     -4.017487772356864E-002
   51.00000     -3.930231424497653E-002
   52.00000     -3.886276570942954E-002
   53.00000     -3.844147236331361E-002
   54.00000     -3.759284796915034E-002
   55.00000     -3.675665327738713E-002
   56.00000     -3.593314602586839E-002
   57.00000     -3.512252638093177E-002
   58.00000     -3.432495513814076E-002
   59.00000     -3.386200794949495E-002
   60.00000     -3.354051088363690E-002
   61.00000     -3.276934902585812E-002
   62.00000     -3.201147440161663E-002
   63.00000     -3.126691944039373E-002
   64.00000     -3.053568393725433E-002
   65.00000     -2.981774448410756E-002
   66.00000     -2.911305751611506E-002
   67.00000     -2.842156816535890E-002
   68.00000     -2.822569340957719E-002
   69.00000     -2.774316275253954E-002
   70.00000     -2.707779426855439E-002
   71.00000     -2.642533410142115E-002
   72.00000     -2.578566579703610E-002
   73.00000     -2.515866119854040E-002
   74.00000     -2.454418293451128E-002
   75.00000     -2.394208567588880E-002
   76.00000     -2.335221720699007E-002
   77.00000     -2.277441946822218E-002
   78.00000     -2.220853060166502E-002
   79.00000     -2.189891242453918E-002
   80.00000     -2.165437083233606E-002
   81.00000     -2.111179018984758E-002
   82.00000     -2.058060074988640E-002
   83.00000     -2.006062799736449E-002
   84.00000     -1.955169358480266E-002
   85.00000     -1.905361763756820E-002
   86.00000     -1.856621932339267E-002
   87.00000     -1.808931728004283E-002
   88.00000     -1.762272998811274E-002
   89.00000     -1.716627610491013E-002
   90.00000     -1.671977476569906E-002
   91.00000     -1.628304585733961E-002
   92.00000     -1.585591027361491E-002
   93.00000     -1.543819019594926E-002
   94.00000     -1.502971007863132E-002
   95.00000     -1.482051642133583E-002
   96.00000     -1.463028771093077E-002
   97.00000     -1.423976222158271E-002
   98.00000     -1.385795466030966E-002
   99.00000     -1.348469677951602E-002
   100.0000     -1.311982140698143E-002
   101.0000     -1.276316346261984E-002
   102.0000     -1.241456010574266E-002
   103.0000     -1.207385081589861E-002
   104.0000     -1.174087745357713E-002
   105.0000     -1.141548430874924E-002
   106.0000     -1.109751813974683E-002
   107.0000     -1.078682820375371E-002
   108.0000     -1.048326627979899E-002
   109.0000     -1.018668668498068E-002
   110.0000     -9.896946284556597E-003
   111.0000     -9.613904496478157E-003
   112.0000     -9.337423290891017E-003
   113.0000     -9.067367185090547E-003
   114.0000     -8.803603234382347E-003
   115.0000     -8.546001019290091E-003
   116.0000     -8.294432629545621E-003
   117.0000     -8.048772645405981E-003
   118.0000     -7.808898117183865E-003
   119.0000     -7.574688545452048E-003
   120.0000     -7.346025873412005E-003
   121.0000     -7.122794600892400E-003
   122.0000     -6.923092604492175E-003
   123.0000     -6.904871788162910E-003
   124.0000     -6.692172195937415E-003
   125.0000     -6.484563403551052E-003
   126.0000     -6.281945974916660E-003
   127.0000     -6.084215813004490E-003
   128.0000     -5.891270896343421E-003
   129.0000     -5.703011336977828E-003
   130.0000     -5.519339358250035E-003
   131.0000     -5.340159261499756E-003
   132.0000     -5.165377390020324E-003
   133.0000     -4.994902092069670E-003
   134.0000     -4.828643683492834E-003
   135.0000     -4.666514410198024E-003
   136.0000     -4.508428410616890E-003
   137.0000     -4.354301678243110E-003
   138.0000     -4.204052024319076E-003
   139.0000     -4.057599040731425E-003
   140.0000     -3.914864063165297E-003
   141.0000     -3.775770134564231E-003
   142.0000     -3.640241968933176E-003
   143.0000     -3.508205915524218E-003
   144.0000     -3.379589923431364E-003
   145.0000     -3.254323506627434E-003
   146.0000     -3.132337709464088E-003
   147.0000     -3.013565072659930E-003
   148.0000     -2.897939599795226E-003
   149.0000     -2.785396724328427E-003
   150.0000     -2.675873277152900E-003
   151.0000     -2.569307454705062E-003
   152.0000     -2.465638787634693E-003
   153.0000     -2.364808110050093E-003
   154.0000     -2.266757529343764E-003
   155.0000     -2.171430396608023E-003
   156.0000     -2.078771277647154E-003
   157.0000     -1.988725924590971E-003
   158.0000     -1.901241248116058E-003
   159.0000     -1.816265290279203E-003
   160.0000     -1.733747197968185E-003
   161.0000     -1.653637196972955E-003
   162.0000     -1.575886566684688E-003
   163.0000     -1.500447615424871E-003
   164.0000     -1.427273656412303E-003
   165.0000     -1.356318984373680E-003
   166.0000     -1.287538852804976E-003
   167.0000     -1.220889451893655E-003
   168.0000     -1.156327887111591E-003
   169.0000     -1.093812158491429E-003
   170.0000     -1.033301140603885E-003
   171.0000     -9.747545632509882E-004
   172.0000     -9.181329929020328E-004
   173.0000     -8.633978148958063E-004
   174.0000     -8.105112164439995E-004
   175.0000     -7.594361704734833E-004
   176.0000     -7.101364203560570E-004
   177.0000     -6.625764655817111E-004
   178.0000     -6.167215484446202E-004
   179.0000     -5.725376418247250E-004
   180.0000     -5.299914381662924E-004
   181.0000     -4.890503397753014E-004
   182.0000     -4.496824505858978E-004
   183.0000     -4.118565695785470E-004
   184.0000     -3.755421860759544E-004
   185.0000     -3.407094771958527E-004
   186.0000     -3.073293078082161E-004
   187.0000     -2.753732334332089E-004
   188.0000     -2.448135066308298E-004
   189.0000     -2.156230875844171E-004
   190.0000     -1.877756597808080E-004
   191.0000     -1.612456519616907E-004
   192.0000     -1.360082678886696E-004
   193.0000     -1.120395259776106E-004
   194.0000     -8.931631157895355E-005
   195.0000     -6.781644571424905E-005
   196.0000     -4.751877559520034E-005
   197.0000     -2.840329452083014E-005
   198.0000     -1.045130223965082E-005
