  0.0000000E+00 -7.649505078008330E-002
   1.000000     -7.579182270569819E-002
   2.000000     -7.509269441074172E-002
   3.000000     -7.439765652582403E-002
   4.000000     -7.370669966280927E-002
   5.000000     -7.301981441474147E-002
   6.000000     -7.233699135577876E-002
   7.000000     -7.165822104112358E-002
   8.000000     -7.098349400694129E-002
   9.000000     -7.031280077029925E-002
   10.00000     -6.964613182971462E-002
   11.00000     -6.898347766067377E-002
   12.00000     -6.832482871816134E-002
   13.00000     -6.767017556563905E-002
   14.00000     -6.701950819669575E-002
   15.00000     -6.637281623740356E-002
   16.00000     -6.573010096169193E-002
   17.00000     -6.509132835883627E-002
   18.00000     -6.445643015317856E-002
   19.00000     -6.382585309254647E-002
   20.00000     -6.319896970207101E-002
   21.00000     -6.257371708519546E-002
   22.00000     -6.195960794998301E-002
   23.00000     -6.134980937169127E-002
   24.00000     -6.071022643338208E-002
   25.00000     -6.013953808012211E-002
   26.00000     -5.959647066798691E-002
   27.00000     -5.885606629777643E-002
   28.00000     -5.828578234028391E-002
   29.00000     -5.790431078860803E-002
   30.00000     -5.703385317936501E-002
   31.00000     -5.611881159360021E-002
   32.00000     -5.596413452683965E-002
   33.00000     -5.515248232408383E-002
   34.00000     -5.419421071122554E-002
   35.00000     -5.323268841300222E-002
   36.00000     -5.315712339377292E-002
   37.00000     -5.225773165111865E-002
   38.00000     -5.128752684070492E-002
   39.00000     -5.031870796341313E-002
   40.00000     -4.984026352689584E-002
   41.00000     -4.935260127849962E-002
   42.00000     -4.839176613697908E-002
   43.00000     -4.743694717800313E-002
   44.00000     -4.648940721299426E-002
   45.00000     -4.600324463404663E-002
   46.00000     -4.554994395613413E-002
   47.00000     -4.461978054223937E-002
   48.00000     -4.369945384461706E-002
   49.00000     -4.278964978316043E-002
   50.00000     -4.189096308013544E-002
   51.00000     -4.162014123484937E-002
   52.00000     -4.100374234347474E-002
   53.00000     -4.012858462291100E-002
   54.00000     -3.926574981092321E-002
   55.00000     -3.841553711516302E-002
   56.00000     -3.757818897621797E-002
   57.00000     -3.675394346682315E-002
   58.00000     -3.664998283169361E-002
   59.00000     -3.594279359005652E-002
   60.00000     -3.514503321303298E-002
   61.00000     -3.436067110552665E-002
   62.00000     -3.358975820317225E-002
   63.00000     -3.283231576452506E-002
   64.00000     -3.208833999138250E-002
   65.00000     -3.135780831827805E-002
   66.00000     -3.104442679857958E-002
   67.00000     -3.064064737656977E-002
   68.00000     -2.993683247156655E-002
   69.00000     -2.924625911744236E-002
   70.00000     -2.856883381101116E-002
   71.00000     -2.790444764628056E-002
   72.00000     -2.725297995806489E-002
   73.00000     -2.661429985175352E-002
   74.00000     -2.598826750500843E-002
   75.00000     -2.537473560838165E-002
   76.00000     -2.477359589888236E-002
   77.00000     -2.474849686678530E-002
   78.00000     -2.418454051924099E-002
   79.00000     -2.360755747021291E-002
   80.00000     -2.304242269971092E-002
   81.00000     -2.248896327204371E-002
   82.00000     -2.194700284611749E-002
   83.00000     -2.141636265360905E-002
   84.00000     -2.089686208848783E-002
   85.00000     -2.038831920799779E-002
   86.00000     -1.989055118103214E-002
   87.00000     -1.940337469506716E-002
   88.00000     -1.892660633214019E-002
   89.00000     -1.846006294944587E-002
   90.00000     -1.800356247931885E-002
   91.00000     -1.770136643045536E-002
   92.00000     -1.755691545160726E-002
   93.00000     -1.711995606954131E-002
   94.00000     -1.669249371538491E-002
   95.00000     -1.627435231118177E-002
   96.00000     -1.586535533284643E-002
   97.00000     -1.546532788246269E-002
   98.00000     -1.507409692279509E-002
   99.00000     -1.469149141458194E-002
   100.0000     -1.431734242601088E-002
   101.0000     -1.395148322528392E-002
   102.0000     -1.359374935959265E-002
   103.0000     -1.324397872219586E-002
   104.0000     -1.290201160880185E-002
   105.0000     -1.256769076424603E-002
   106.0000     -1.224086142034447E-002
   107.0000     -1.192137132573533E-002
   108.0000     -1.160907076848505E-002
   109.0000     -1.130381259227573E-002
   110.0000     -1.100545220723666E-002
   111.0000     -1.071384759761407E-002
   112.0000     -1.042885933447067E-002
   113.0000     -1.015035065458651E-002
   114.0000     -9.878190722103723E-003
   115.0000     -9.835509485441474E-003
   116.0000     -9.612234550209681E-003
   117.0000     -9.352368310463349E-003
   118.0000     -9.098458916414962E-003
   119.0000     -8.850382327251213E-003
   120.0000     -8.608016742067515E-003
   121.0000     -8.371242757510763E-003
   122.0000     -8.139943361747788E-003
   123.0000     -7.914003909425545E-003
   124.0000     -7.693312091577826E-003
   125.0000     -7.477757903237223E-003
   126.0000     -7.267233609601832E-003
   127.0000     -7.061633711137699E-003
   128.0000     -6.860854907844474E-003
   129.0000     -6.664796062852817E-003
   130.0000     -6.473358165498874E-003
   131.0000     -6.286444293989524E-003
   132.0000     -6.103959577767691E-003
   133.0000     -5.925811159678376E-003
   134.0000     -5.751908158015099E-003
   135.0000     -5.582161628529802E-003
   136.0000     -5.416484526475815E-003
   137.0000     -5.254791668749311E-003
   138.0000     -5.096999696184529E-003
   139.0000     -4.943027036057948E-003
   140.0000     -4.792793864846375E-003
   141.0000     -4.646222071282120E-003
   142.0000     -4.503235219743169E-003
   143.0000     -4.363758514010000E-003
   144.0000     -4.227718761421477E-003
   145.0000     -4.095044337453899E-003
   146.0000     -3.965665150747975E-003
   147.0000     -3.839512608602031E-003
   148.0000     -3.716519582950818E-003
   149.0000     -3.596620376843597E-003
   150.0000     -3.479750691433655E-003
   151.0000     -3.365847593491953E-003
   152.0000     -3.254849483450623E-003
   153.0000     -3.146696063986214E-003
   154.0000     -3.041328309145025E-003
   155.0000     -2.938688434015923E-003
   156.0000     -2.838719864953263E-003
   157.0000     -2.741367210350289E-003
   158.0000     -2.646576231963757E-003
   159.0000     -2.554293816787608E-003
   160.0000     -2.464467949476166E-003
   161.0000     -2.377047685311703E-003
   162.0000     -2.291983123714313E-003
   163.0000     -2.209225382290925E-003
   164.0000     -2.128726571416510E-003
   165.0000     -2.050439769343995E-003
   166.0000     -1.974318997837216E-003
   167.0000     -1.900319198320740E-003
   168.0000     -1.828396208540402E-003
   169.0000     -1.758506739728802E-003
   170.0000     -1.690608354270361E-003
   171.0000     -1.624659443859927E-003
   172.0000     -1.560619208154535E-003
   173.0000     -1.498447633918587E-003
   174.0000     -1.438105474679624E-003
   175.0000     -1.379554230940006E-003
   176.0000     -1.322756131085087E-003
   177.0000     -1.267674113445481E-003
   178.0000     -1.214271811338848E-003
   179.0000     -1.162513551416627E-003
   180.0000     -1.112364489522921E-003
   181.0000     -1.076950860760491E-003
   182.0000     -1.063787383168581E-003
   183.0000     -1.016754481036776E-003
   184.0000     -9.712279992000253E-004
   185.0000     -9.271763453240156E-004
   186.0000     -8.845675451059867E-004
   187.0000     -8.433701292463330E-004
   188.0000     -8.035531577307160E-004
   189.0000     -7.650862119330231E-004
   190.0000     -7.279393820487423E-004
   191.0000     -6.920832536334268E-004
   192.0000     -6.574888940743972E-004
   193.0000     -6.241278392315031E-004
   194.0000     -5.919720803233735E-004
   195.0000     -5.609940510861180E-004
   196.0000     -5.311666152110154E-004
   197.0000     -5.024630540611765E-004
   198.0000     -4.748570546637730E-004
   199.0000     -4.483226979724461E-004
   200.0000     -4.228344473940053E-004
   201.0000     -3.983671375733088E-004
   202.0000     -3.748959634296805E-004
   203.0000     -3.523964694389684E-004
   204.0000     -3.308445391542374E-004
   205.0000     -3.102163849593493E-004
   206.0000     -2.904885380490019E-004
   207.0000     -2.716378386289769E-004
   208.0000     -2.536414263307944E-004
   209.0000     -2.364767308348049E-004
   210.0000     -2.201214626957691E-004
   211.0000     -2.045536043655255E-004
   212.0000     -1.897514014069372E-004
   213.0000     -1.756933538937349E-004
   214.0000     -1.623582079911316E-004
   215.0000     -1.497249477115253E-004
   216.0000     -1.377727868408718E-004
   217.0000     -1.264811610301759E-004
   218.0000     -1.158297200480282E-004
   219.0000     -1.057983201886058E-004
   220.0000     -9.636701683183835E-005
   221.0000     -8.751605715063587E-005
   222.0000     -7.922587296169241E-005
   223.0000     -7.147707371600575E-005
   224.0000     -6.425043962577918E-005
   225.0000     -5.752691492507263E-005
   226.0000     -5.128760126157427E-005
   227.0000     -4.551375121834774E-005
   228.0000     -4.018676196489565E-005
   229.0000     -3.528816903853787E-005
   230.0000     -3.079964025909581E-005
   231.0000     -2.670296978283141E-005
   232.0000     -2.298007230542369E-005
   233.0000     -1.961297743035159E-005
   234.0000     -1.658382422819160E-005
   235.0000     -1.387485602708462E-005
   236.0000     -1.146841549790859E-005
   237.0000     -9.346940136170544E-006
   238.0000     -7.492958307690121E-006
   239.0000     -5.889086140291999E-006
   240.0000     -4.518025755501684E-006
   241.0000     -3.362565745844807E-006
   242.0000     -2.405585654706601E-006
   243.0000     -1.630068120789173E-006
   244.0000     -1.019127066588005E-006
   245.0000     -5.560737032578130E-007
   246.0000     -2.245885705526742E-007
   247.0000     -9.294297880012515E-009
