  0.0000000E+00 -7.284238950233204E-002
   1.000000     -7.214764285073305E-002
   2.000000     -7.145701189596793E-002
   3.000000     -7.077048732654791E-002
   4.000000     -7.008805981249587E-002
   5.000000     -6.940972000527793E-002
   6.000000     -6.873545853773595E-002
   7.000000     -6.806526602401926E-002
   8.000000     -6.739913305951757E-002
   9.000000     -6.673705022073484E-002
   10.00000     -6.607900806545428E-002
   11.00000     -6.542499713415766E-002
   12.00000     -6.477500793230576E-002
   13.00000     -6.412903097642705E-002
   14.00000     -6.348705705561100E-002
   15.00000     -6.284907509564262E-002
   16.00000     -6.221507582835695E-002
   17.00000     -6.158507336299902E-002
   18.00000     -6.095898369170819E-002
   19.00000     -6.033675236024472E-002
   20.00000     -5.971924820405859E-002
   21.00000     -5.910479251152426E-002
   22.00000     -5.849101095519892E-002
   23.00000     -5.789419225733888E-002
   24.00000     -5.729687175561365E-002
   25.00000     -5.665729053544401E-002
   26.00000     -5.612390391130820E-002
   27.00000     -5.559254955949188E-002
   28.00000     -5.483335143141880E-002
   29.00000     -5.427335056535539E-002
   30.00000     -5.391149741017572E-002
   31.00000     -5.304174598228358E-002
   32.00000     -5.213362260168915E-002
   33.00000     -5.189763754755247E-002
   34.00000     -5.119661598561420E-002
   35.00000     -5.026083669567235E-002
   36.00000     -4.932028802569585E-002
   37.00000     -4.902726092006569E-002
   38.00000     -4.837604071338340E-002
   39.00000     -4.743402175117423E-002
   40.00000     -4.649449994196077E-002
   41.00000     -4.565558130064523E-002
   42.00000     -4.555834323647996E-002
   43.00000     -4.462931431419195E-002
   44.00000     -4.370648140159280E-002
   45.00000     -4.279149387296812E-002
   46.00000     -4.188543320866678E-002
   47.00000     -4.176887890366059E-002
   48.00000     -4.098844670007631E-002
   49.00000     -4.010191894595495E-002
   50.00000     -3.922614656822946E-002
   51.00000     -3.836163696668930E-002
   52.00000     -3.750885931002975E-002
   53.00000     -3.733816944326506E-002
   54.00000     -3.666799588412838E-002
   55.00000     -3.583956378665062E-002
   56.00000     -3.502371823272178E-002
   57.00000     -3.422066528245341E-002
   58.00000     -3.343056488031500E-002
   59.00000     -3.265354457303171E-002
   60.00000     -3.232054065839775E-002
   61.00000     -3.188964618920897E-002
   62.00000     -3.113899209604736E-002
   63.00000     -3.040157050865630E-002
   64.00000     -2.967738693378559E-002
   65.00000     -2.896642005190618E-002
   66.00000     -2.826862771250742E-002
   67.00000     -2.758394960140638E-002
   68.00000     -2.691231348004827E-002
   69.00000     -2.666728053855487E-002
   70.00000     -2.625360073099198E-002
   71.00000     -2.560774507195355E-002
   72.00000     -2.497460962287947E-002
   73.00000     -2.435406944980934E-002
   74.00000     -2.374598876926936E-002
   75.00000     -2.315022364608553E-002
   76.00000     -2.256662316969267E-002
   77.00000     -2.199503043137961E-002
   78.00000     -2.143528342956720E-002
   79.00000     -2.088721613351891E-002
   80.00000     -2.035069220912734E-002
   81.00000     -2.032337653632270E-002
   82.00000     -1.982542986769741E-002
   83.00000     -1.931136797553554E-002
   84.00000     -1.880828832793853E-002
   85.00000     -1.831601265925617E-002
   86.00000     -1.783436133427674E-002
   87.00000     -1.736315411320223E-002
   88.00000     -1.690221056724213E-002
   89.00000     -1.645135042226262E-002
   90.00000     -1.601039386241492E-002
   91.00000     -1.557916180212718E-002
   92.00000     -1.515747613067513E-002
   93.00000     -1.474515993298108E-002
   94.00000     -1.434203769249135E-002
   95.00000     -1.394793549716288E-002
   96.00000     -1.356268144141500E-002
   97.00000     -1.322777567371251E-002
   98.00000     -1.318609273971377E-002
   99.00000     -1.281803310689195E-002
   100.0000     -1.245830743761865E-002
   101.0000     -1.210675974937233E-002
   102.0000     -1.176322832676057E-002
   103.0000     -1.142755359688507E-002
   104.0000     -1.109957832926959E-002
   105.0000     -1.077914770561627E-002
   106.0000     -1.046610936420717E-002
   107.0000     -1.016031343240720E-002
   108.0000     -9.861612550620381E-003
   109.0000     -9.569861889106288E-003
   110.0000     -9.284919158499518E-003
   111.0000     -9.006644614700483E-003
   112.0000     -8.734901058686319E-003
   113.0000     -8.469553831742145E-003
   114.0000     -8.210470806555334E-003
   115.0000     -7.957522374591734E-003
   116.0000     -7.710581430124121E-003
   117.0000     -7.469523351261925E-003
   118.0000     -7.234225978310249E-003
   119.0000     -7.004569589754706E-003
   120.0000     -6.780436876168085E-003
   121.0000     -6.561712912339694E-003
   122.0000     -6.348285127984412E-003
   123.0000     -6.140043277627360E-003
   124.0000     -5.936879411188547E-003
   125.0000     -5.738687851541723E-003
   126.0000     -5.545365224756269E-003
   127.0000     -5.356812128368235E-003
   128.0000     -5.312874984876614E-003
   129.0000     -5.172921409886928E-003
   130.0000     -4.993606206767450E-003
   131.0000     -4.818767024717945E-003
   132.0000     -4.648311245061640E-003
   133.0000     -4.482148013600010E-003
   134.0000     -4.320188411729041E-003
   135.0000     -4.162345442717491E-003
   136.0000     -4.008533999871944E-003
   137.0000     -3.858670831169340E-003
   138.0000     -3.712674503040059E-003
   139.0000     -3.570465364030396E-003
   140.0000     -3.431965508610202E-003
   141.0000     -3.297098741253098E-003
   142.0000     -3.165790540861098E-003
   143.0000     -3.037968025592779E-003
   144.0000     -2.913559918131950E-003
   145.0000     -2.792496511436579E-003
   146.0000     -2.674709634997013E-003
   147.0000     -2.560132621633104E-003
   148.0000     -2.448700274854272E-003
   149.0000     -2.340348836808188E-003
   150.0000     -2.235015956838422E-003
   151.0000     -2.132640660673121E-003
   152.0000     -2.033163320264517E-003
   153.0000     -1.936525624299170E-003
   154.0000     -1.842670549399056E-003
   155.0000     -1.751542332032814E-003
   156.0000     -1.663086441159075E-003
   157.0000     -1.577249551622623E-003
   158.0000     -1.493979518329163E-003
   159.0000     -1.413225351221623E-003
   160.0000     -1.334937191090441E-003
   161.0000     -1.259066286247341E-003
   162.0000     -1.185564970102450E-003
   163.0000     -1.114386639683661E-003
   164.0000     -1.045485735152593E-003
   165.0000     -9.788177203688502E-004
   166.0000     -9.143390645746685E-004
   167.0000     -8.520072252762643E-004
   168.0000     -7.917806324179090E-004
   169.0000     -7.336186739579064E-004
   170.0000     -6.774816829826032E-004
   171.0000     -6.233309265164291E-004
   172.0000     -5.711285962225063E-004
   173.0000     -5.208378012269539E-004
   174.0000     -4.724225633525562E-004
   175.0000     -4.258478151110237E-004
   176.0000     -3.810794008855336E-004
   177.0000     -3.380840818380811E-004
   178.0000     -2.968295452119329E-004
   179.0000     -2.572844188736105E-004
   180.0000     -2.194182921688044E-004
   181.0000     -1.832017444734539E-004
   182.0000     -1.486063832330940E-004
   183.0000     -1.156048938478502E-004
   184.0000     -8.417110454064710E-005
   185.0000     -5.428007045066952E-005
   186.0000     -2.590818277451906E-005
