  0.0000000E+00 -7.599620348810746E-002
   1.000000     -7.529412753351081E-002
   2.000000     -7.459615348237286E-002
   3.000000     -7.390227197264876E-002
   4.000000     -7.321247362357299E-002
   5.000000     -7.252674903559153E-002
   6.000000     -7.184508879028932E-002
   7.000000     -7.116748345032362E-002
   8.000000     -7.049392355934608E-002
   9.000000     -6.982439964191757E-002
   10.00000     -6.915890220409238E-002
   11.00000     -6.849742172975014E-002
   12.00000     -6.783994867687641E-002
   13.00000     -6.718647361391092E-002
   14.00000     -6.653698667106062E-002
   15.00000     -6.589147699298199E-002
   16.00000     -6.524994537919734E-002
   17.00000     -6.461236694013858E-002
   18.00000     -6.397864998402195E-002
   19.00000     -6.334920794924671E-002
   20.00000     -6.272372720586160E-002
   21.00000     -6.209961742672761E-002
   22.00000     -6.148535533304283E-002
   23.00000     -6.087956629811712E-002
   24.00000     -6.024279469142303E-002
   25.00000     -5.965731660773821E-002
   26.00000     -5.913508815231332E-002
   27.00000     -5.841266598287516E-002
   28.00000     -5.776822170323758E-002
   29.00000     -5.745885321259005E-002
   30.00000     -5.661044268677242E-002
   31.00000     -5.569359157207666E-002
   32.00000     -5.541727197505219E-002
   33.00000     -5.473926158708377E-002
   34.00000     -5.378548849534491E-002
   35.00000     -5.282459247816006E-002
   36.00000     -5.259690632248690E-002
   37.00000     -5.185686072157807E-002
   38.00000     -5.089043405424423E-002
   39.00000     -4.992520869740894E-002
   40.00000     -4.926955371570517E-002
   41.00000     -4.896261576524358E-002
   42.00000     -4.800535972666125E-002
   43.00000     -4.705396799418406E-002
   44.00000     -4.610977918380342E-002
   45.00000     -4.542576101631136E-002
   46.00000     -4.517359781317729E-002
   47.00000     -4.424674593989253E-002
   48.00000     -4.332963683631939E-002
   49.00000     -4.242300236365080E-002
   50.00000     -4.152742276382448E-002
   51.00000     -4.103608372281178E-002
   52.00000     -4.064329790267286E-002
   53.00000     -3.977119448681663E-002
   54.00000     -3.891136596732706E-002
   55.00000     -3.806412089253270E-002
   56.00000     -3.722970268107006E-002
   57.00000     -3.640831433529691E-002
   58.00000     -3.605944134263075E-002
   59.00000     -3.560005962403909E-002
   60.00000     -3.480512863386467E-002
   61.00000     -3.402355963804001E-002
   62.00000     -3.325540706687690E-002
   63.00000     -3.250069309088848E-002
   64.00000     -3.175941447186676E-002
   65.00000     -3.103154641209169E-002
   66.00000     -3.044735554063056E-002
   67.00000     -3.031701351482483E-002
   68.00000     -2.961581964481449E-002
   69.00000     -2.892782659609277E-002
   70.00000     -2.825295330905895E-002
   71.00000     -2.759109174152041E-002
   72.00000     -2.694212182437201E-002
   73.00000     -2.630591320031053E-002
   74.00000     -2.568232652876103E-002
   75.00000     -2.507121472248374E-002
   76.00000     -2.447242522511982E-002
   77.00000     -2.414490707554666E-002
   78.00000     -2.388578525686955E-002
   79.00000     -2.331115214682566E-002
   80.00000     -2.274834212562239E-002
   81.00000     -2.219718444811050E-002
   82.00000     -2.165750334104992E-002
   83.00000     -2.112912050052571E-002
   84.00000     -2.061185575966980E-002
   85.00000     -2.010552760207638E-002
   86.00000     -1.960995361290748E-002
   87.00000     -1.912495088524956E-002
   88.00000     -1.865033638996780E-002
   89.00000     -1.818592732083506E-002
   90.00000     -1.773154146902570E-002
   91.00000     -1.728699859172202E-002
   92.00000     -1.709111002964703E-002
   93.00000     -1.685210980367197E-002
   94.00000     -1.642670888207539E-002
   95.00000     -1.601061046555826E-002
   96.00000     -1.560363916364913E-002
   97.00000     -1.520562050798600E-002
   98.00000     -1.481638183017116E-002
   99.00000     -1.443575244387136E-002
   100.0000     -1.406356376228891E-002
   101.0000     -1.369964939291184E-002
   102.0000     -1.334384521728951E-002
   103.0000     -1.299598945848921E-002
   104.0000     -1.265592273769640E-002
   105.0000     -1.232348812103669E-002
   106.0000     -1.199853115752781E-002
   107.0000     -1.168089990896466E-002
   108.0000     -1.137044497248258E-002
   109.0000     -1.106701949649616E-002
   110.0000     -1.077047919071753E-002
   111.0000     -1.048068233108228E-002
   112.0000     -1.019748976093396E-002
   113.0000     -9.920764892356132E-003
   114.0000     -9.650373728021494E-003
   115.0000     -9.386185170581783E-003
   116.0000     -9.218570926486654E-003
   117.0000     -9.128065849096399E-003
   118.0000     -8.875897806783894E-003
   119.0000     -8.629551038982979E-003
   120.0000     -8.388905126419790E-003
   121.0000     -8.153841015923889E-003
   122.0000     -7.924241981476631E-003
   123.0000     -7.699993648944442E-003
   124.0000     -7.480983974459135E-003
   125.0000     -7.267103214274189E-003
   126.0000     -7.058243891710757E-003
   127.0000     -6.854300762598732E-003
   128.0000     -6.655170779718534E-003
   129.0000     -6.460753056513707E-003
   130.0000     -6.270948830243713E-003
   131.0000     -6.085661424718813E-003
   132.0000     -5.904796212725826E-003
   133.0000     -5.728260578245585E-003
   134.0000     -5.555963878553211E-003
   135.0000     -5.387817406276993E-003
   136.0000     -5.223734351490247E-003
   137.0000     -5.063629763899046E-003
   138.0000     -4.907420515185116E-003
   139.0000     -4.755025261555410E-003
   140.0000     -4.606364406545924E-003
   141.0000     -4.461360064122854E-003
   142.0000     -4.319936022116063E-003
   143.0000     -4.182017706023158E-003
   144.0000     -4.047532143208746E-003
   145.0000     -3.916407927529199E-003
   146.0000     -3.788575184404150E-003
   147.0000     -3.663965536355653E-003
   148.0000     -3.542512069032220E-003
   149.0000     -3.424149297732709E-003
   150.0000     -3.308813134442739E-003
   151.0000     -3.196440855395027E-003
   152.0000     -3.086971069160744E-003
   153.0000     -2.980343685280757E-003
   154.0000     -2.876499883439569E-003
   155.0000     -2.775382083189396E-003
   156.0000     -2.676933914223918E-003
   157.0000     -2.581100187202692E-003
   158.0000     -2.487826865130360E-003
   159.0000     -2.397061035285057E-003
   160.0000     -2.308750881697312E-003
   161.0000     -2.222845658176310E-003
   162.0000     -2.139295661879355E-003
   163.0000     -2.058052207421982E-003
   164.0000     -1.979067601523125E-003
   165.0000     -1.902295118180615E-003
   166.0000     -1.827688974372265E-003
   167.0000     -1.755204306275173E-003
   168.0000     -1.684797145998321E-003
   169.0000     -1.616424398821378E-003
   170.0000     -1.550043820932508E-003
   171.0000     -1.485613997658807E-003
   172.0000     -1.423094322182289E-003
   173.0000     -1.362444974732667E-003
   174.0000     -1.303626902251862E-003
   175.0000     -1.246601798520012E-003
   176.0000     -1.191332084737888E-003
   177.0000     -1.137780890556660E-003
   178.0000     -1.085912035548299E-003
   179.0000     -1.035690011108733E-003
   180.0000     -9.870799627874115E-004
   181.0000     -9.400476730358182E-004
   182.0000     -8.945595443683424E-004
   183.0000     -8.505825829303633E-004
   184.0000     -8.080843824683990E-004
   185.0000     -7.670331086995607E-004
   186.0000     -7.273974840825846E-004
   187.0000     -6.891467729997412E-004
   188.0000     -6.522507673817128E-004
   189.0000     -6.166797728641385E-004
   190.0000     -5.824045957467381E-004
   191.0000     -5.493965317220332E-004
   192.0000     -5.176273609462798E-004
   193.0000     -4.870693856957910E-004
   194.0000     -4.576974082841442E-004
   195.0000     -4.532249733296242E-004
   196.0000     -4.294765647044283E-004
   197.0000     -4.023897008310979E-004
   198.0000     -3.764069742298023E-004
   199.0000     -3.515028830301955E-004
   200.0000     -3.276521901812251E-004
   201.0000     -3.048300216010242E-004
   202.0000     -2.830118697907421E-004
   203.0000     -2.621735876503095E-004
   204.0000     -2.422913806102636E-004
   205.0000     -2.233417986276735E-004
   206.0000     -2.053017284855750E-004
   207.0000     -1.881483865789625E-004
   208.0000     -1.718593123032987E-004
   209.0000     -1.564123621549968E-004
   210.0000     -1.417857046643046E-004
   211.0000     -1.279578163116271E-004
   212.0000     -1.149074786185607E-004
   213.0000     -1.026137766636353E-004
   214.0000     -9.105609935271470E-005
   215.0000     -8.021414188684235E-005
   216.0000     -7.006791102734184E-005
   217.0000     -6.059773398626303E-005
   218.0000     -5.178427210125923E-005
   219.0000     -4.360854095160340E-005
   220.0000     -3.605193933197900E-005
   221.0000     -2.909629070033251E-005
   222.0000     -2.272390266761343E-005
   223.0000     -1.691765339605407E-005
   224.0000     -1.166111960190019E-005
   225.0000     -6.938771725518461E-006
   226.0000     -2.736283461716145E-006
