  0.0000000E+00 -7.459381474858130E-002
   1.000000     -7.389498813254745E-002
   2.000000     -7.320026947458513E-002
   3.000000     -7.250964943423255E-002
   4.000000     -7.182311865239713E-002
   5.000000     -7.114066775128806E-002
   6.000000     -7.046228733434579E-002
   7.000000     -6.978796798617451E-002
   8.000000     -6.911770027246919E-002
   9.000000     -6.845147473989484E-002
   10.00000     -6.778928191657663E-002
   11.00000     -6.713111231100699E-002
   12.00000     -6.647695639632857E-002
   13.00000     -6.582680472788786E-002
   14.00000     -6.518064780556630E-002
   15.00000     -6.453847410309223E-002
   16.00000     -6.390028072041515E-002
   17.00000     -6.326606629616842E-002
   18.00000     -6.263571181377768E-002
   19.00000     -6.200944432361200E-002
   20.00000     -6.138771770620178E-002
   21.00000     -6.076753994517598E-002
   22.00000     -6.015269763907854E-002
   23.00000     -5.955450224027314E-002
   24.00000     -5.893283085738999E-002
   25.00000     -5.830976486761753E-002
   26.00000     -5.781577375933974E-002
   27.00000     -5.716605899417953E-002
   28.00000     -5.639464279810812E-002
   29.00000     -5.611396018564078E-002
   30.00000     -5.541710602200097E-002
   31.00000     -5.451386176140655E-002
   32.00000     -5.386308483848155E-002
   33.00000     -5.357431718450564E-002
   34.00000     -5.263542671993898E-002
   35.00000     -5.168502576621171E-002
   36.00000     -5.101243240270650E-002
   37.00000     -5.072858578545267E-002
   38.00000     -4.977322589414066E-002
   39.00000     -4.881823319831700E-002
   40.00000     -4.786640576399846E-002
   41.00000     -4.766290595704077E-002
   42.00000     -4.691825838363981E-002
   43.00000     -4.597653810335887E-002
   44.00000     -4.504181919701156E-002
   45.00000     -4.411520001247773E-002
   46.00000     -4.380075555047174E-002
   47.00000     -4.319730527442250E-002
   48.00000     -4.228926523060557E-002
   49.00000     -4.139155619003676E-002
   50.00000     -4.050476746573166E-002
   51.00000     -3.962942237625879E-002
   52.00000     -3.939282187142111E-002
   53.00000     -3.876579949942103E-002
   54.00000     -3.791443728991874E-002
   55.00000     -3.707554597151218E-002
   56.00000     -3.624937621692478E-002
   57.00000     -3.543612723265692E-002
   58.00000     -3.463596774053378E-002
   59.00000     -3.439796336902297E-002
   60.00000     -3.384895168904261E-002
   61.00000     -3.307524712696980E-002
   62.00000     -3.231486444406666E-002
   63.00000     -3.156783056565797E-002
   64.00000     -3.083414439248233E-002
   65.00000     -3.011378191900618E-002
   66.00000     -2.940669951384041E-002
   67.00000     -2.876762147890106E-002
   68.00000     -2.871278250085275E-002
   69.00000     -2.803209123689797E-002
   70.00000     -2.736440262886151E-002
   71.00000     -2.670964815940374E-002
   72.00000     -2.606770991922977E-002
   73.00000     -2.543845916277480E-002
   74.00000     -2.482175801991427E-002
   75.00000     -2.421746069691231E-002
   76.00000     -2.362541455881714E-002
   77.00000     -2.304546135988453E-002
   78.00000     -2.247747042035285E-002
   79.00000     -2.244669140157225E-002
   80.00000     -2.192116656229831E-002
   81.00000     -2.137649109207268E-002
   82.00000     -2.084322878791292E-002
   83.00000     -2.032120309360244E-002
   84.00000     -1.981023515106312E-002
   85.00000     -1.931014467100810E-002
   86.00000     -1.882075042906690E-002
   87.00000     -1.834187068173192E-002
   88.00000     -1.787332353627255E-002
   89.00000     -1.741492728404065E-002
   90.00000     -1.696650070277107E-002
   91.00000     -1.652786333572839E-002
   92.00000     -1.609883577688559E-002
   93.00000     -1.567924027846065E-002
   94.00000     -1.537433540566023E-002
   95.00000     -1.526889229912501E-002
   96.00000     -1.486763323333701E-002
   97.00000     -1.447527665487564E-002
   98.00000     -1.409165379198417E-002
   99.00000     -1.371659511511129E-002
   100.0000     -1.334993305275545E-002
   101.0000     -1.299150219084182E-002
   102.0000     -1.264113937018413E-002
   103.0000     -1.229868375880021E-002
   104.0000     -1.196397691035158E-002
   105.0000     -1.163686281187078E-002
   106.0000     -1.131718792226304E-002
   107.0000     -1.100480120257863E-002
   108.0000     -1.069955413885417E-002
   109.0000     -1.040130075821571E-002
   110.0000     -1.010989763886901E-002
   111.0000     -9.825203914550044E-003
   112.0000     -9.547081273964926E-003
   113.0000     -9.275393955717241E-003
   114.0000     -9.010008739218520E-003
   115.0000     -8.750794932121046E-003
   116.0000     -8.497624355030882E-003
   117.0000     -8.250371325193673E-003
   118.0000     -8.008912645560480E-003
   119.0000     -7.773127644178264E-003
   120.0000     -7.542899660650245E-003
   121.0000     -7.482968974057473E-003
   122.0000     -7.318105191805341E-003
   123.0000     -7.098640458091228E-003
   124.0000     -6.884389637263584E-003
   125.0000     -6.675244066297624E-003
   126.0000     -6.471097072587062E-003
   127.0000     -6.271844175728881E-003
   128.0000     -6.077383077804264E-003
   129.0000     -5.887613632982866E-003
   130.0000     -5.702437812633829E-003
   131.0000     -5.521759668920666E-003
   132.0000     -5.345485297715682E-003
   133.0000     -5.173522801156382E-003
   134.0000     -5.005782250019801E-003
   135.0000     -4.842175646025953E-003
   136.0000     -4.682616884162378E-003
   137.0000     -4.527021715096107E-003
   138.0000     -4.375307707742838E-003
   139.0000     -4.227394212041690E-003
   140.0000     -4.083202321990209E-003
   141.0000     -3.942654838977944E-003
   142.0000     -3.805676235462256E-003
   143.0000     -3.672192619017890E-003
   144.0000     -3.542131696790697E-003
   145.0000     -3.415422740387544E-003
   146.0000     -3.291996551219093E-003
   147.0000     -3.171785426324242E-003
   148.0000     -3.054723124688721E-003
   149.0000     -2.940744834077996E-003
   150.0000     -2.829787138397342E-003
   151.0000     -2.721787985589585E-003
   152.0000     -2.616686656083331E-003
   153.0000     -2.514423731797753E-003
   154.0000     -2.414941065712814E-003
   155.0000     -2.318181752011206E-003
   156.0000     -2.224090096793267E-003
   157.0000     -2.132611589373280E-003
   158.0000     -2.043692874157041E-003
   159.0000     -1.957281723103163E-003
   160.0000     -1.873327008771323E-003
   161.0000     -1.791778677955065E-003
   162.0000     -1.712587725905889E-003
   163.0000     -1.635706171142281E-003
   164.0000     -1.561087030849356E-003
   165.0000     -1.488684296868151E-003
   166.0000     -1.418452912275002E-003
   167.0000     -1.350348748552881E-003
   168.0000     -1.284328583357399E-003
   169.0000     -1.220350078878646E-003
   170.0000     -1.158371760803660E-003
   171.0000     -1.098352997885108E-003
   172.0000     -1.040253982121275E-003
   173.0000     -9.840357095571039E-004
   174.0000     -9.296599617164563E-004
   175.0000     -8.770892876794982E-004
   176.0000     -8.262869868210941E-004
   177.0000     -7.772170922319931E-004
   178.0000     -7.298443548473465E-004
   179.0000     -6.841342283138677E-004
   180.0000     -6.400528546333500E-004
   181.0000     -5.975670506283986E-004
   182.0000     -5.566442952868430E-004
   183.0000     -5.172527180526140E-004
   184.0000     -4.793610881459620E-004
   185.0000     -4.429388050156702E-004
   186.0000     -4.079558900464482E-004
   187.0000     -3.743829796756971E-004
   188.0000     -3.421913201080353E-004
   189.0000     -3.113527638630229E-004
   190.0000     -2.818397684489711E-004
   191.0000     -2.536253975324148E-004
   192.0000     -2.266833250695777E-004
   193.0000     -2.009878429979141E-004
   194.0000     -1.765138732571746E-004
   195.0000     -1.532369851436543E-004
   196.0000     -1.311334193202128E-004
   197.0000     -1.101801202490201E-004
   198.0000     -9.035477944029626E-005
   199.0000     -7.163589281276670E-005
   200.0000     -5.400283678717777E-005
   201.0000     -3.743596972814546E-005
   202.0000     -2.191676842882045E-005
   203.0000     -7.428014237050716E-006
