  0.0000000E+00 -7.613161921001978E-002
   1.000000     -7.542922821080794E-002
   2.000000     -7.473094274068152E-002
   3.000000     -7.403674712998452E-002
   4.000000     -7.334663409780037E-002
   5.000000     -7.266059424254763E-002
   6.000000     -7.197861814377865E-002
   7.000000     -7.130069636210820E-002
   8.000000     -7.062681943913773E-002
   9.000000     -6.995697789737622E-002
   10.00000     -6.929116224081469E-002
   11.00000     -6.862936295103277E-002
   12.00000     -6.797157048508461E-002
   13.00000     -6.731777541066988E-002
   14.00000     -6.666796782044623E-002
   15.00000     -6.602213697789004E-002
   16.00000     -6.538028386559720E-002
   17.00000     -6.474238110657153E-002
   18.00000     -6.410834268178892E-002
   19.00000     -6.347859328098146E-002
   20.00000     -6.285273450083367E-002
   21.00000     -6.222829945904189E-002
   22.00000     -6.161409119427295E-002
   23.00000     -6.100727191426570E-002
   24.00000     -6.036957170914526E-002
   25.00000     -5.978816084088116E-002
   26.00000     -5.926070306709642E-002
   27.00000     -5.853295636151089E-002
   28.00000     -5.790799098286736E-002
   29.00000     -5.758077726676533E-002
   30.00000     -5.672542285806455E-002
   31.00000     -5.580821805221713E-002
   32.00000     -5.556657118694878E-002
   33.00000     -5.485146956900972E-002
   34.00000     -5.389645722917946E-002
   35.00000     -5.293481952335595E-002
   36.00000     -5.274957320893754E-002
   37.00000     -5.196569940223317E-002
   38.00000     -5.099824373918394E-002
   39.00000     -5.003203992095583E-002
   40.00000     -4.942449261186008E-002
   41.00000     -4.906850518128825E-002
   42.00000     -4.811026733897256E-002
   43.00000     -4.715794471132290E-002
   44.00000     -4.621284473194547E-002
   45.00000     -4.558253899340072E-002
   46.00000     -4.527578012149307E-002
   47.00000     -4.434802246131314E-002
   48.00000     -4.343003958741028E-002
   49.00000     -4.252254442252771E-002
   50.00000     -4.162611901724719E-002
   51.00000     -4.119465205904813E-002
   52.00000     -4.074115683535031E-002
   53.00000     -3.986822307788012E-002
   54.00000     -3.900757825030823E-002
   55.00000     -3.815952739295592E-002
   56.00000     -3.732431359679301E-002
   57.00000     -3.650214280600002E-002
   58.00000     -3.621977682409418E-002
   59.00000     -3.569310911002923E-002
   60.00000     -3.489740953027867E-002
   61.00000     -3.411508213008278E-002
   62.00000     -3.334618006838981E-002
   63.00000     -3.259072525348534E-002
   64.00000     -3.184871428046045E-002
   65.00000     -3.112012258594783E-002
   66.00000     -3.060945359745723E-002
   67.00000     -3.040488010130019E-002
   68.00000     -2.970297104456399E-002
   69.00000     -2.901427734310525E-002
   70.00000     -2.833871111124044E-002
   71.00000     -2.767616404532697E-002
   72.00000     -2.702651591114222E-002
   73.00000     -2.638963620404184E-002
   74.00000     -2.576538544914360E-002
   75.00000     -2.515361646920893E-002
   76.00000     -2.455417756654482E-002
   77.00000     -2.430878864711343E-002
   78.00000     -2.396689345327109E-002
   79.00000     -2.339162183157232E-002
   80.00000     -2.282818052894599E-002
   81.00000     -2.227639782516631E-002
   82.00000     -2.173609724093987E-002
   83.00000     -2.120710196228631E-002
   84.00000     -2.068923008451216E-002
   85.00000     -2.018230051441557E-002
   86.00000     -1.968613072378776E-002
   87.00000     -1.920053769504645E-002
   88.00000     -1.872533829208608E-002
   89.00000     -1.826034961064957E-002
   90.00000     -1.780538939472114E-002
   91.00000     -1.736027943671234E-002
   92.00000     -1.725678624297044E-002
   93.00000     -1.692482436705197E-002
   94.00000     -1.649886337127639E-002
   95.00000     -1.608221010196222E-002
   96.00000     -1.567468865357439E-002
   97.00000     -1.527612443039249E-002
   98.00000     -1.488634466193187E-002
   99.00000     -1.450517856535342E-002
   100.0000     -1.413245745978770E-002
   101.0000     -1.376801486029013E-002
   102.0000     -1.341168655733913E-002
   103.0000     -1.306331068417179E-002
   104.0000     -1.272272777331562E-002
   105.0000     -1.238978080336779E-002
   106.0000     -1.206431523691279E-002
   107.0000     -1.174617905039139E-002
   108.0000     -1.143522275665896E-002
   109.0000     -1.113129942095204E-002
   110.0000     -1.083426467101710E-002
   111.0000     -1.054397670237337E-002
   112.0000     -1.026029628068484E-002
   113.0000     -9.983086748370930E-003
   114.0000     -9.712214085693373E-003
   115.0000     -9.447548766857772E-003
   116.0000     -9.386063461216815E-003
   117.0000     -9.188952938287538E-003
   118.0000     -8.936311140377524E-003
   119.0000     -8.689494302446019E-003
   120.0000     -8.448381088381189E-003
   121.0000     -8.212852327345511E-003
   122.0000     -7.982791211690231E-003
   123.0000     -7.758083292236172E-003
   124.0000     -7.538616452330754E-003
   125.0000     -7.324280876665687E-003
   126.0000     -7.114969017895462E-003
   127.0000     -6.910575561943039E-003
   128.0000     -6.710997392378442E-003
   129.0000     -6.516133554092755E-003
   130.0000     -6.325885216425030E-003
   131.0000     -6.140155635877055E-003
   132.0000     -5.958850118518919E-003
   133.0000     -5.781875982193079E-003
   134.0000     -5.609142518597434E-003
   135.0000     -5.440560955330719E-003
   136.0000     -5.276044417968588E-003
   137.0000     -5.115507892238461E-003
   138.0000     -4.958868186347949E-003
   139.0000     -4.806043893520536E-003
   140.0000     -4.656955354785964E-003
   141.0000     -4.511524622066691E-003
   142.0000     -4.369675421599003E-003
   143.0000     -4.231333117721504E-003
   144.0000     -4.096424677060911E-003
   145.0000     -3.964878633143652E-003
   146.0000     -3.836625051452250E-003
   147.0000     -3.711595494949495E-003
   148.0000     -3.589722990089047E-003
   149.0000     -3.470941993323464E-003
   150.0000     -3.355188358126069E-003
   151.0000     -3.242399302534970E-003
   152.0000     -3.132513377229320E-003
   153.0000     -3.025470434143542E-003
   154.0000     -2.921211595625773E-003
   155.0000     -2.819679224143004E-003
   156.0000     -2.720816892538605E-003
   157.0000     -2.624569354837887E-003
   158.0000     -2.530882517608514E-003
   159.0000     -2.439703411868404E-003
   160.0000     -2.350980165545779E-003
   161.0000     -2.264661976482737E-003
   162.0000     -2.180699085983495E-003
   163.0000     -2.099042752900736E-003
   164.0000     -2.019645228256989E-003
   165.0000     -1.942459730394903E-003
   166.0000     -1.867440420650471E-003
   167.0000     -1.794542379545742E-003
   168.0000     -1.723721583490921E-003
   169.0000     -1.654934881991609E-003
   170.0000     -1.588139975354371E-003
   171.0000     -1.523295392881474E-003
   172.0000     -1.460360471549658E-003
   173.0000     -1.399295335164065E-003
   174.0000     -1.340060873979926E-003
   175.0000     -1.282618724784759E-003
   176.0000     -1.226931251433484E-003
   177.0000     -1.172961525828745E-003
   178.0000     -1.120673309339238E-003
   179.0000     -1.070031034650114E-003
   180.0000     -1.020999788040091E-003
   181.0000     -9.735452920822687E-004
   182.0000     -9.276338887720765E-004
   183.0000     -8.832325230974102E-004
   184.0000     -8.403087271004453E-004
   185.0000     -7.988306045744435E-004
   186.0000     -7.587668168704526E-004
   187.0000     -7.200865717148432E-004
   188.0000     -6.827596259611607E-004
   189.0000     -6.467564393514446E-004
   190.0000     -6.225648754772267E-004
   191.0000     -6.120450433961466E-004
   192.0000     -5.786022210814279E-004
   193.0000     -5.463955749833796E-004
   194.0000     -5.153981064373950E-004
   195.0000     -4.855824669007926E-004
   196.0000     -4.569216947161177E-004
   197.0000     -4.293892396058704E-004
   198.0000     -4.029589575464321E-004
   199.0000     -3.776051012481186E-004
   200.0000     -3.533023097838083E-004
   201.0000     -3.300255981607623E-004
   202.0000     -3.077503470695825E-004
   203.0000     -2.864522928965841E-004
   204.0000     -2.661075180384705E-004
   205.0000     -2.466924415441897E-004
   206.0000     -2.281838101035051E-004
   207.0000     -2.105586894042690E-004
   208.0000     -1.937944558832422E-004
   209.0000     -1.778687889026290E-004
   210.0000     -1.627596633917870E-004
   211.0000     -1.484453430060186E-004
   212.0000     -1.349043738682543E-004
   213.0000     -1.221155789795385E-004
   214.0000     -1.100580534093883E-004
   215.0000     -9.871116041286462E-005
   216.0000     -8.805452866695048E-005
   217.0000     -7.806805088478747E-005
   218.0000     -6.873188415554110E-005
   219.0000     -6.002645248671504E-005
   220.0000     -5.193245221002454E-005
   221.0000     -4.443086118424874E-005
   222.0000     -3.750295313912819E-005
   223.0000     -3.113031913736092E-005
   224.0000     -2.529489913977139E-005
   225.0000     -1.997902831451610E-005
   226.0000     -1.516550556341236E-005
   227.0000     -1.083769680592343E-005
   228.0000     -6.979695155066524E-006
   229.0000     -3.576579563977929E-006
   230.0000     -6.148565325579725E-007
