  0.0000000E+00 -7.646100602679158E-002
   1.000000     -7.575785433516703E-002
   2.000000     -7.505880693602492E-002
   3.000000     -7.436384790759548E-002
   4.000000     -7.367297004653144E-002
   5.000000     -7.298616394637661E-002
   6.000000     -7.230342018179135E-002
   7.000000     -7.162472930847988E-002
   8.000000     -7.095008186311275E-002
   9.000000     -7.027946836326363E-002
   10.00000     -6.961287930795890E-002
   11.00000     -6.895030517324931E-002
   12.00000     -6.829173641428807E-002
   13.00000     -6.763716359508012E-002
   14.00000     -6.698657671833369E-002
   15.00000     -6.633996537355491E-002
   16.00000     -6.569733082036437E-002
   17.00000     -6.505863966297654E-002
   18.00000     -6.442382181269744E-002
   19.00000     -6.379332248376580E-002
   20.00000     -6.316653562357970E-002
   21.00000     -6.254135609592734E-002
   22.00000     -6.192724114813587E-002
   23.00000     -6.131773396475451E-002
   24.00000     -6.067828772465728E-002
   25.00000     -6.010661615465297E-002
   26.00000     -5.956509771060933E-002
   27.00000     -5.882577495907201E-002
   28.00000     -5.825027441274293E-002
   29.00000     -5.787419080304478E-002
   30.00000     -5.700496963018879E-002
   31.00000     -5.608940272416601E-002
   32.00000     -5.592721767226214E-002
   33.00000     -5.512429234724612E-002
   34.00000     -5.416632245537698E-002
   35.00000     -5.320444394653162E-002
   36.00000     -5.311929648724398E-002
   37.00000     -5.223037958149211E-002
   38.00000     -5.126043162834990E-002
   39.00000     -5.029185663794023E-002
   40.00000     -4.980132164887915E-002
   41.00000     -4.932599322562180E-002
   42.00000     -4.836539986247453E-002
   43.00000     -4.741081462746140E-002
   44.00000     -4.646350279378556E-002
   45.00000     -4.596383920964489E-002
   46.00000     -4.552426542867986E-002
   47.00000     -4.459432646365889E-002
   48.00000     -4.367421925321565E-002
   49.00000     -4.276463141304811E-002
   50.00000     -4.186615564251642E-002
   51.00000     -4.158028889416823E-002
   52.00000     -4.097914745569688E-002
   53.00000     -4.010419787037618E-002
   54.00000     -3.924156815631900E-002
   55.00000     -3.839155792693773E-002
   56.00000     -3.755440966801952E-002
   57.00000     -3.673035405489353E-002
   58.00000     -3.660969222729735E-002
   59.00000     -3.591940686100831E-002
   60.00000     -3.512183943787504E-002
   61.00000     -3.433766788991103E-002
   62.00000     -3.356694331420288E-002
   63.00000     -3.280968702730897E-002
   64.00000     -3.206589526368673E-002
   65.00000     -3.133554511514977E-002
   66.00000     -3.100368575734060E-002
   67.00000     -3.061856429370963E-002
   68.00000     -2.991492761449202E-002
   69.00000     -2.922453029272084E-002
   70.00000     -2.854727909579453E-002
   71.00000     -2.788306516973368E-002
   72.00000     -2.723176788909154E-002
   73.00000     -2.659325639543572E-002
   74.00000     -2.596739089794922E-002
   75.00000     -2.535402408912088E-002
   76.00000     -2.475302525773977E-002
   77.00000     -2.470733019729340E-002
   78.00000     -2.416415422789777E-002
   79.00000     -2.358733141158718E-002
   80.00000     -2.302235523126954E-002
   81.00000     -2.246905282696869E-002
   82.00000     -2.192724789320110E-002
   83.00000     -2.139676169279909E-002
   84.00000     -2.087741364951471E-002
   85.00000     -2.036902184956887E-002
   86.00000     -1.987140349013995E-002
   87.00000     -1.938437528618372E-002
   88.00000     -1.890775384571058E-002
   89.00000     -1.844135604590566E-002
   90.00000     -1.798499975901964E-002
   91.00000     -1.765972661719443E-002
   92.00000     -1.753849516382148E-002
   93.00000     -1.710167822421916E-002
   94.00000     -1.667435643329264E-002
   95.00000     -1.625635437171693E-002
   96.00000     -1.584749555570269E-002
   97.00000     -1.544760511417789E-002
   98.00000     -1.505651003457156E-002
   99.00000     -1.467403930150933E-002
   100.0000     -1.430002400660074E-002
   101.0000     -1.393429744109910E-002
   102.0000     -1.357669517491827E-002
   103.0000     -1.322705512372987E-002
   104.0000     -1.288521760535774E-002
   105.0000     -1.255102538646427E-002
   106.0000     -1.222432372040863E-002
   107.0000     -1.190496037708964E-002
   108.0000     -1.159278566554049E-002
   109.0000     -1.128765245008298E-002
   110.0000     -1.098941616105115E-002
   111.0000     -1.069793480207008E-002
   112.0000     -1.041306896086665E-002
   113.0000     -1.013468187166677E-002
   114.0000     -9.862641051449787E-003
   115.0000     -9.793414203302230E-003
   116.0000     -9.596806620141340E-003
   117.0000     -9.337059804931099E-003
   118.0000     -9.083269028173788E-003
   119.0000     -8.835310339178691E-003
   120.0000     -8.593061962234142E-003
   121.0000     -8.356404513810305E-003
   122.0000     -8.125221000698533E-003
   123.0000     -7.899396795693337E-003
   124.0000     -7.678819607685506E-003
   125.0000     -7.463379449338808E-003
   126.0000     -7.252968603281465E-003
   127.0000     -7.047481587223781E-003
   128.0000     -6.846815118229772E-003
   129.0000     -6.650868076323593E-003
   130.0000     -6.459541467564925E-003
   131.0000     -6.272738386720872E-003
   132.0000     -6.090363979633755E-003
   133.0000     -5.912325405390400E-003
   134.0000     -5.738531798371797E-003
   135.0000     -5.568894230265819E-003
   136.0000     -5.403325672114202E-003
   137.0000     -5.241740956455027E-003
   138.0000     -5.084056739622429E-003
   139.0000     -4.930191464252243E-003
   140.0000     -4.780065322043513E-003
   141.0000     -4.633600216816415E-003
   142.0000     -4.490719727904049E-003
   143.0000     -4.351349073912674E-003
   144.0000     -4.215415076879932E-003
   145.0000     -4.082846126856496E-003
   146.0000     -3.953572146934876E-003
   147.0000     -3.827524558746069E-003
   148.0000     -3.704636248439898E-003
   149.0000     -3.584841533165666E-003
   150.0000     -3.468076128064612E-003
   151.0000     -3.354277113785659E-003
   152.0000     -3.243382904530579E-003
   153.0000     -3.135333216640769E-003
   154.0000     -3.030069037723629E-003
   155.0000     -2.927532596329164E-003
   156.0000     -2.827667332173751E-003
   157.0000     -2.730417866917455E-003
   158.0000     -2.635729975488981E-003
   159.0000     -2.543550557963530E-003
   160.0000     -2.453827611987327E-003
   161.0000     -2.366510205747589E-003
   162.0000     -2.281548451485253E-003
   163.0000     -2.198893479545217E-003
   164.0000     -2.118497412960811E-003
   165.0000     -2.040313342564883E-003
   166.0000     -1.964295302625554E-003
   167.0000     -1.890398246997763E-003
   168.0000     -1.818578025784425E-003
   169.0000     -1.748791362503986E-003
   170.0000     -1.680995831754191E-003
   171.0000     -1.615149837369015E-003
   172.0000     -1.551212591063744E-003
   173.0000     -1.489144091566109E-003
   174.0000     -1.428905104238755E-003
   175.0000     -1.370457141214750E-003
   176.0000     -1.313762442108503E-003
   177.0000     -1.258783955495836E-003
   178.0000     -1.205485321823985E-003
   179.0000     -1.153830860602587E-003
   180.0000     -1.103785580598524E-003
   181.0000     -1.055315570836002E-003
   182.0000     -1.034389571158007E-003
   183.0000     -1.008384001313658E-003
   184.0000     -9.629624590006392E-004
   185.0000     -9.190156570065901E-004
   186.0000     -8.765119013302653E-004
   187.0000     -8.354197594125618E-004
   188.0000     -7.957083085935077E-004
   189.0000     -7.573471437466213E-004
   190.0000     -7.203063674437136E-004
   191.0000     -6.845565772102698E-004
   192.0000     -6.500688522382416E-004
   193.0000     -6.168147401236905E-004
   194.0000     -5.847662437991450E-004
   195.0000     -5.538958087173213E-004
   196.0000     -5.241763103053161E-004
   197.0000     -4.955810416936263E-004
   198.0000     -4.680837017188459E-004
   199.0000     -4.416583831959086E-004
   200.0000     -4.162795614545579E-004
   201.0000     -3.919220831343976E-004
   202.0000     -3.685611552319422E-004
   203.0000     -3.461723343940399E-004
   204.0000     -3.247315164513998E-004
   205.0000     -3.042149261854013E-004
   206.0000     -2.845991073234060E-004
   207.0000     -2.658609127556345E-004
   208.0000     -2.479774949684599E-004
   209.0000     -2.309262966882131E-004
   210.0000     -2.146850417301824E-004
   211.0000     -1.992317260479770E-004
   212.0000     -1.845446089771715E-004
   213.0000     -1.706022046698507E-004
   214.0000     -1.573832737143348E-004
   215.0000     -1.448668149365381E-004
   216.0000     -1.330320573789295E-004
   217.0000     -1.218584524535467E-004
   218.0000     -1.113256662663656E-004
   219.0000     -1.014135721104936E-004
   220.0000     -9.210224312698691E-005
   221.0000     -8.337194513256096E-005
   222.0000     -7.520312961514173E-005
   223.0000     -6.757642689979539E-005
   224.0000     -6.047263948979477E-005
   225.0000     -5.387273559058118E-005
   226.0000     -4.775784282863042E-005
   227.0000     -4.210924218298860E-005
   228.0000     -3.690836215498685E-005
   229.0000     -3.213677321368678E-005
   230.0000     -2.777618257083469E-005
   231.0000     -2.380842936438961E-005
   232.0000     -2.021548036703273E-005
   233.0000     -1.697942639461644E-005
   234.0000     -1.408247968228627E-005
   235.0000     -1.150697264835254E-005
   236.0000     -9.235358724464188E-006
   237.0000     -7.250216387025601E-006
   238.0000     -5.534258369742820E-006
   239.0000     -4.070349692984324E-006
   240.0000     -2.841541625082462E-006
   241.0000     -1.831136683990721E-006
   242.0000     -1.022820446439448E-006
   243.0000     -4.009589898687659E-007
