  0.0000000E+00 -7.641170132755358E-002
   1.000000     -7.570866561948046E-002
   2.000000     -7.500973004465764E-002
   3.000000     -7.431488523491117E-002
   4.000000     -7.362412180332363E-002
   5.000000     -7.293743034416436E-002
   6.000000     -7.225480143281900E-002
   7.000000     -7.157622562572377E-002
   8.000000     -7.090169346028170E-002
   9.000000     -7.023119545480008E-002
   10.00000     -6.956472210904380E-002
   11.00000     -6.890226389988402E-002
   12.00000     -6.824381128272826E-002
   13.00000     -6.758935482231139E-002
   14.00000     -6.693888453462034E-002
   15.00000     -6.629238995713180E-002
   16.00000     -6.564987232386091E-002
   17.00000     -6.501129913284141E-002
   18.00000     -6.437659772375538E-002
   19.00000     -6.374621088847397E-002
   20.00000     -6.311956364185924E-002
   21.00000     -6.249449125954019E-002
   22.00000     -6.188036647402591E-002
   23.00000     -6.127127700996514E-002
   24.00000     -6.063204369343334E-002
   25.00000     -6.005893837634555E-002
   26.00000     -5.951963380519043E-002
   27.00000     -5.878191643810635E-002
   28.00000     -5.819888447597668E-002
   29.00000     -5.783050931084505E-002
   30.00000     -5.696313644042153E-002
   31.00000     -5.604697079655164E-002
   32.00000     -5.587359020738849E-002
   33.00000     -5.508346403720536E-002
   34.00000     -5.412593232763040E-002
   35.00000     -5.316376941921910E-002
   36.00000     -5.306428093425475E-002
   37.00000     -5.219076588935870E-002
   38.00000     -5.122119015250035E-002
   39.00000     -5.025296883079607E-002
   40.00000     -4.974491943362148E-002
   41.00000     -4.928745692475533E-002
   42.00000     -4.832721415286014E-002
   43.00000     -4.737296744848487E-002
   44.00000     -4.642598619120352E-002
   45.00000     -4.590676927471057E-002
   46.00000     -4.548707558741954E-002
   47.00000     -4.455746192495365E-002
   48.00000     -4.363767260883832E-002
   49.00000     -4.272839793208586E-002
   50.00000     -4.183022809601368E-002
   51.00000     -4.152257126312437E-002
   52.00000     -4.094352725755598E-002
   53.00000     -4.006887915983397E-002
   54.00000     -3.920654649347005E-002
   55.00000     -3.835682949909300E-002
   56.00000     -3.751997073422030E-002
   57.00000     -3.669619330709876E-002
   58.00000     -3.655133616105884E-002
   59.00000     -3.588553647885984E-002
   60.00000     -3.508824852752446E-002
   61.00000     -3.430435296970390E-002
   62.00000     -3.353390114947490E-002
   63.00000     -3.277691446836225E-002
   64.00000     -3.203338920988958E-002
   65.00000     -3.130330205235601E-002
   66.00000     -3.094467987366090E-002
   67.00000     -3.058658195394522E-002
   68.00000     -2.988320345646755E-002
   69.00000     -2.919306108672747E-002
   70.00000     -2.851606205565395E-002
   71.00000     -2.785209758592247E-002
   72.00000     -2.720104710984664E-002
   73.00000     -2.656277982152328E-002
   74.00000     -2.593715597622330E-002
   75.00000     -2.532402827422093E-002
   76.00000     -2.472325538145189E-002
   77.00000     -2.464768758755296E-002
   78.00000     -2.413462943062216E-002
   79.00000     -2.355803869459772E-002
   80.00000     -2.299329220658073E-002
   81.00000     -2.244021722501064E-002
   82.00000     -2.189863749655123E-002
   83.00000     -2.136837378732471E-002
   84.00000     -2.084924719009179E-002
   85.00000     -2.034107420723636E-002
   86.00000     -1.984367261887864E-002
   87.00000     -1.935685917983073E-002
   88.00000     -1.888045053590719E-002
   89.00000     -1.841426359436932E-002
   90.00000     -1.795811616538525E-002
   91.00000     -1.759942131791465E-002
   92.00000     -1.751181716217952E-002
   93.00000     -1.707520719908812E-002
   94.00000     -1.664808900161896E-002
   95.00000     -1.623028876207947E-002
   96.00000     -1.582163005873538E-002
   97.00000     -1.542193805978741E-002
   98.00000     -1.503103978848336E-002
   99.00000     -1.464876426408749E-002
   100.0000     -1.427494261215806E-002
   101.0000     -1.390940815736015E-002
   102.0000     -1.355199650253803E-002
   103.0000     -1.320254559584686E-002
   104.0000     -1.286089578716415E-002
   105.0000     -1.252688987478848E-002
   106.0000     -1.220037314330660E-002
   107.0000     -1.188119339343503E-002
   108.0000     -1.156920096460715E-002
   109.0000     -1.126424875108044E-002
   110.0000     -1.096619221252774E-002
   111.0000     -1.067488938083262E-002
   112.0000     -1.039020086868397E-002
   113.0000     -1.011198991446297E-002
   114.0000     -9.840123174007356E-003
   115.0000     -9.732447120404629E-003
   116.0000     -9.574463460947653E-003
   117.0000     -9.314889700590898E-003
   118.0000     -9.061270750075109E-003
   119.0000     -8.813482846827259E-003
   120.0000     -8.571404254137910E-003
   121.0000     -8.334915617598672E-003
   122.0000     -8.103899971106915E-003
   123.0000     -7.878242713810969E-003
   124.0000     -7.657831580515660E-003
   125.0000     -7.442556609465668E-003
   126.0000     -7.232310108579002E-003
   127.0000     -7.026986620585075E-003
   128.0000     -6.826482887309850E-003
   129.0000     -6.630697813289937E-003
   130.0000     -6.439532428855639E-003
   131.0000     -6.252889852807619E-003
   132.0000     -6.070675254791559E-003
   133.0000     -5.892795817470157E-003
   134.0000     -5.719160698579593E-003
   135.0000     -5.549680992945564E-003
   136.0000     -5.384269694534371E-003
   137.0000     -5.222841658600355E-003
   138.0000     -5.065313563988792E-003
   139.0000     -4.911603875647342E-003
   140.0000     -4.761632807389111E-003
   141.0000     -4.615322284956547E-003
   142.0000     -4.472595909415795E-003
   143.0000     -4.333378920921661E-003
   144.0000     -4.197598162879218E-003
   145.0000     -4.065182046528404E-003
   146.0000     -3.936060515978578E-003
   147.0000     -3.810165013706371E-003
   148.0000     -3.687428446541625E-003
   149.0000     -3.567785152151155E-003
   150.0000     -3.451170866034246E-003
   151.0000     -3.337522689042248E-003
   152.0000     -3.226779055428411E-003
   153.0000     -3.118879701436780E-003
   154.0000     -3.013765634433405E-003
   155.0000     -2.911379102585168E-003
   156.0000     -2.811663565089223E-003
   157.0000     -2.714563662952026E-003
   158.0000     -2.620025190319195E-003
   159.0000     -2.527995066356362E-003
   160.0000     -2.438421307677649E-003
   161.0000     -2.351253001319692E-003
   162.0000     -2.266440278257705E-003
   163.0000     -2.183934287459500E-003
   164.0000     -2.103687170473579E-003
   165.0000     -2.025652036544606E-003
   166.0000     -1.949782938252037E-003
   167.0000     -1.876034847664902E-003
   168.0000     -1.804363633007578E-003
   169.0000     -1.734726035828429E-003
   170.0000     -1.667079648665854E-003
   171.0000     -1.601382893205702E-003
   172.0000     -1.537594998922377E-003
   173.0000     -1.475675982200410E-003
   174.0000     -1.415586625934388E-003
   175.0000     -1.357288459610328E-003
   176.0000     -1.300743739888500E-003
   177.0000     -1.245915431746253E-003
   178.0000     -1.192767190357750E-003
   179.0000     -1.141263344309154E-003
   180.0000     -1.091368882678644E-003
   181.0000     -1.043049461909596E-003
   182.0000     -9.962716957224412E-004
   183.0000     -9.727514936261210E-004
   184.0000     -9.509996450344810E-004
   185.0000     -9.072054273029619E-004
   186.0000     -8.648541665782651E-004
   187.0000     -8.239148306441158E-004
   188.0000     -7.843565486122607E-004
   189.0000     -7.461489407520727E-004
   190.0000     -7.092621297949398E-004
   191.0000     -6.736667319265547E-004
   192.0000     -6.393338444921148E-004
   193.0000     -6.062350330743667E-004
   194.0000     -5.743423185671266E-004
   195.0000     -5.436281644300168E-004
   196.0000     -5.140654641855548E-004
   197.0000     -4.856275291793252E-004
   198.0000     -4.582880766089235E-004
   199.0000     -4.320212178209701E-004
   200.0000     -4.068014468728553E-004
   201.0000     -3.826036293536129E-004
   202.0000     -3.594029914599175E-004
   203.0000     -3.371751093200598E-004
   204.0000     -3.158958985616044E-004
   205.0000     -2.955416041165503E-004
   206.0000     -2.760887902589814E-004
   207.0000     -2.575143308696503E-004
   208.0000     -2.397953999234306E-004
   209.0000     -2.229094621942773E-004
   210.0000     -2.068342641742998E-004
   211.0000     -1.915478252026069E-004
   212.0000     -1.770284288014356E-004
   213.0000     -1.632546142165236E-004
   214.0000     -1.502051681603828E-004
   215.0000     -1.378591167576012E-004
   216.0000     -1.261957176926164E-004
   217.0000     -1.151944525620184E-004
   218.0000     -1.048350194353545E-004
   219.0000     -9.509732563058425E-005
   220.0000     -8.596148071409758E-005
   221.0000     -7.740778973908035E-005
   222.0000     -6.941674674161417E-005
   223.0000     -6.196902852195487E-005
   224.0000     -5.504548874850026E-005
   225.0000     -4.862715243650239E-005
   226.0000     -4.269521087427691E-005
   227.0000     -3.723101709843761E-005
   228.0000     -3.221608206230181E-005
   229.0000     -2.763207170467855E-005
   230.0000     -2.346080522169843E-005
   231.0000     -1.968425499298361E-005
   232.0000     -1.628454885075482E-005
   233.0000     -1.324397577206088E-005
   234.0000     -1.054499674446737E-005
   235.0000     -8.170263752505240E-006
   236.0000     -6.102652085200503E-006
   237.0000     -4.325315679611667E-006
   238.0000     -2.821785007789562E-006
   239.0000     -1.576150552172238E-006
   240.0000     -5.734400192954347E-007
