  0.0000000E+00 -7.266020384487765E-002
   1.000000     -7.196588301147348E-002
   2.000000     -7.127567869146516E-002
   3.000000     -7.058958157652077E-002
   4.000000     -6.990758046104453E-002
   5.000000     -6.922967163600215E-002
   6.000000     -6.855584010112101E-002
   7.000000     -6.788607835253543E-002
   8.000000     -6.722037698886792E-002
   9.000000     -6.655872658987425E-002
   10.00000     -6.590111771657033E-002
   11.00000     -6.524754091282117E-002
   12.00000     -6.459798668812838E-002
   13.00000     -6.395244555547172E-002
   14.00000     -6.331090831879362E-002
   15.00000     -6.267336400879912E-002
   16.00000     -6.203980275925683E-002
   17.00000     -6.141023915112741E-002
   18.00000     -6.078459567199253E-002
   19.00000     -6.016279319905056E-002
   20.00000     -5.954570254093512E-002
   21.00000     -5.893184803539136E-002
   22.00000     -5.831836567305040E-002
   23.00000     -5.772128449061197E-002
   24.00000     -5.712630332437881E-002
   25.00000     -5.648726801977116E-002
   26.00000     -5.594630481029440E-002
   27.00000     -5.542678928314974E-002
   28.00000     -5.467352672264351E-002
   29.00000     -5.408072406279795E-002
   30.00000     -5.375219366731648E-002
   31.00000     -5.288842223099231E-002
   32.00000     -5.198102351754690E-002
   33.00000     -5.169554644958595E-002
   34.00000     -5.104674502390726E-002
   35.00000     -5.011256678448888E-002
   36.00000     -4.917330736600552E-002
   37.00000     -4.882096219836725E-002
   38.00000     -4.823056724060092E-002
   39.00000     -4.728992022789168E-002
   40.00000     -4.635170676510651E-002
   41.00000     -4.544809599246537E-002
   42.00000     -4.541527234816231E-002
   43.00000     -4.448906780817045E-002
   44.00000     -4.356747541360031E-002
   45.00000     -4.265370450943417E-002
   46.00000     -4.174875730928313E-002
   47.00000     -4.155747435509730E-002
   48.00000     -4.085303543524514E-002
   49.00000     -3.996767399480464E-002
   50.00000     -3.909304946127154E-002
   51.00000     -3.822967150150570E-002
   52.00000     -3.737799118695316E-002
   53.00000     -3.712431195714622E-002
   54.00000     -3.653824915898658E-002
   55.00000     -3.571090759038537E-002
   56.00000     -3.489613747393878E-002
   57.00000     -3.409414659595831E-002
   58.00000     -3.330509524608646E-002
   59.00000     -3.252910887085742E-002
   60.00000     -3.210429336430519E-002
   61.00000     -3.176623537272964E-002
   62.00000     -3.101659659261942E-002
   63.00000     -3.028017630351255E-002
   64.00000     -2.955698253195632E-002
   65.00000     -2.884699432303020E-002
   66.00000     -2.815016977402347E-002
   67.00000     -2.746644871623987E-002
   68.00000     -2.679575696445308E-002
   69.00000     -2.644865242704174E-002
   70.00000     -2.613798190317001E-002
   71.00000     -2.549305446616967E-002
   72.00000     -2.486083612165721E-002
   73.00000     -2.424120341369384E-002
   74.00000     -2.363402082842620E-002
   75.00000     -2.303914463561873E-002
   76.00000     -2.245642411417696E-002
   77.00000     -2.188570253458335E-002
   78.00000     -2.132681805431642E-002
   79.00000     -2.077960467363253E-002
   80.00000     -2.024389697110206E-002
   81.00000     -2.010237847261611E-002
   82.00000     -1.971950181798952E-002
   83.00000     -1.920627025928897E-002
   84.00000     -1.870401279096951E-002
   85.00000     -1.821255165615189E-002
   86.00000     -1.773170741187009E-002
   87.00000     -1.726129998160804E-002
   88.00000     -1.680114909224545E-002
   89.00000     -1.635107462151271E-002
   90.00000     -1.591089690263343E-002
   91.00000     -1.548043699662543E-002
   92.00000     -1.505951693682614E-002
   93.00000     -1.464795994909876E-002
   94.00000     -1.424559065217752E-002
   95.00000     -1.385223525026779E-002
   96.00000     -1.346772179559216E-002
   97.00000     -1.309188316920125E-002
   98.00000     -1.300431276235328E-002
   99.00000     -1.272453770258394E-002
   100.0000     -1.236553611909488E-002
   101.0000     -1.201470678075726E-002
   102.0000     -1.167188835529146E-002
   103.0000     -1.133692142647530E-002
   104.0000     -1.100964889803498E-002
   105.0000     -1.068991608027767E-002
   106.0000     -1.037757073762421E-002
   107.0000     -1.007246312197924E-002
   108.0000     -9.774445997012163E-003
   109.0000     -9.483374655122914E-003
   110.0000     -9.199106928058871E-003
   111.0000     -8.921503191871981E-003
   112.0000     -8.650426366785011E-003
   113.0000     -8.385741912474404E-003
   114.0000     -8.127317819212165E-003
   115.0000     -7.875024595286131E-003
   116.0000     -7.628735251071588E-003
   117.0000     -7.388325280101218E-003
   118.0000     -7.153672637457583E-003
   119.0000     -6.924657715785677E-003
   120.0000     -6.701163319205287E-003
   121.0000     -6.483074635398589E-003
   122.0000     -6.270279206164135E-003
   123.0000     -6.062666896798120E-003
   124.0000     -5.860129864965972E-003
   125.0000     -5.662562530925201E-003
   126.0000     -5.469861557460365E-003
   127.0000     -5.281925909536193E-003
   128.0000     -5.098665708461413E-003
   129.0000     -5.086968675356796E-003
   130.0000     -4.919954060344730E-003
   131.0000     -4.745728112736439E-003
   132.0000     -4.575883472729996E-003
   133.0000     -4.410329542416461E-003
   134.0000     -4.248977537137212E-003
   135.0000     -4.091740578372506E-003
   136.0000     -3.938533674188228E-003
   137.0000     -3.789273686545881E-003
   138.0000     -3.643879295933282E-003
   139.0000     -3.502270965391122E-003
   140.0000     -3.364370904533866E-003
   141.0000     -3.230103033787652E-003
   142.0000     -3.099392948956740E-003
   143.0000     -2.972167886189148E-003
   144.0000     -2.848356687385128E-003
   145.0000     -2.727889766094182E-003
   146.0000     -2.610699073930551E-003
   147.0000     -2.496718067537607E-003
   148.0000     -2.385881676129843E-003
   149.0000     -2.278126269637789E-003
   150.0000     -2.173389627477274E-003
   151.0000     -2.071610907970119E-003
   152.0000     -1.972730618435478E-003
   153.0000     -1.876690585975376E-003
   154.0000     -1.783433928976908E-003
   155.0000     -1.692905029355958E-003
   156.0000     -1.605049505563530E-003
   157.0000     -1.519814186384888E-003
   158.0000     -1.437147085557693E-003
   159.0000     -1.356997377242168E-003
   160.0000     -1.279315372378989E-003
   161.0000     -1.204052495973466E-003
   162.0000     -1.131161265354831E-003
   163.0000     -1.060595269462734E-003
   164.0000     -9.923091492219449E-004
   165.0000     -9.262585790796635E-004
   166.0000     -8.624002497896120E-004
   167.0000     -8.006918525436400E-004
   168.0000     -7.410920645712765E-004
   169.0000     -6.835605363494843E-004
   170.0000     -6.280578805950626E-004
   171.0000     -5.745456632448933E-004
   172.0000     -5.229863966766718E-004
   173.0000     -4.733435354730670E-004
   174.0000     -4.255814751056130E-004
   175.0000     -3.796655539988380E-004
   176.0000     -3.355620595477176E-004
   177.0000     -2.932382388076570E-004
   178.0000     -2.526623147614981E-004
   179.0000     -2.138035093178095E-004
   180.0000     -1.766320745236805E-004
   181.0000     -1.411193339210340E-004
   182.0000     -1.072377365841731E-004
   183.0000     -7.496092722311364E-005
   184.0000     -4.426383693200240E-005
   185.0000     -1.512280088405677E-005
