  0.0000000E+00 -2.247150623767917E-002
   1.000000     -2.168190376185562E-002
   2.000000     -2.091006557561066E-002
   3.000000     -2.015583290162614E-002
   4.000000     -1.941904572771376E-002
   5.000000     -1.869954278928487E-002
   6.000000     -1.799716155158769E-002
   7.000000     -1.731173819172307E-002
   8.000000     -1.664310758043769E-002
   9.000000     -1.599110326370803E-002
   10.00000     -1.535555744411042E-002
   11.00000     -1.473630096199276E-002
   12.00000     -1.413316327644643E-002
   13.00000     -1.354597244609352E-002
   14.00000     -1.297455510969413E-002
   15.00000     -1.241873646658988E-002
   16.00000     -1.187834025698347E-002
   17.00000     -1.135318874208435E-002
   18.00000     -1.084310268411829E-002
   19.00000     -1.034790132622304E-002
   20.00000     -9.867402372251824E-003
   21.00000     -9.401421966493738E-003
   22.00000     -8.949774673340703E-003
   23.00000     -8.512273456916557E-003
   24.00000     -8.088729660696159E-003
   25.00000     -7.678952987141835E-003
   26.00000     -7.282751477382627E-003
   27.00000     -6.899931490971361E-003
   28.00000     -6.530297685749294E-003
   29.00000     -6.173652997857954E-003
   30.00000     -5.829798621939674E-003
   31.00000     -5.498533991559734E-003
   32.00000     -5.179656759910074E-003
   33.00000     -4.872962780827094E-003
   34.00000     -4.578246090193924E-003
   35.00000     -4.295298887766827E-003
   36.00000     -4.023911519497382E-003
   37.00000     -3.763872460409569E-003
   38.00000     -3.514968298103583E-003
   39.00000     -3.276983716954460E-003
   40.00000     -3.049701483090535E-003
   41.00000     -2.832902430227905E-003
   42.00000     -2.626365446453825E-003
   43.00000     -2.429867462049140E-003
   44.00000     -2.243183438450127E-003
   45.00000     -2.066086358452118E-003
   46.00000     -1.898347217769517E-003
   47.00000     -1.739735018062124E-003
   48.00000     -1.590016761556894E-003
   49.00000     -1.448957447387322E-003
   50.00000     -1.316320069792897E-003
   51.00000     -1.191865618313205E-003
   52.00000     -1.075353080132684E-003
   53.00000     -9.665394447276405E-004
   54.00000     -8.651797109795772E-004
   55.00000     -7.710268969298584E-004
   56.00000     -6.838320523508740E-004
   57.00000     -6.033442743283503E-004
   58.00000     -5.293107260517417E-004
   59.00000     -4.614766590288335E-004
   60.00000     -3.995854389550713E-004
   61.00000     -3.433785754897925E-004
   62.00000     -2.925957562250342E-004
   63.00000     -2.469748851773634E-004
   64.00000     -2.062521262024028E-004
   65.00000     -1.701619518465637E-004
   66.00000     -1.384371983290485E-004
   67.00000     -1.108091276661767E-004
   68.00000     -8.700749849619677E-005
   69.00000     -6.676064819289381E-005
   70.00000     -4.979559083617874E-005
   71.00000     -3.583813970011360E-005
   72.00000     -2.461307196746725E-005
   73.00000     -1.584437532873422E-005
   74.00000     -9.255676152997155E-006
   75.00000     -4.571143182288489E-006
   76.00000     -1.517977450039925E-006
