  0.0000000E+00 -2.104827424062461E-002
   1.000000     -2.027147172291090E-002
   2.000000     -1.951252723124837E-002
   3.000000     -1.877128333928589E-002
   4.000000     -1.804758141104817E-002
   5.000000     -1.734126158398862E-002
   6.000000     -1.665216275186051E-002
   7.000000     -1.598012254738126E-002
   8.000000     -1.532497732471821E-002
   9.000000     -1.468656214179849E-002
   10.00000     -1.406471074244766E-002
   11.00000     -1.345925553838380E-002
   12.00000     -1.287002759105781E-002
   13.00000     -1.229685659337804E-002
   14.00000     -1.173957085132598E-002
   15.00000     -1.119799726547528E-002
   16.00000     -1.067196131245778E-002
   17.00000     -1.016128702637978E-002
   18.00000     -9.665796980233387E-003
   19.00000     -9.185312267324039E-003
   20.00000     -8.719652482767964E-003
   21.00000     -8.268635705079913E-003
   22.00000     -7.832078477921113E-003
   23.00000     -7.409795792047500E-003
   24.00000     -7.001601067530447E-003
   25.00000     -6.607306136314735E-003
   26.00000     -6.226721225201353E-003
   27.00000     -5.859654939347002E-003
   28.00000     -5.505914246389982E-003
   29.00000     -5.165304461327572E-003
   30.00000     -4.837629232292812E-003
   31.00000     -4.522690527400341E-003
   32.00000     -4.220288622859457E-003
   33.00000     -3.930222092595935E-003
   34.00000     -3.652287799652030E-003
   35.00000     -3.386280889706340E-003
   36.00000     -3.131994787106938E-003
   37.00000     -2.889221193899896E-003
   38.00000     -2.657750092438062E-003
   39.00000     -2.437369752291776E-003
   40.00000     -2.227866742342406E-003
   41.00000     -2.029025949174283E-003
   42.00000     -1.840630603152067E-003
   43.00000     -1.662462313962812E-003
   44.00000     -1.494301117907654E-003
   45.00000     -1.335925539913877E-003
   46.00000     -1.187112674189337E-003
   47.00000     -1.047638288764669E-003
   48.00000     -9.172769610370511E-004
   49.00000     -7.958022541413770E-004
   50.00000     -6.829869479550559E-004
   51.00000     -5.786033445493257E-004
   52.00000     -4.824236771769040E-004
   53.00000     -3.942206666385432E-004
   54.00000     -3.137682931373327E-004
   55.00000     -2.408428932058481E-004
   56.00000     -1.752247655360762E-004
   57.00000     -1.167006100156861E-004
   58.00000     -6.506740883672145E-005
   59.00000     -2.013898722432560E-005
