  0.0000000E+00 -2.016494269672166E-002
   1.000000     -1.939619468730208E-002
   2.000000     -1.864536646000602E-002
   3.000000     -1.791230159372232E-002
   4.000000     -1.719684248317370E-002
   5.000000     -1.649883032306298E-002
   6.000000     -1.581810509209790E-002
   7.000000     -1.515450553691775E-002
   8.000000     -1.450786915593162E-002
   9.000000     -1.387803218309400E-002
   10.00000     -1.326482957163722E-002
   11.00000     -1.266809497779078E-002
   12.00000     -1.208766074451303E-002
   13.00000     -1.152335788527372E-002
   14.00000     -1.097501606793149E-002
   15.00000     -1.044246359873616E-002
   16.00000     -9.925527406532754E-003
   17.00000     -9.424033027199226E-003
   18.00000     -8.937804588410602E-003
   19.00000     -8.466664794797442E-003
   20.00000     -8.010434913584418E-003
   21.00000     -7.568934760834811E-003
   22.00000     -7.141982688399129E-003
   23.00000     -6.729395571729349E-003
   24.00000     -6.330988798715422E-003
   25.00000     -5.946576259743221E-003
   26.00000     -5.575970339199007E-003
   27.00000     -5.218981908693297E-003
   28.00000     -4.875420322321768E-003
   29.00000     -4.545093414346994E-003
   30.00000     -4.227807499753886E-003
   31.00000     -3.923367378226287E-003
   32.00000     -3.631576342210978E-003
   33.00000     -3.352236189879030E-003
   34.00000     -3.085147243967875E-003
   35.00000     -2.830108377738998E-003
   36.00000     -2.586917049568177E-003
   37.00000     -2.355369348083048E-003
   38.00000     -2.135260050277363E-003
   39.00000     -1.926382695695194E-003
   40.00000     -1.728529680697744E-003
   41.00000     -1.541492378052075E-003
   42.00000     -1.365061288779353E-003
   43.00000     -1.199026235575744E-003
   44.00000     -1.043176610494418E-003
   45.00000     -8.973016944707705E-004
   46.00000     -7.611910735155829E-004
   47.00000     -6.346351873624180E-004
   48.00000     -5.174260634221629E-004
   49.00000     -4.093583162493422E-004
   50.00000     -3.102305381819393E-004
   51.00000     -2.198472855170538E-004
   52.00000     -1.380220077629599E-004
   53.00000     -6.458154409452844E-005
