  0.0000000E+00 -9.494440388446894E-003
   1.000000     -8.831069851902483E-003
   2.000000     -8.186678944085063E-003
   3.000000     -7.561142366446423E-003
   4.000000     -6.954335532418419E-003
   5.000000     -6.366134744109768E-003
   6.000000     -5.796417396436611E-003
   7.000000     -5.245062213813156E-003
   8.000000     -4.711949525691862E-003
   9.000000     -4.196961588755830E-003
   10.00000     -3.699982965516143E-003
   11.00000     -3.220900971576833E-003
   12.00000     -2.759606207193315E-003
   13.00000     -2.315993193185425E-003
   14.00000     -1.889961137275037E-003
   15.00000     -1.481414865151094E-003
   16.00000     -1.090265961996077E-003
   17.00000     -7.164341863946369E-004
   18.00000     -3.598492418633717E-004
   19.00000     -2.045302557800420E-005
