  0.0000000E+00 -1.747943764815654E-002
   1.000000     -1.673573137882134E-002
   2.000000     -1.601015174581373E-002
   3.000000     -1.530254635261336E-002
   4.000000     -1.461276175965731E-002
   5.000000     -1.394064347711610E-002
   6.000000     -1.328603595835664E-002
   7.000000     -1.264878259421567E-002
   8.000000     -1.202872570819575E-002
   9.000000     -1.142570655275559E-002
   10.00000     -1.083956530685574E-002
   11.00000     -1.027014107496562E-002
   12.00000     -9.717271887765897E-003
   13.00000     -9.180794704816130E-003
   14.00000     -8.660545419509561E-003
   15.00000     -8.156358866682758E-003
   16.00000     -7.668068833313462E-003
   17.00000     -7.195508072834325E-003
   18.00000     -6.738508323658216E-003
   19.00000     -6.296900332650507E-003
   20.00000     -5.870513884411479E-003
   21.00000     -5.459177837412696E-003
   22.00000     -5.062720168246687E-003
   23.00000     -4.680968025515923E-003
   24.00000     -4.313747795228939E-003
   25.00000     -3.960885180007040E-003
   26.00000     -3.622205294937094E-003
   27.00000     -3.297532783632295E-003
   28.00000     -2.986691958968734E-003
   29.00000     -2.689506974174929E-003
   30.00000     -2.405802031557695E-003
   31.00000     -2.135401638297776E-003
   32.00000     -1.878130921690133E-003
   33.00000     -1.633816020249100E-003
   34.00000     -1.402284572808053E-003
   35.00000     -1.183366335866922E-003
   36.00000     -9.768939713143960E-004
   37.00000     -7.827040643225292E-004
   38.00000     -6.006384582166364E-004
   39.00000     -4.305460355774938E-004
   40.00000     -2.722851437996190E-004
   41.00000     -1.257269797378693E-004
