  0.0000000E+00 -1.814266588502085E-002
   1.000000     -1.739269440824888E-002
   2.000000     -1.666079560195739E-002
   3.000000     -1.594681592266304E-002
   4.000000     -1.525060073830209E-002
   5.000000     -1.457199431791986E-002
   6.000000     -1.391083982173790E-002
   7.000000     -1.326697929168008E-002
   8.000000     -1.264025364244280E-002
   9.000000     -1.203050265319826E-002
   10.00000     -1.143756496006264E-002
   11.00000     -1.086127804944060E-002
   12.00000     -1.030147825240737E-002
   13.00000     -9.758000740302714E-003
   14.00000     -9.230679521734196E-003
   15.00000     -8.719347441228459E-003
   16.00000     -8.223836179805223E-003
   17.00000     -7.743976257795144E-003
   18.00000     -7.279597040280960E-003
   19.00000     -6.830526745607096E-003
   20.00000     -6.396592457488578E-003
   21.00000     -5.977620141346373E-003
   22.00000     -5.573434665627089E-003
   23.00000     -5.183859829002771E-003
   24.00000     -4.808718394552914E-003
   25.00000     -4.447832132249811E-003
   26.00000     -4.101021871371215E-003
   27.00000     -3.768107564838230E-003
   28.00000     -3.448908367950137E-003
   29.00000     -3.143242734608923E-003
   30.00000     -2.850928534918385E-003
   31.00000     -2.571783199103387E-003
   32.00000     -2.305623894089088E-003
   33.00000     -2.052267740953536E-003
   34.00000     -1.811532084036323E-003
   35.00000     -1.583234826022768E-003
   36.00000     -1.367194848288768E-003
   37.00000     -1.163232542905916E-003
   38.00000     -9.711704930587431E-004
   39.00000     -7.908343540656244E-004
   40.00000     -6.220540107777173E-004
   41.00000     -4.646651241971956E-004
   42.00000     -3.185112403629526E-004
   43.00000     -1.834467361224962E-004
   44.00000     -5.934105570463097E-005
