  0.0000000E+00 -0.128193772446301     
   1.000000     -0.125725853307433     
   2.000000     -0.123288182295821     
   3.000000     -0.120880613291396     
   4.000000     -0.118502999557546     
   5.000000     -0.116155193736324     
   6.000000     -0.113837047843629     
   7.000000     -0.111548413264363     
   8.000000     -0.109289140747536     
   9.000000     -0.107059080401351     
   10.00000     -0.104858081688251     
   11.00000     -0.102685993419929     
   12.00000     -0.100542663752310     
   13.00000     -9.842794018048709E-002
   14.00000     -9.634166953364384E-002
   15.00000     -9.428369796993200E-002
   16.00000     -9.225387097131790E-002
   17.00000     -9.025203333840157E-002
   18.00000     -8.827802918521041E-002
   19.00000     -8.633170193393927E-002
   20.00000     -8.441289430969337E-002
   21.00000     -8.252144833517958E-002
   22.00000     -8.065720532537626E-002
   23.00000     -7.882000588217644E-002
   24.00000     -7.700968988900739E-002
   25.00000     -7.522609650541887E-002
   26.00000     -7.346906416164681E-002
   27.00000     -7.173843055315918E-002
   28.00000     -7.003403263517174E-002
   29.00000     -6.835570661714782E-002
   30.00000     -6.670328795727609E-002
   31.00000     -6.507661135692561E-002
   32.00000     -6.347551075508912E-002
   33.00000     -6.189981932280056E-002
   34.00000     -6.034936945755232E-002
   35.00000     -5.882399277767966E-002
   36.00000     -5.732352011675027E-002
   37.00000     -5.584778151792499E-002
   38.00000     -5.439660622832657E-002
   39.00000     -5.296982269339232E-002
   40.00000     -5.156725855125222E-002
   41.00000     -5.018874062712939E-002
   42.00000     -4.883409492766871E-002
   43.00000     -4.750314663513965E-002
   44.00000     -4.619572010142234E-002
   45.00000     -4.491163884205773E-002
   46.00000     -4.365072553108550E-002
   47.00000     -4.241280199735442E-002
   48.00000     -4.119768922196789E-002
   49.00000     -4.000520733403338E-002
   50.00000     -3.883517559998469E-002
   51.00000     -3.768741240337425E-002
   52.00000     -3.656173522012675E-002
   53.00000     -3.545796060628968E-002
   54.00000     -3.437590422201210E-002
   55.00000     -3.331538090369682E-002
   56.00000     -3.227620476017948E-002
   57.00000     -3.125818922177173E-002
   58.00000     -3.026114694740431E-002
   59.00000     -2.928488953383807E-002
   60.00000     -2.832922708490032E-002
   61.00000     -2.739396784823159E-002
   62.00000     -2.647891822275768E-002
   63.00000     -2.558388338395476E-002
   64.00000     -2.470866852530594E-002
   65.00000     -2.385308034125043E-002
   66.00000     -2.301692805149790E-002
   67.00000     -2.220002319315946E-002
   68.00000     -2.140217771083297E-002
   69.00000     -2.062320051625510E-002
   70.00000     -1.986289345135363E-002
   71.00000     -1.912104815068325E-002
   72.00000     -1.839744536307291E-002
   73.00000     -1.769185771880914E-002
   74.00000     -1.700405583348281E-002
   75.00000     -1.633381639458522E-002
   76.00000     -1.568092997736651E-002
   77.00000     -1.504520616814417E-002
   78.00000     -1.442647420872342E-002
   79.00000     -1.382457854695621E-002
   80.00000     -1.323936995117829E-002
   81.00000     -1.267069385916048E-002
   82.00000     -1.211837822962441E-002
   83.00000     -1.158222335277883E-002
   84.00000     -1.106199588628362E-002
   85.00000     -1.055742877446168E-002
   86.00000     -1.006822761882922E-002
   87.00000     -9.594082582265261E-003
   88.00000     -9.134683404313526E-003
   89.00000     -8.689734175554346E-003
   90.00000     -8.258964642269112E-003
   91.00000     -7.842135989468124E-003
   92.00000     -7.439040750194673E-003
   93.00000     -7.049497980623424E-003
   94.00000     -6.673345627101708E-003
   95.00000     -6.310432031413257E-003
   96.00000     -5.960608037003111E-003
   97.00000     -5.623720516062055E-003
   98.00000     -5.299607582985766E-003
   99.00000     -4.988095397149152E-003
   100.0000     -4.688996284154477E-003
   101.0000     -4.402107868636784E-003
   102.0000     -4.127212955793813E-003
   103.0000     -3.864079977511320E-003
   104.0000     -3.612463901314708E-003
   105.0000     -3.372107566298290E-003
   106.0000     -3.142743446234274E-003
   107.0000     -2.924095837956445E-003
   108.0000     -2.715883431510261E-003
   109.0000     -2.517822146364545E-003
   110.0000     -2.329628036182376E-003
   111.0000     -2.151020002744951E-003
   112.0000     -1.981722045985684E-003
   113.0000     -1.821464826016068E-003
   114.0000     -1.669986416469756E-003
   115.0000     -1.527032257773312E-003
   116.0000     -1.392354437099049E-003
   117.0000     -1.265710499060624E-003
   118.0000     -1.146862015615719E-003
   119.0000     -1.035573121423754E-003
   120.0000     -9.316091696182690E-004
   121.0000     -8.347356022743255E-004
   122.0000     -7.447170748560150E-004
   123.0000     -6.613168326252978E-004
   124.0000     -5.842963112055250E-004
   125.0000     -5.134149210928378E-004
   126.0000     -4.484299731967473E-004
   127.0000     -3.890967057053892E-004
   128.0000     -3.351683787199656E-004
   129.0000     -2.863964101251903E-004
   130.0000     -2.425305328611012E-004
   131.0000     -2.033189595433960E-004
   132.0000     -1.685085450645918E-004
   133.0000     -1.378449414456757E-004
   134.0000     -1.110727419644025E-004
   135.0000     -8.793561368610385E-005
   136.0000     -6.817641922604524E-005
   137.0000     -5.153733023086677E-005
   138.0000     -3.775993722785797E-005
   139.0000     -2.658536429237836E-005
   140.0000     -1.775440522424097E-005
   141.0000     -1.100771865168863E-005
   142.0000     -6.086180010295029E-006
   143.0000     -2.731703862898728E-006
   144.0000     -6.899109664323722E-007
