  0.0000000E+00 -0.127334310411223     
   1.000000     -0.124870567117987     
   2.000000     -0.122437088156084     
   3.000000     -0.120033727523299     
   4.000000     -0.117660338601810     
   5.000000     -0.115316774153381     
   6.000000     -0.113002886314568     
   7.000000     -0.110718526591855     
   8.000000     -0.108463545856778     
   9.000000     -0.106237794341004     
   10.00000     -0.104041121631377     
   11.00000     -0.101873376664932     
   12.00000     -9.973440772387371E-002
   13.00000     -9.762406243051808E-002
   14.00000     -9.554218774220713E-002
   15.00000     -9.348862994619450E-002
   16.00000     -9.146323465448536E-002
   17.00000     -8.946584679865338E-002
   18.00000     -8.749631062462571E-002
   19.00000     -8.555446968744312E-002
   20.00000     -8.364016684597547E-002
   21.00000     -8.175324425762337E-002
   22.00000     -7.989354337298177E-002
   23.00000     -7.806090493047624E-002
   24.00000     -7.625516895097978E-002
   25.00000     -7.447617473239726E-002
   26.00000     -7.272376084421900E-002
   27.00000     -7.099776512206468E-002
   28.00000     -6.929802466219281E-002
   29.00000     -6.762437581598685E-002
   30.00000     -6.597665418443249E-002
   31.00000     -6.435469461255877E-002
   32.00000     -6.275833118387047E-002
   33.00000     -6.118739721477312E-002
   34.00000     -5.964172524894468E-002
   35.00000     -5.812114705174865E-002
   36.00000     -5.662549360458052E-002
   37.00000     -5.515459509923634E-002
   38.00000     -5.370828093225283E-002
   39.00000     -5.228637969925329E-002
   40.00000     -5.088871918930228E-002
   41.00000     -4.951512637928667E-002
   42.00000     -4.816542742825452E-002
   43.00000     -4.683944767165669E-002
   44.00000     -4.553701161533783E-002
   45.00000     -4.425794292951489E-002
   46.00000     -4.300206444324364E-002
   47.00000     -4.176919814025067E-002
   48.00000     -4.055916515620964E-002
   49.00000     -3.937178577554248E-002
   50.00000     -3.820687942343346E-002
   51.00000     -3.706426464883787E-002
   52.00000     -3.594375909997418E-002
   53.00000     -3.484517950478535E-002
   54.00000     -3.376834167859980E-002
   55.00000     -3.271306057747597E-002
   56.00000     -3.167915038960958E-002
   57.00000     -3.066642461345176E-002
   58.00000     -2.967469603572448E-002
   59.00000     -2.870377653211052E-002
   60.00000     -2.775347669267302E-002
   61.00000     -2.682360540721016E-002
   62.00000     -2.591396966740872E-002
   63.00000     -2.502437486135225E-002
   64.00000     -2.415462568670152E-002
   65.00000     -2.330452750738365E-002
   66.00000     -2.247388764128912E-002
   67.00000     -2.166251587062580E-002
   68.00000     -2.087022356485590E-002
   69.00000     -2.009682123698986E-002
   70.00000     -1.934211500016525E-002
   71.00000     -1.860590301152528E-002
   72.00000     -1.788797330854625E-002
   73.00000     -1.718810426135038E-002
   74.00000     -1.650606816038380E-002
   75.00000     -1.584163742818070E-002
   76.00000     -1.519459195536005E-002
   77.00000     -1.456472550854874E-002
   78.00000     -1.395184927129513E-002
   79.00000     -1.335579130531917E-002
   80.00000     -1.277639176532483E-002
   81.00000     -1.221349470515124E-002
   82.00000     -1.166693802587127E-002
   83.00000     -1.113654346296016E-002
   84.00000     -1.062210853109700E-002
   85.00000     -1.012340208901752E-002
   86.00000     -9.640164646370847E-003
   87.00000     -9.172113688264115E-003
   88.00000     -8.718953216188555E-003
   89.00000     -8.280385653437139E-003
   90.00000     -7.856123625034120E-003
   91.00000     -7.445899204484701E-003
   92.00000     -7.049469030137472E-003
   93.00000     -6.666614897380406E-003
   94.00000     -6.297140543176181E-003
   95.00000     -5.940865994297586E-003
   96.00000     -5.597620962702724E-003
   97.00000     -5.267238486064980E-003
   98.00000     -4.949549559663174E-003
   99.00000     -4.644379076665473E-003
   100.0000     -4.351543083873879E-003
   101.0000     -4.070847185951177E-003
   102.0000     -3.802085865725880E-003
   103.0000     -3.545042491811343E-003
   104.0000     -3.299489822566695E-003
   105.0000     -3.065190863217651E-003
   106.0000     -2.841899976284680E-003
   107.0000     -2.629364177140563E-003
   108.0000     -2.427324564128711E-003
   109.0000     -2.235517836856482E-003
   110.0000     -2.053677850227613E-003
   111.0000     -1.881537140452666E-003
   112.0000     -1.718828348838435E-003
   113.0000     -1.565285465603847E-003
   114.0000     -1.420644823555708E-003
   115.0000     -1.284645791215785E-003
   116.0000     -1.157031144321886E-003
   117.0000     -1.037547127880677E-003
   118.0000     -9.259432514390648E-004
   119.0000     -8.219718822803215E-004
   120.0000     -7.253877118011989E-004
   121.0000     -6.359471694824350E-004
   122.0000     -5.534078492221734E-004
   123.0000     -4.775279982605797E-004
   124.0000     -4.080661034429927E-004
   125.0000     -3.447805963486491E-004
   126.0000     -2.874296901002128E-004
   127.0000     -2.357713579594295E-004
   128.0000     -1.895634686522037E-004
   129.0000     -1.485641084935284E-004
   130.0000     -1.125321520656234E-004
   131.0000     -8.122820633092586E-005
   132.0000     -5.441618463333288E-005
   133.0000     -3.186606701524456E-005
   134.0000     -1.335917938535663E-005
