  0.0000000E+00 -0.124540453118507     
   1.000000     -0.122090334657135     
   2.000000     -0.119670534054851     
   3.000000     -0.117280905712866     
   4.000000     -0.114921303420389     
   5.000000     -0.112591580349871     
   6.000000     -0.110291589052213     
   7.000000     -0.108021181451959     
   8.000000     -0.105780208842425     
   9.000000     -0.103568521880813     
   10.00000     -0.101385970583303     
   11.00000     -9.923240432006142E-002
   12.00000     -9.710767181027896E-002
   13.00000     -9.501162111712574E-002
   14.00000     -9.294409964271083E-002
   15.00000     -9.090495412296618E-002
   16.00000     -8.889403062254925E-002
   17.00000     -8.691117452967806E-002
   18.00000     -8.495623055093604E-002
   19.00000     -8.302904270608186E-002
   20.00000     -8.112945432277624E-002
   21.00000     -7.925730803132974E-002
   22.00000     -7.741244575939121E-002
   23.00000     -7.559470872662433E-002
   24.00000     -7.380393743934299E-002
   25.00000     -7.203997168513721E-002
   26.00000     -7.030265052747292E-002
   27.00000     -6.859181230025282E-002
   28.00000     -6.690729460237443E-002
   29.00000     -6.524893429224193E-002
   30.00000     -6.361656748229824E-002
   31.00000     -6.201002953349422E-002
   32.00000     -6.042915504977217E-002
   33.00000     -5.887377787251200E-002
   34.00000     -5.734373107498830E-002
   35.00000     -5.583884695678751E-002
   36.00000     -5.435895703823468E-002
   37.00000     -5.290389205480237E-002
   38.00000     -5.147348195151221E-002
   39.00000     -5.006755587732400E-002
   40.00000     -4.868594217955348E-002
   41.00000     -4.732846839827216E-002
   42.00000     -4.599496126078522E-002
   43.00000     -4.468524667603115E-002
   44.00000     -4.339914972888152E-002
   45.00000     -4.213649467419917E-002
   46.00000     -4.089710493086875E-002
   47.00000     -3.968080307636971E-002
   48.00000     -3.848741084271313E-002
   49.00000     -3.731674911390625E-002
   50.00000     -3.616863792321724E-002
   51.00000     -3.504289644628071E-002
   52.00000     -3.393934298580575E-002
   53.00000     -3.285779494818835E-002
   54.00000     -3.179806882149035E-002
   55.00000     -3.075998017370053E-002
   56.00000     -2.974334369015399E-002
   57.00000     -2.874797325147288E-002
   58.00000     -2.777368201965069E-002
   59.00000     -2.682028246594356E-002
   60.00000     -2.588758626707394E-002
   61.00000     -2.497540403838048E-002
   62.00000     -2.408354496303656E-002
   63.00000     -2.321181648043845E-002
   64.00000     -2.236002425436027E-002
   65.00000     -2.152797259666833E-002
   66.00000     -2.071546535924093E-002
   67.00000     -1.992230707158025E-002
   68.00000     -1.914830389317909E-002
   69.00000     -1.839326387903269E-002
   70.00000     -1.765699619115693E-002
   71.00000     -1.693930921375118E-002
   72.00000     -1.624000794487574E-002
   73.00000     -1.555889139350287E-002
   74.00000     -1.489575086433760E-002
   75.00000     -1.425036987955575E-002
   76.00000     -1.362252607785712E-002
   77.00000     -1.301199485929932E-002
   78.00000     -1.241855399412241E-002
   79.00000     -1.184198807685393E-002
   80.00000     -1.128209170248511E-002
   81.00000     -1.073867056248097E-002
   82.00000     -1.021154017877230E-002
   83.00000     -9.700522534049089E-003
   84.00000     -9.205441265948015E-003
   85.00000     -8.726116300921016E-003
   86.00000     -8.262358820526254E-003
   87.00000     -7.813967331418406E-003
   88.00000     -7.380725404886263E-003
   89.00000     -6.962401396121137E-003
   90.00000     -6.558750164149486E-003
   91.00000     -6.169516509729316E-003
   92.00000     -5.794439770003169E-003
   93.00000     -5.433258816096748E-003
   94.00000     -5.085716652939158E-003
   95.00000     -4.751563945039167E-003
   96.00000     -4.430561057348648E-003
   97.00000     -4.122478527146443E-003
   98.00000     -3.827096176337798E-003
   99.00000     -3.544201263247619E-003
   100.0000     -3.273586135486561E-003
   101.0000     -3.015045801142200E-003
   102.0000     -2.768375728382429E-003
   103.0000     -2.533370058619897E-003
   104.0000     -2.309820307778149E-003
   105.0000     -2.097514549411094E-003
   106.0000     -1.896237024623660E-003
   107.0000     -1.705768101628398E-003
   108.0000     -1.525884504337713E-003
   109.0000     -1.356359737253877E-003
   110.0000     -1.196964647410894E-003
   111.0000     -1.047468079760931E-003
   112.0000     -9.076375983567975E-004
   113.0000     -7.772402615678828E-004
   114.0000     -6.560434559716405E-004
   115.0000     -5.438158120659541E-004
   116.0000     -4.403282483521423E-004
   117.0000     -3.453552235443302E-004
   118.0000     -2.586763286426304E-004
   119.0000     -1.800784389052921E-004
   120.0000     -1.093588071907454E-004
   121.0000     -4.632979840741839E-005
