  0.0000000E+00 -0.110884318550754     
   1.000000     -0.108501950709497     
   2.000000     -0.106150182581112     
   3.000000     -0.103828871044516     
   4.000000     -0.101537872400152     
   5.000000     -9.927704236598026E-002
   6.000000     -9.704623607347576E-002
   7.000000     -9.484530806362032E-002
   8.000000     -9.267411228287706E-002
   9.000000     -9.053250207918631E-002
   10.00000     -8.842033019794002E-002
   11.00000     -8.633744877798957E-002
   12.00000     -8.428370934763388E-002
   13.00000     -8.225896282064407E-002
   14.00000     -8.026305949226678E-002
   15.00000     -7.829584903527789E-002
   16.00000     -7.635718049605136E-002
   17.00000     -7.444690229062109E-002
   18.00000     -7.256486220081645E-002
   19.00000     -7.071090737040184E-002
   20.00000     -6.888488430125914E-002
   21.00000     -6.708663884961638E-002
   22.00000     -6.531601622233441E-002
   23.00000     -6.357286097322171E-002
   24.00000     -6.185701699944612E-002
   25.00000     -6.016832753798287E-002
   26.00000     -5.850663516216187E-002
   27.00000     -5.687178177828267E-002
   28.00000     -5.526360862234497E-002
   29.00000     -5.368195625685770E-002
   30.00000     -5.212666456777731E-002
   31.00000     -5.059757276157309E-002
   32.00000     -4.909451936241710E-002
   33.00000     -4.761734220954033E-002
   34.00000     -4.616587845475299E-002
   35.00000     -4.473996456013139E-002
   36.00000     -4.333943629593158E-002
   37.00000     -4.196412873870090E-002
   38.00000     -4.061387626963284E-002
   39.00000     -3.928851257319786E-002
   40.00000     -3.798787063603888E-002
   41.00000     -3.671178274620839E-002
   42.00000     -3.546008049272534E-002
   43.00000     -3.423259476550862E-002
   44.00000     -3.302915575573527E-002
   45.00000     -3.184959295666501E-002
   46.00000     -3.069373516499747E-002
   47.00000     -2.956141048279938E-002
   48.00000     -2.845244631999951E-002
   49.00000     -2.736666939742395E-002
   50.00000     -2.630390575031319E-002
   51.00000     -2.526398073245484E-002
   52.00000     -2.424671902132399E-002
   53.00000     -2.325194462481100E-002
   54.00000     -2.227948089018512E-002
   55.00000     -2.132915051539757E-002
   56.00000     -2.040077556190929E-002
   57.00000     -1.949417746728561E-002
   58.00000     -1.860917705549233E-002
   59.00000     -1.774559454388713E-002
   60.00000     -1.690324954838208E-002
   61.00000     -1.608196109139405E-002
   62.00000     -1.528154761941721E-002
   63.00000     -1.450182703676075E-002
   64.00000     -1.374261675837189E-002
   65.00000     -1.300373377830020E-002
   66.00000     -1.228499474367668E-002
   67.00000     -1.158621601981699E-002
   68.00000     -1.090721373292265E-002
   69.00000     -1.024780378338302E-002
   70.00000     -9.607801833452128E-003
   71.00000     -8.987023284683072E-003
   72.00000     -8.385283268915647E-003
   73.00000     -7.802396678839130E-003
   74.00000     -7.238178259021660E-003
   75.00000     -6.692442767296602E-003
   76.00000     -6.165005202796467E-003
   77.00000     -5.655681084748701E-003
   78.00000     -5.164286758996510E-003
   79.00000     -4.690639708936614E-003
   80.00000     -4.234558854161631E-003
   81.00000     -3.795864831741372E-003
   82.00000     -3.374380269005836E-003
   83.00000     -2.969930070012610E-003
   84.00000     -2.582341748617889E-003
   85.00000     -2.211445848317100E-003
   86.00000     -1.857076493410763E-003
   87.00000     -1.519072119226007E-003
   88.00000     -1.197276433705021E-003
   89.00000     -8.915396718861384E-004
   90.00000     -6.017202225669932E-004
   91.00000     -3.276867379550534E-004
   92.00000     -6.932089009187303E-005
