  0.0000000E+00 -0.106894890376272     
   1.000000     -0.104532693874060     
   2.000000     -0.102201186342808     
   3.000000     -9.990022556860503E-002
   4.000000     -9.762966877504706E-002
   5.000000     -9.538937261973959E-002
   6.000000     -9.317919319077969E-002
   7.000000     -9.099898600328335E-002
   8.000000     -8.884860599590907E-002
   9.000000     -8.672790752743212E-002
   10.00000     -8.463674437333349E-002
   11.00000     -8.257496972243880E-002
   12.00000     -8.054243617356607E-002
   13.00000     -7.853899573227160E-002
   14.00000     -7.656449980758320E-002
   15.00000     -7.461879920883610E-002
   16.00000     -7.270174414254890E-002
   17.00000     -7.081318420937502E-002
   18.00000     -6.895296840112000E-002
   19.00000     -6.712094509786889E-002
   20.00000     -6.531696206516169E-002
   21.00000     -6.354086645132057E-002
   22.00000     -6.179250478484444E-002
   23.00000     -6.007172297195681E-002
   24.00000     -5.837836629426310E-002
   25.00000     -5.671227940657905E-002
   26.00000     -5.507330633489327E-002
   27.00000     -5.346129047451673E-002
   28.00000     -5.187607458843205E-002
   29.00000     -5.031750080583008E-002
   30.00000     -4.878541062088693E-002
   31.00000     -4.727964489178264E-002
   32.00000     -4.580004384000206E-002
   33.00000     -4.434644704990682E-002
   34.00000     -4.291869346865972E-002
   35.00000     -4.151662140646761E-002
   36.00000     -4.014006853723900E-002
   37.00000     -3.878887189963887E-002
   38.00000     -3.746286789860494E-002
   39.00000     -3.616189230737919E-002
   40.00000     -3.488578027006498E-002
   41.00000     -3.363436630480156E-002
   42.00000     -3.240748430759066E-002
   43.00000     -3.120496755683468E-002
   44.00000     -3.002664871866669E-002
   45.00000     -2.887235985314696E-002
   46.00000     -2.774193242142146E-002
   47.00000     -2.663519729395464E-002
   48.00000     -2.555198475995802E-002
   49.00000     -2.449212453812024E-002
   50.00000     -2.345544578868908E-002
   51.00000     -2.244177712698553E-002
   52.00000     -2.145094663843959E-002
   53.00000     -2.048278189540900E-002
   54.00000     -1.953710997624110E-002
   55.00000     -1.861375748726831E-002
   56.00000     -1.771255058836054E-002
   57.00000     -1.683331502240357E-002
   58.00000     -1.597587614847033E-002
   59.00000     -1.514005897787546E-002
   60.00000     -1.432568821209568E-002
   61.00000     -1.353258828209319E-002
   62.00000     -1.276058338988486E-002
   63.00000     -1.200949755500132E-002
   64.00000     -1.127915467000500E-002
   65.00000     -1.056937856981284E-002
   66.00000     -9.879993118611244E-003
   67.00000     -9.210822315905257E-003
   68.00000     -8.561690420374374E-003
   69.00000     -7.932422087820338E-003
   70.00000     -7.322842518747240E-003
   71.00000     -6.732777612541510E-003
   72.00000     -6.162054128744047E-003
   73.00000     -5.610499860735568E-003
   74.00000     -5.077943832058599E-003
   75.00000     -4.564216529511496E-003
   76.00000     -4.069150189331090E-003
   77.00000     -3.592579153222054E-003
   78.00000     -3.134340310386146E-003
   79.00000     -2.694273641157531E-003
   80.00000     -2.272222878746809E-003
   81.00000     -1.868036309254404E-003
   82.00000     -1.481567737714946E-003
   83.00000     -1.112677660600261E-003
   84.00000     -7.612347042568747E-004
   85.00000     -4.271174163332832E-004
   86.00000     -1.102165371011039E-004
