  0.0000000E+00 -0.108215710433222     
   1.000000     -0.105846815882332     
   2.000000     -0.103508580379009     
   3.000000     -0.101200861398690     
   4.000000     -9.892351584867681E-002
   5.000000     -9.667640006442402E-002
   6.000000     -9.445936980586339E-002
   7.000000     -9.227228025371886E-002
   8.000000     -9.011498600584389E-002
   9.000000     -8.798734107357087E-002
   10.00000     -8.588919887808444E-002
   11.00000     -8.382041224681558E-002
   12.00000     -8.178083340986919E-002
   13.00000     -7.977031399647691E-002
   14.00000     -7.778870503148022E-002
   15.00000     -7.583585693187500E-002
   16.00000     -7.391161950337904E-002
   17.00000     -7.201584193707233E-002
   18.00000     -7.014837280607128E-002
   19.00000     -6.830906006229520E-002
   20.00000     -6.649775103328803E-002
   21.00000     -6.471429241911092E-002
   22.00000     -6.295853028935258E-002
   23.00000     -6.123031008019722E-002
   24.00000     -5.952947659163518E-002
   25.00000     -5.785587398476322E-002
   26.00000     -5.620934577923176E-002
   27.00000     -5.458973485081506E-002
   28.00000     -5.299688342915199E-002
   29.00000     -5.143063309564305E-002
   30.00000     -4.989082478153645E-002
   31.00000     -4.837729876621733E-002
   32.00000     -4.688989467570622E-002
   33.00000     -4.542845148141377E-002
   34.00000     -4.399280749914713E-002
   35.00000     -4.258280038839836E-002
   36.00000     -4.119826715195937E-002
   37.00000     -3.983904413587291E-002
   38.00000     -3.850496702974831E-002
   39.00000     -3.719587086750165E-002
   40.00000     -3.591159002853709E-002
   41.00000     -3.465195823941319E-002
   42.00000     -3.341680857604721E-002
   43.00000     -3.220597346650688E-002
   44.00000     -3.101928469443413E-002
   45.00000     -2.985657340318193E-002
   46.00000     -2.871767010075081E-002
   47.00000     -2.760240466559717E-002
   48.00000     -2.651060635342278E-002
   49.00000     -2.544210380498208E-002
   50.00000     -2.439672505490917E-002
   51.00000     -2.337429754162925E-002
   52.00000     -2.237464811844420E-002
   53.00000     -2.139760306617399E-002
   54.00000     -2.044298810793759E-002
   55.00000     -1.951062842670346E-002
   56.00000     -1.860034868605827E-002
   57.00000     -1.771197305396247E-002
   58.00000     -1.684532522856541E-002
   59.00000     -1.600022846467202E-002
   60.00000     -1.517650559982029E-002
   61.00000     -1.437397908024587E-002
   62.00000     -1.359247098914220E-002
   63.00000     -1.283180308157868E-002
   64.00000     -1.209179683139631E-002
   65.00000     -1.137227349442979E-002
   66.00000     -1.067305418955003E-002
   67.00000     -9.993959995042719E-003
   68.00000     -9.334812054302633E-003
   69.00000     -8.695431683178113E-003
   70.00000     -8.075640472700003E-003
   71.00000     -7.475260385189358E-003
   72.00000     -6.894113847943598E-003
   73.00000     -6.332023854959585E-003
   74.00000     -5.788814091755353E-003
   75.00000     -5.264309100025956E-003
   76.00000     -4.758334497451278E-003
   77.00000     -4.270717264195397E-003
   78.00000     -3.801286103113375E-003
   79.00000     -3.349871877116761E-003
   80.00000     -2.916308126164880E-003
   81.00000     -2.500431668924254E-003
   82.00000     -2.102083300634826E-003
   83.00000     -1.721108609106127E-003
   84.00000     -1.357358944830060E-003
   85.00000     -1.010692599191476E-003
   86.00000     -6.809762678186295E-004
   87.00000     -3.680869070323056E-004
   88.00000     -7.191413538471123E-005
