  0.0000000E+00 -1.664669541655273E-002
   1.000000     -1.613658727734837E-002
   2.000000     -1.563592600249221E-002
   3.000000     -1.514464702955717E-002
   4.000000     -1.466268541419435E-002
   5.000000     -1.418997582620459E-002
   6.000000     -1.372645254559570E-002
   7.000000     -1.327204945862554E-002
   8.000000     -1.282670005384085E-002
   9.000000     -1.239033741810381E-002
   10.00000     -1.196289423262761E-002
   11.00000     -1.154430276900601E-002
   12.00000     -1.113449488526511E-002
   13.00000     -1.073340202191649E-002
   14.00000     -1.034095519804494E-002
   15.00000     -9.957085007422321E-003
   16.00000     -9.581721614657297E-003
   17.00000     -9.214794751394926E-003
   18.00000     -8.856233712575219E-003
   19.00000     -8.505967352759160E-003
   20.00000     -8.163924082538862E-003
   21.00000     -7.830031865043300E-003
   22.00000     -7.504218212557115E-003
   23.00000     -7.186410183274282E-003
   24.00000     -6.876534378197428E-003
   25.00000     -6.574516938216797E-003
   26.00000     -6.280283541387540E-003
   27.00000     -5.993759400439844E-003
   28.00000     -5.714869260547335E-003
   29.00000     -5.443537397400927E-003
   30.00000     -5.179687615624582E-003
   31.00000     -4.923243247584986E-003
   32.00000     -4.674127152647314E-003
   33.00000     -4.432261716947043E-003
   34.00000     -4.197568853745177E-003
   35.00000     -3.969970004458086E-003
   36.00000     -3.749386140455137E-003
   37.00000     -3.535737765742498E-003
   38.00000     -3.328944920663389E-003
   39.00000     -3.128927186775932E-003
   40.00000     -2.935603693085137E-003
   41.00000     -2.748893123853251E-003
   42.00000     -2.568713728240688E-003
   43.00000     -2.394983332087315E-003
   44.00000     -2.227619352199338E-003
   45.00000     -2.066538813587520E-003
   46.00000     -1.911658370191235E-003
   47.00000     -1.762894329743966E-003
   48.00000     -1.620162683586266E-003
   49.00000     -1.483379142418038E-003
   50.00000     -1.352459179232817E-003
   51.00000     -1.227318080989965E-003
   52.00000     -1.107871011001812E-003
   53.00000     -9.940330845662248E-004
   54.00000     -8.857194611150245E-004
   55.00000     -7.828454571663769E-004
   56.00000     -6.853266857571651E-004
   57.00000     -5.930792299870935E-004
   58.00000     -5.060198610924512E-004
   59.00000     -4.240663155084457E-004
   60.00000     -3.471376513878838E-004
   61.00000     -2.751547141822938E-004
   62.00000     -2.080407551827370E-004
   63.00000     -1.457222700054591E-004
   64.00000     -8.813016270073143E-005
   65.00000     -3.520140892577732E-005
