  0.0000000E+00 -1.858484569760113E-002
   1.000000     -1.806084220054609E-002
   2.000000     -1.754620257691085E-002
   3.000000     -1.704086123235092E-002
   4.000000     -1.654475217138401E-002
   5.000000     -1.605780899287639E-002
   6.000000     -1.557996488548826E-002
   7.000000     -1.511115262306639E-002
   8.000000     -1.465130455999745E-002
   9.000000     -1.420035262650358E-002
   10.00000     -1.375822832390721E-002
   11.00000     -1.332486271983910E-002
   12.00000     -1.290018644341077E-002
   13.00000     -1.248412968033731E-002
   14.00000     -1.207662216802839E-002
   15.00000     -1.167759319062842E-002
   16.00000     -1.128697157402599E-002
   17.00000     -1.090468568081926E-002
   18.00000     -1.053066340525432E-002
   19.00000     -1.016483216812052E-002
   20.00000     -9.807118911618931E-003
   21.00000     -9.457450094199828E-003
   22.00000     -9.115751685375447E-003
   23.00000     -8.781949160502917E-003
   24.00000     -8.455967495548023E-003
   25.00000     -8.137731161831712E-003
   26.00000     -7.827164120755657E-003
   27.00000     -7.524189818521344E-003
   28.00000     -7.228731180835186E-003
   29.00000     -6.940710607613831E-003
   30.00000     -6.660049967683979E-003
   31.00000     -6.386670593492379E-003
   32.00000     -6.120493275820277E-003
   33.00000     -5.861438258515994E-003
   34.00000     -5.609425233246140E-003
   35.00000     -5.364373334274052E-003
   36.00000     -5.126201133271909E-003
   37.00000     -4.894826634174243E-003
   38.00000     -4.670167268076858E-003
   39.00000     -4.452139888195543E-003
   40.00000     -4.240660764886247E-003
   41.00000     -4.035645580743669E-003
   42.00000     -3.837009425780889E-003
   43.00000     -3.644666792706281E-003
   44.00000     -3.458531572307439E-003
   45.00000     -3.278517048954425E-003
   46.00000     -3.104535896235724E-003
   47.00000     -2.936500172743040E-003
   48.00000     -2.774321318018312E-003
   49.00000     -2.617910148682651E-003
   50.00000     -2.467176854762845E-003
   51.00000     -2.322030996238930E-003
   52.00000     -2.182381499832024E-003
   53.00000     -2.048136656058362E-003
   54.00000     -1.919204116575515E-003
   55.00000     -1.795490891851494E-003
   56.00000     -1.676903349187316E-003
   57.00000     -1.563347211133597E-003
   58.00000     -1.454727554339148E-003
   59.00000     -1.350948808880761E-003
   60.00000     -1.251914758128548E-003
   61.00000     -1.157528539208652E-003
   62.00000     -1.067692644135849E-003
   63.00000     -9.823089217025093E-004
   64.00000     -9.012785802255090E-004
   65.00000     -8.245021912730224E-004
   66.00000     -7.518796945197544E-004
   67.00000     -6.833104039138336E-004
   68.00000     -6.186930153813235E-004
   69.00000     -5.579256163551599E-004
   70.00000     -5.009056974933140E-004
   71.00000     -4.475301670568865E-004
   72.00000     -3.976953685680700E-004
   73.00000     -3.512971025715549E-004
   74.00000     -3.082306536121663E-004
   75.00000     -2.683908239622128E-004
   76.00000     -2.316719762429205E-004
   77.00000     -1.979680880065239E-004
   78.00000     -1.671728227567296E-004
   79.00000     -1.391796241112662E-004
   80.00000     -1.138818434290999E-004
   81.00000     -9.117291731466267E-005
   82.00000     -7.094662209848044E-005
   83.00000     -5.309745209121717E-005
   84.00000     -3.752120695063436E-005
   85.00000     -2.411595475220905E-005
   86.00000     -1.278372585293486E-005
   87.00000     -3.433790220151051E-006
