  0.0000000E+00 -1.867662458902229E-002
   1.000000     -1.815197246884325E-002
   2.000000     -1.763668053046838E-002
   3.000000     -1.713068313934769E-002
   4.000000     -1.663391425927439E-002
   5.000000     -1.614630744787419E-002
   6.000000     -1.566779585203535E-002
   7.000000     -1.519831220330588E-002
   8.000000     -1.473778881323203E-002
   9.000000     -1.428615756865668E-002
   10.00000     -1.384334992697355E-002
   11.00000     -1.340929691133040E-002
   12.00000     -1.298392910579814E-002
   13.00000     -1.256717665048766E-002
   14.00000     -1.215896923663276E-002
   15.00000     -1.175923610162741E-002
   16.00000     -1.136790602402723E-002
   17.00000     -1.098490731851286E-002
   18.00000     -1.061016783081774E-002
   19.00000     -1.024361493261921E-002
   20.00000     -9.885175516401870E-003
   21.00000     -9.534775990287556E-003
   22.00000     -9.192342272839984E-003
   23.00000     -8.857799787842423E-003
   24.00000     -8.531073459053439E-003
   25.00000     -8.212087704942731E-003
   26.00000     -7.900766433413555E-003
   27.00000     -7.597033036506629E-003
   28.00000     -7.300810385098200E-003
   29.00000     -7.012020823594040E-003
   30.00000     -6.730586164617205E-003
   31.00000     -6.456427683703876E-003
   32.00000     -6.189466114003336E-003
   33.00000     -5.929621640995585E-003
   34.00000     -5.676813897220675E-003
   35.00000     -5.430961957041219E-003
   36.00000     -5.191984331427402E-003
   37.00000     -4.959798962785959E-003
   38.00000     -4.734323219829685E-003
   39.00000     -4.515473892501747E-003
   40.00000     -4.303167186958159E-003
   41.00000     -4.097318720622296E-003
   42.00000     -3.897843517315237E-003
   43.00000     -3.704656002476377E-003
   44.00000     -3.517669998481321E-003
   45.00000     -3.336798720070470E-003
   46.00000     -3.161954769901189E-003
   47.00000     -2.993050134232430E-003
   48.00000     -2.829996178759646E-003
   49.00000     -2.672703644613096E-003
   50.00000     -2.521082644534650E-003
   51.00000     -2.375042659251267E-003
   52.00000     -2.234492534061166E-003
   53.00000     -2.099340475656716E-003
   54.00000     -1.969494049198727E-003
   55.00000     -1.844860175671678E-003
   56.00000     -1.725345129540402E-003
   57.00000     -1.610854536737570E-003
   58.00000     -1.501293373011707E-003
   59.00000     -1.396565962668623E-003
   60.00000     -1.296575977744613E-003
   61.00000     -1.201226437651449E-003
   62.00000     -1.110419709340546E-003
   63.00000     -1.024057508040569E-003
   64.00000     -9.420408986300068E-004
   65.00000     -8.642702977159912E-004
   66.00000     -7.906454765045207E-004
   67.00000     -7.210655645633533E-004
   68.00000     -6.554290545995104E-004
   69.00000     -5.936338083991082E-004
   70.00000     -5.355770641174216E-004
   71.00000     -4.811554451499999E-004
   72.00000     -4.302649708830302E-004
   73.00000     -3.828010697095772E-004
   74.00000     -3.386585948201621E-004
   75.00000     -2.977318434480542E-004
   76.00000     -2.599145804995449E-004
   77.00000     -2.251000678558746E-004
   78.00000     -1.931811011731281E-004
   79.00000     -1.640500568167976E-004
   80.00000     -1.375989528402252E-004
   81.00000     -1.137195299473792E-004
   82.00000     -9.230336175129339E-005
   83.00000     -7.324200943105006E-005
   84.00000     -5.642724630549126E-005
   85.00000     -4.175139759264389E-005
   86.00000     -2.910788061044186E-005
   87.00000     -1.839211859111187E-005
   88.00000     -9.503216605914236E-006
   89.00000     -2.347400387581335E-006
