  0.0000000E+00 -1.645875019519377E-002
   1.000000     -1.595001032708569E-002
   2.000000     -1.545072591644021E-002
   3.000000     -1.496083252157411E-002
   4.000000     -1.448026532174293E-002
   5.000000     -1.400895911333226E-002
   6.000000     -1.354684830603375E-002
   7.000000     -1.309386691902714E-002
   8.000000     -1.264994857715609E-002
   9.000000     -1.221502650710895E-002
   10.00000     -1.178903353361364E-002
   11.00000     -1.137190207564578E-002
   12.00000     -1.096356414265984E-002
   13.00000     -1.056395133085175E-002
   14.00000     -1.017299481945639E-002
   15.00000     -9.790625367100125E-003
   16.00000     -9.416773308198558E-003
   17.00000     -9.051368549431556E-003
   18.00000     -8.694340566299235E-003
   19.00000     -8.345618399767721E-003
   20.00000     -8.005130653030374E-003
   21.00000     -7.672805488395356E-003
   22.00000     -7.348570624321995E-003
   23.00000     -7.032353332628350E-003
   24.00000     -6.724080435892305E-003
   25.00000     -6.423678305080104E-003
   26.00000     -6.131072857426422E-003
   27.00000     -5.846189554611126E-003
   28.00000     -5.568953401267228E-003
   29.00000     -5.299288943867470E-003
   30.00000     -5.037120270049922E-003
   31.00000     -4.782371008434198E-003
   32.00000     -4.534964329003894E-003
   33.00000     -4.294822944139580E-003
   34.00000     -4.061869110386467E-003
   35.00000     -3.836024631073408E-003
   36.00000     -3.617210859905879E-003
   37.00000     -3.405348705680413E-003
   38.00000     -3.200358638289370E-003
   39.00000     -3.002160696225693E-003
   40.00000     -2.810674495819977E-003
   41.00000     -2.625819242495780E-003
   42.00000     -2.447513744384274E-003
   43.00000     -2.275676428701406E-003
   44.00000     -2.110225361377724E-003
   45.00000     -1.951078270535843E-003
   46.00000     -1.798152574540456E-003
   47.00000     -1.651365415509396E-003
   48.00000     -1.510633699391127E-003
   49.00000     -1.375874143982481E-003
   50.00000     -1.247003336614977E-003
   51.00000     -1.123937803707132E-003
   52.00000     -1.006594094993451E-003
   53.00000     -8.948888860756849E-004
   54.00000     -7.887391040680527E-004
   55.00000     -6.880620826757913E-004
   56.00000     -5.927757552315719E-004
   57.00000     -5.027988973510593E-004
   58.00000     -4.180514354204988E-004
   59.00000     -3.384548439202532E-004
   60.00000     -2.639326649378145E-004
   61.00000     -1.944111994780707E-004
   62.00000     -1.298204465323326E-004
   63.00000     -7.009541025786473E-005
   64.00000     -1.517797381474732E-005
