  0.0000000E+00 -1.435570406948754E-002
   1.000000     -1.386254352813326E-002
   2.000000     -1.337894207151619E-002
   3.000000     -1.290483691671961E-002
   4.000000     -1.244016495031371E-002
   5.000000     -1.198486272698399E-002
   6.000000     -1.153886646833186E-002
   7.000000     -1.110211206187052E-002
   8.000000     -1.067453506024259E-002
   9.000000     -1.025607068068024E-002
   10.00000     -9.846653804746253E-003
   11.00000     -9.446218978378147E-003
   12.00000     -9.054700412288674E-003
   13.00000     -8.672031982745198E-003
   14.00000     -8.298147232795863E-003
   15.00000     -7.932979373979701E-003
   16.00000     -7.576461288592597E-003
   17.00000     -7.228525532572624E-003
   18.00000     -6.889104339084945E-003
   19.00000     -6.558129622896050E-003
   20.00000     -6.235532985636508E-003
   21.00000     -5.921245722075882E-003
   22.00000     -5.615198827533620E-003
   23.00000     -5.317323006591363E-003
   24.00000     -5.027548683278756E-003
   25.00000     -4.745806012940531E-003
   26.00000     -4.472024896027330E-003
   27.00000     -4.206134994092055E-003
   28.00000     -3.948065748318259E-003
   29.00000     -3.697746400973389E-003
   30.00000     -3.455106020238659E-003
   31.00000     -3.220073528969023E-003
   32.00000     -2.992577738023546E-003
   33.00000     -2.772547384953306E-003
   34.00000     -2.559911178983279E-003
   35.00000     -2.354597853428129E-003
   36.00000     -2.156536226937968E-003
   37.00000     -1.965655275283310E-003
   38.00000     -1.781884215800082E-003
   39.00000     -1.605152607141154E-003
   40.00000     -1.435390467664444E-003
   41.00000     -1.272528416686954E-003
   42.00000     -1.116497844034211E-003
   43.00000     -9.672311149224886E-004
   44.00000     -8.246618194173470E-004
   45.00000     -6.887250787569591E-004
   46.00000     -5.593579251290407E-004
   47.00000     -4.364997776509702E-004
   48.00000     -3.200930463279216E-004
   49.00000     -2.100839092876537E-004
   50.00000     -1.064233293818209E-004
   51.00000     -9.068409198906518E-006
