  0.0000000E+00 -1.889376866583802E-002
   1.000000     -1.836758519793556E-002
   2.000000     -1.785075325806489E-002
   3.000000     -1.734320711934329E-002
   4.000000     -1.684488065212995E-002
   5.000000     -1.635570731951005E-002
   6.000000     -1.587562017271980E-002
   7.000000     -1.540455184653422E-002
   8.000000     -1.494243455460518E-002
   9.000000     -1.448920008475001E-002
   10.00000     -1.404477979420541E-002
   11.00000     -1.360910460482451E-002
   12.00000     -1.318210499824110E-002
   13.00000     -1.276371101098799E-002
   14.00000     -1.235385222957355E-002
   15.00000     -1.195245778551959E-002
   16.00000     -1.155945635036028E-002
   17.00000     -1.117477613060703E-002
   18.00000     -1.079834486267313E-002
   19.00000     -1.043008980777124E-002
   20.00000     -1.006993774677144E-002
   21.00000     -9.717814975039252E-003
   22.00000     -9.373647297238991E-003
   23.00000     -9.037360022117545E-003
   24.00000     -8.708877957262651E-003
   25.00000     -8.388125403845157E-003
   26.00000     -8.075026151344436E-003
   27.00000     -7.769503472260023E-003
   28.00000     -7.471480116816238E-003
   29.00000     -7.180878307659876E-003
   30.00000     -6.897619734558973E-003
   31.00000     -6.621625549102197E-003
   32.00000     -6.352816359409769E-003
   33.00000     -6.091112224853399E-003
   34.00000     -5.836432650797041E-003
   35.00000     -5.588696583361715E-003
   36.00000     -5.347822404217883E-003
   37.00000     -5.113727925416662E-003
   38.00000     -4.886330384263306E-003
   39.00000     -4.665546438239129E-003
   40.00000     -4.451292159984088E-003
   41.00000     -4.243483032341762E-003
   42.00000     -4.042033943482217E-003
   43.00000     -3.846859182104771E-003
   44.00000     -3.657872432734769E-003
   45.00000     -3.474986771123682E-003
   46.00000     -3.298114659761142E-003
   47.00000     -3.127167943510542E-003
   48.00000     -2.962057845383516E-003
   49.00000     -2.802694962458226E-003
   50.00000     -2.648989261962303E-003
   51.00000     -2.500850077527439E-003
   52.00000     -2.358186105635579E-003
   53.00000     -2.220905402265151E-003
   54.00000     -2.088915379759199E-003
   55.00000     -1.962122803927725E-003
   56.00000     -1.840433791403008E-003
   57.00000     -1.723753807264100E-003
   58.00000     -1.611987662952405E-003
   59.00000     -1.505039514492966E-003
   60.00000     -1.402812861047863E-003
   61.00000     -1.305210543816201E-003
   62.00000     -1.212134745308730E-003
   63.00000     -1.123486989016564E-003
   64.00000     -1.039168139499738E-003
   65.00000     -9.590784029194098E-004
   66.00000     -8.831173280412843E-004
   67.00000     -8.111838077376219E-004
   68.00000     -7.431760810145098E-004
   69.00000     -6.789917355976344E-004
   70.00000     -6.185277111057106E-004
   71.00000     -5.616803028465262E-004
   72.00000     -5.083451662710045E-004
   73.00000     -4.584173221238112E-004
   74.00000     -4.117911623321206E-004
   75.00000     -3.683604566784179E-004
   76.00000     -3.280183603090908E-004
   77.00000     -2.906574221371082E-004
   78.00000     -2.561695942078164E-004
   79.00000     -2.244462421101090E-004
   80.00000     -1.953781565360550E-004
   81.00000     -1.688555661194059E-004
   82.00000     -1.447681517273592E-004
   83.00000     -1.230050624433949E-004
   84.00000     -1.034549335785308E-004
   85.00000     -8.600590720656509E-005
   86.00000     -7.054565597440200E-005
   87.00000     -5.696141137158466E-005
   88.00000     -4.513999839294106E-005
   89.00000     -3.496787989321997E-005
   90.00000     -2.633121653368413E-005
   91.00000     -1.911595348460049E-005
   92.00000     -1.320795651106359E-005
   93.00000     -8.493247474561316E-006
   94.00000     -4.858463478584394E-006
   95.00000     -2.191903682744440E-006
   96.00000     -3.865582778805148E-007
