  0.0000000E+00 -1.697231665248334E-002
   1.000000     -1.645984687446387E-002
   2.000000     -1.595680931211570E-002
   3.000000     -1.546313920316152E-002
   4.000000     -1.497877139890957E-002
   5.000000     -1.450364036015928E-002
   6.000000     -1.403768015307022E-002
   7.000000     -1.358082444501368E-002
   8.000000     -1.313300650039704E-002
   9.000000     -1.269415917647669E-002
   10.00000     -1.226421491914729E-002
   11.00000     -1.184310575872702E-002
   12.00000     -1.143076330572630E-002
   13.00000     -1.102711874661867E-002
   14.00000     -1.063210283960813E-002
   15.00000     -1.024564591040598E-002
   16.00000     -9.867677848014874E-003
   17.00000     -9.498128100538189E-003
   18.00000     -9.136925671006900E-003
   19.00000     -8.783999113245086E-003
   20.00000     -8.439276527780636E-003
   21.00000     -8.102685557802219E-003
   22.00000     -7.774153385185314E-003
   23.00000     -7.453606726593952E-003
   24.00000     -7.140971829673933E-003
   25.00000     -6.836174469351082E-003
   26.00000     -6.539139944256271E-003
   27.00000     -6.249793073293964E-003
   28.00000     -5.968058192376434E-003
   29.00000     -5.693859151353653E-003
   30.00000     -5.427119311160425E-003
   31.00000     -5.167761541219442E-003
   32.00000     -4.915708217134666E-003
   33.00000     -4.670881218716458E-003
   34.00000     -4.433201928387144E-003
   35.00000     -4.202591230023174E-003
   36.00000     -3.978969508295632E-003
   37.00000     -3.762256648582504E-003
   38.00000     -3.552372037535856E-003
   39.00000     -3.349234564404949E-003
   40.00000     -3.152762623224606E-003
   41.00000     -2.962874116007263E-003
   42.00000     -2.779486457089663E-003
   43.00000     -2.602516578823672E-003
   44.00000     -2.431880938827983E-003
   45.00000     -2.267495529061891E-003
   46.00000     -2.109275887035350E-003
   47.00000     -1.957137109527070E-003
   48.00000     -1.810993869273991E-003
   49.00000     -1.670760435183232E-003
   50.00000     -1.536350696750572E-003
   51.00000     -1.407678193532651E-003
   52.00000     -1.284656150722118E-003
   53.00000     -1.167197522152003E-003
   54.00000     -1.055215042404108E-003
   55.00000     -9.486212901710591E-004
   56.00000     -8.473287656486614E-004
   57.00000     -7.512499855965517E-004
   58.00000     -6.602976008840497E-004
   59.00000     -5.743845429977941E-004
   60.00000     -4.934242083435667E-004
   61.00000     -4.173306926017127E-004
   62.00000     -3.460190924756481E-004
   63.00000     -2.794058998943857E-004
   64.00000     -2.174095257899588E-004
   65.00000     -1.599510100121742E-004
   66.00000     -1.069550064548748E-004
   67.00000     -5.835118924025697E-005
   68.00000     -1.407633020449111E-005
