  0.0000000E+00 -1.331142573456993E-002
   1.000000     -1.282619525127374E-002
   2.000000     -1.235058097630156E-002
   3.000000     -1.188452119983356E-002
   4.000000     -1.142795392021318E-002
   5.000000     -1.098081684488055E-002
   6.000000     -1.054304739167597E-002
   7.000000     -1.011458269055412E-002
   8.000000     -9.695359585752128E-003
   9.000000     -9.285314638473777E-003
   10.00000     -8.884384130141707E-003
   11.00000     -8.492504066287730E-003
   12.00000     -8.109610181157067E-003
   13.00000     -7.735637943114417E-003
   14.00000     -7.370522560948282E-003
   15.00000     -7.014198991187761E-003
   16.00000     -6.666601946557063E-003
   17.00000     -6.327665905713806E-003
   18.00000     -5.997325124443597E-003
   19.00000     -5.675513648497887E-003
   20.00000     -5.362165328303123E-003
   21.00000     -5.057213835798650E-003
   22.00000     -4.760592683703943E-003
   23.00000     -4.472235247567796E-003
   24.00000     -4.192074791012482E-003
   25.00000     -3.920044494653778E-003
   26.00000     -3.656077489277403E-003
   27.00000     -3.400106893944945E-003
   28.00000     -3.152065859848659E-003
   29.00000     -2.911887620885488E-003
   30.00000     -2.679505552129938E-003
   31.00000     -2.454853237631388E-003
   32.00000     -2.237864549280386E-003
   33.00000     -2.028473738889543E-003
   34.00000     -1.826615546146806E-003
   35.00000     -1.632225325757411E-003
   36.00000     -1.445239197957566E-003
   37.00000     -1.265594227715153E-003
   38.00000     -1.093228639441976E-003
   39.00000     -9.280820760863960E-004
   40.00000     -7.700959142596900E-004
   41.00000     -6.192136509255308E-004
   42.00000     -4.753813826499678E-004
   43.00000     -3.385484062814698E-004
   44.00000     -2.086679814889900E-004
   45.00000     -8.569831298118313E-005
