  0.0000000E+00 -1.487219871738501E-002
   1.000000     -1.453800386011080E-002
   2.000000     -1.420828806447479E-002
   3.000000     -1.388302953380836E-002
   4.000000     -1.356220637995788E-002
   5.000000     -1.324579662263243E-002
   6.000000     -1.293377818875657E-002
   7.000000     -1.262612891181605E-002
   8.000000     -1.232282653121011E-002
   9.000000     -1.202384869160005E-002
   10.00000     -1.172917294226213E-002
   11.00000     -1.143877673644026E-002
   12.00000     -1.115263743070033E-002
   13.00000     -1.087073228429114E-002
   14.00000     -1.059303845850339E-002
   15.00000     -1.031953301603806E-002
   16.00000     -1.005019292037534E-002
   17.00000     -9.784995035152868E-003
   18.00000     -9.523916123547239E-003
   19.00000     -9.266932847665551E-003
   20.00000     -9.014021767944289E-003
   21.00000     -8.765159342557817E-003
   22.00000     -8.520321926838555E-003
   23.00000     -8.279485772707096E-003
   24.00000     -8.042627028118660E-003
   25.00000     -7.809721736522505E-003
   26.00000     -7.580745836337568E-003
   27.00000     -7.355675160449296E-003
   28.00000     -7.134485435723010E-003
   29.00000     -6.917152282542131E-003
   30.00000     -6.703651214371802E-003
   31.00000     -6.493957637346830E-003
   32.00000     -6.288046849891833E-003
   33.00000     -6.085894042374175E-003
   34.00000     -5.887474296792717E-003
   35.00000     -5.692762586505502E-003
   36.00000     -5.501733776003249E-003
   37.00000     -5.314362620728133E-003
   38.00000     -5.130623766948143E-003
   39.00000     -4.950491751686961E-003
   40.00000     -4.773941002718684E-003
   41.00000     -4.600945838633068E-003
   42.00000     -4.431480468975274E-003
   43.00000     -4.265518994473380E-003
   44.00000     -4.103035407356864E-003
   45.00000     -3.944003591778749E-003
   46.00000     -3.788397324351030E-003
   47.00000     -3.636190274804814E-003
   48.00000     -3.487356006789709E-003
   49.00000     -3.341867978825049E-003
   50.00000     -3.199699545418713E-003
   51.00000     -3.060823958375252E-003
   52.00000     -2.925214368309123E-003
   53.00000     -2.792843826394152E-003
   54.00000     -2.663685286371749E-003
   55.00000     -2.537711606854670E-003
   56.00000     -2.414895553959248E-003
   57.00000     -2.295209804299867E-003
   58.00000     -2.178626948387235E-003
   59.00000     -2.065119494469788E-003
   60.00000     -1.954659872873076E-003
   61.00000     -1.847220440902307E-003
   62.00000     -1.742773488398286E-003
   63.00000     -1.641291244052950E-003
   64.00000     -1.542745882614507E-003
   65.00000     -1.447109533125653E-003
   66.00000     -1.354354288346570E-003
   67.00000     -1.264452215528048E-003
   68.00000     -1.177375368710722E-003
   69.00000     -1.093095802756073E-003
   70.00000     -1.011585589362180E-003
   71.00000     -9.328168353886514E-004
   72.00000     -8.567617039071458E-004
   73.00000     -7.833924385169386E-004
   74.00000     -7.126813916011392E-004
   75.00000     -6.446010573661003E-004
   76.00000     -5.791241107030663E-004
   77.00000     -5.162234531557849E-004
   78.00000     -4.558722675922424E-004
   79.00000     -3.980440836034711E-004
   80.00000     -3.427128562293792E-004
   81.00000     -2.898530614151992E-004
   82.00000     -2.394398127277551E-004
   83.00000     -1.914490054554143E-004
   84.00000     -1.458574965072154E-004
   85.00000     -1.026433318788296E-004
   86.00000     -6.178603846350980E-005
   87.00000     -2.326700467262114E-005
