  0.0000000E+00 -1.522678828920934E-002
   1.000000     -1.489073687004672E-002
   2.000000     -1.455915611617626E-002
   3.000000     -1.423202414580414E-002
   4.000000     -1.390931898419685E-002
   5.000000     -1.359101856298659E-002
   6.000000     -1.327710071947979E-002
   7.000000     -1.296754319595642E-002
   8.000000     -1.266232363897309E-002
   9.000000     -1.236141959866183E-002
   10.00000     -1.206480852802846E-002
   11.00000     -1.177246778224942E-002
   12.00000     -1.148437461796797E-002
   13.00000     -1.120050619259227E-002
   14.00000     -1.092083956358953E-002
   15.00000     -1.064535168778521E-002
   16.00000     -1.037401942066169E-002
   17.00000     -1.010681951565744E-002
   18.00000     -9.843728623469779E-003
   19.00000     -9.584723291361986E-003
   20.00000     -9.329779962471321E-003
   21.00000     -9.078874975122976E-003
   22.00000     -8.831984562149869E-003
   23.00000     -8.589084850215430E-003
   24.00000     -8.350151859149613E-003
   25.00000     -8.115161501284086E-003
   26.00000     -7.884089580805623E-003
   27.00000     -7.656911793112731E-003
   28.00000     -7.433603724188560E-003
   29.00000     -7.214140849983338E-003
   30.00000     -6.998498535814234E-003
   31.00000     -6.786652035780003E-003
   32.00000     -6.578576492193028E-003
   33.00000     -6.374246935031624E-003
   34.00000     -6.173638281416511E-003
   35.00000     -5.976725335108174E-003
   36.00000     -5.783482786033061E-003
   37.00000     -5.593885209840025E-003
   38.00000     -5.407907067487513E-003
   39.00000     -5.225522704869297E-003
   40.00000     -5.046706352477227E-003
   41.00000     -4.871432125109607E-003
   42.00000     -4.699674021626215E-003
   43.00000     -4.531405924758911E-003
   44.00000     -4.366601600975282E-003
   45.00000     -4.205234700412880E-003
   46.00000     -4.047278756879279E-003
   47.00000     -3.892707187932537E-003
   48.00000     -3.741493295046067E-003
   49.00000     -3.593610263867662E-003
   50.00000     -3.449031164582278E-003
   51.00000     -3.307728952388710E-003
   52.00000     -3.169676468108818E-003
   53.00000     -3.034846438939829E-003
   54.00000     -2.903211479373170E-003
   55.00000     -2.774744092291245E-003
   56.00000     -2.649416670258623E-003
   57.00000     -2.527201497019088E-003
   58.00000     -2.408070749211174E-003
   59.00000     -2.291996498328565E-003
   60.00000     -2.178950712961654E-003
   61.00000     -2.068905261381328E-003
   62.00000     -1.961831914538092E-003
   63.00000     -1.857702349561031E-003
   64.00000     -1.756488153828827E-003
   65.00000     -1.658160829672125E-003
   66.00000     -1.562691799741525E-003
   67.00000     -1.470052413064526E-003
   68.00000     -1.380213951820668E-003
   69.00000     -1.293147638901185E-003
   70.00000     -1.208824646376538E-003
   71.00000     -1.127216105071686E-003
   72.00000     -1.048293115529788E-003
   73.00000     -9.720267607107265E-004
   74.00000     -8.983881208276651E-004
   75.00000     -8.273482907574907E-004
   76.00000     -7.588784004968716E-004
   77.00000     -6.929496391767448E-004
   78.00000     -6.295332832272833E-004
   79.00000     -5.686007294114413E-004
   80.00000     -5.101235336468853E-004
   81.00000     -4.540734568252488E-004
   82.00000     -4.004225192336683E-004
   83.00000     -3.491430657152366E-004
   84.00000     -3.002078444158795E-004
   85.00000     -2.535901029212570E-004
   86.00000     -2.092637069051286E-004
   87.00000     -1.672032882708926E-004
   88.00000     -1.273844324628819E-004
   89.00000     -8.978391863377039E-005
   90.00000     -5.438003249022238E-005
   91.00000     -2.115298129911122E-005
