  0.0000000E+00 -1.526668831000805E-002
   1.000000     -1.493042864573329E-002
   2.000000     -1.459863871472330E-002
   3.000000     -1.427129662596293E-002
   4.000000     -1.394838039534770E-002
   5.000000     -1.362986794498346E-002
   6.000000     -1.331573710249003E-002
   7.000000     -1.300596560029835E-002
   8.000000     -1.270053107494603E-002
   9.000000     -1.239941106637298E-002
   10.00000     -1.210258301721334E-002
   11.00000     -1.181002427208824E-002
   12.00000     -1.152171207689468E-002
   13.00000     -1.123762357809801E-002
   14.00000     -1.095773582202069E-002
   15.00000     -1.068202575413387E-002
   16.00000     -1.041047021834853E-002
   17.00000     -1.014304595630809E-002
   18.00000     -9.879729606684359E-003
   19.00000     -9.620497704473333E-003
   20.00000     -9.365326680297624E-003
   21.00000     -9.114192859709533E-003
   22.00000     -8.867072462501447E-003
   23.00000     -8.623941602019340E-003
   24.00000     -8.384776284485383E-003
   25.00000     -8.149552408324681E-003
   26.00000     -7.918245763504077E-003
   27.00000     -7.690832030877517E-003
   28.00000     -7.467286781543158E-003
   29.00000     -7.247585476212748E-003
   30.00000     -7.031703464596077E-003
   31.00000     -6.819615984796421E-003
   32.00000     -6.611298162727739E-003
   33.00000     -6.406725011546571E-003
   34.00000     -6.205871431107555E-003
   35.00000     -6.008712207440129E-003
   36.00000     -5.815222012251801E-003
   37.00000     -5.625375402457375E-003
   38.00000     -5.439146819741772E-003
   39.00000     -5.256510590154978E-003
   40.00000     -5.077440923745296E-003
   41.00000     -4.901911914232947E-003
   42.00000     -4.729897538730088E-003
   43.00000     -4.561371657510365E-003
   44.00000     -4.396308013833589E-003
   45.00000     -4.234680233831172E-003
   46.00000     -4.076461826458632E-003
   47.00000     -3.921626183521086E-003
   48.00000     -3.770146579780408E-003
   49.00000     -3.621996173149103E-003
   50.00000     -3.477148004984498E-003
   51.00000     -3.335575000489725E-003
   52.00000     -3.197249969238810E-003
   53.00000     -3.062145605840909E-003
   54.00000     -2.930234490757712E-003
   55.00000     -2.801489091293271E-003
   56.00000     -2.675881762761032E-003
   57.00000     -2.553384749845065E-003
   58.00000     -2.433970188161724E-003
   59.00000     -2.317610106050219E-003
   60.00000     -2.204276426627759E-003
   61.00000     -2.093940970172140E-003
   62.00000     -1.986575456903604E-003
   63.00000     -1.882151510247973E-003
   64.00000     -1.780640660645050E-003
   65.00000     -1.682014349950138E-003
   66.00000     -1.586243936449492E-003
   67.00000     -1.493300700497717E-003
   68.00000     -1.403155850797772E-003
   69.00000     -1.315780531379362E-003
   70.00000     -1.231145829401177E-003
   71.00000     -1.149222783975659E-003
   72.00000     -1.069982396293605E-003
   73.00000     -9.933956413897282E-004
   74.00000     -9.194334819302902E-004
   75.00000     -8.480668844255585E-004
   76.00000     -7.792668382896450E-004
   77.00000     -7.130043781948199E-004
   78.00000     -6.492506102330564E-004
   79.00000     -5.879767425066793E-004
   80.00000     -5.291541209574330E-004
   81.00000     -4.727542715036548E-004
   82.00000     -4.187489499177727E-004
   83.00000     -3.671102013558936E-004
   84.00000     -3.178104320758241E-004
   85.00000     -2.708224967215940E-004
   86.00000     -2.261198056861231E-004
   87.00000     -1.836764586599933E-004
   88.00000     -1.434674127611644E-004
   89.00000     -1.054686970159481E-004
   90.00000     -6.965769008123478E-005
   91.00000     -3.601348607039721E-005
   92.00000     -4.517386169284896E-006
