  0.0000000E+00 -1.591924979717547E-002
   1.000000     -1.557960300783556E-002
   2.000000     -1.524441106280684E-002
   3.000000     -1.491365192999408E-002
   4.000000     -1.458730348208206E-002
   5.000000     -1.426534349578844E-002
   6.000000     -1.394774965110686E-002
   7.000000     -1.363449953054646E-002
   8.000000     -1.332557061836880E-002
   9.000000     -1.302094029981725E-002
   10.00000     -1.272058586034393E-002
   11.00000     -1.242448448483155E-002
   12.00000     -1.213261325681134E-002
   13.00000     -1.184494915767811E-002
   14.00000     -1.156146906589881E-002
   15.00000     -1.128214975622095E-002
   16.00000     -1.100696789887545E-002
   17.00000     -1.073590005877697E-002
   18.00000     -1.046892269472163E-002
   19.00000     -1.020601215858285E-002
   20.00000     -9.947144694503071E-003
   21.00000     -9.692296438084551E-003
   22.00000     -9.441443415581043E-003
   23.00000     -9.194561543082416E-003
   24.00000     -8.951626625705041E-003
   25.00000     -8.712614356777899E-003
   26.00000     -8.477500317028812E-003
   27.00000     -8.246259973773963E-003
   28.00000     -8.018868680105179E-003
   29.00000     -7.795301674081961E-003
   30.00000     -7.575534077924315E-003
   31.00000     -7.359540897208472E-003
   32.00000     -7.147297020067683E-003
   33.00000     -6.938777216396158E-003
   34.00000     -6.733956137059647E-003
   35.00000     -6.532808313112338E-003
   36.00000     -6.335308155020069E-003
   37.00000     -6.141429951893853E-003
   38.00000     -5.951147870730267E-003
   39.00000     -5.764435955667054E-003
   40.00000     -5.581268127246328E-003
   41.00000     -5.401618181695219E-003
   42.00000     -5.225459790219883E-003
   43.00000     -5.052766498318331E-003
   44.00000     -4.883511725111385E-003
   45.00000     -4.717668762695619E-003
   46.00000     -4.555210775519749E-003
   47.00000     -4.396110799783417E-003
   48.00000     -4.240341742868416E-003
   49.00000     -4.087876382796724E-003
   50.00000     -3.938687367731484E-003
   51.00000     -3.792747215519550E-003
   52.00000     -3.650028313287154E-003
   53.00000     -3.510502917084169E-003
   54.00000     -3.374143151570792E-003
   55.00000     -3.240921009733863E-003
   56.00000     -3.110808352625838E-003
   57.00000     -2.983776909141107E-003
   58.00000     -2.859798275868409E-003
   59.00000     -2.738843917089494E-003
   60.00000     -2.620885164996036E-003
   61.00000     -2.505893220170306E-003
   62.00000     -2.393839152311685E-003
   63.00000     -2.284693901112274E-003
   64.00000     -2.178428277124653E-003
   65.00000     -2.075012962459288E-003
   66.00000     -1.974418511218765E-003
   67.00000     -1.876615349710428E-003
   68.00000     -1.781573776647159E-003
   69.00000     -1.689263963682475E-003
   70.00000     -1.599655956684468E-003
   71.00000     -1.512719678092436E-003
   72.00000     -1.428424930542214E-003
   73.00000     -1.346741401713876E-003
   74.00000     -1.267638670142720E-003
   75.00000     -1.191086211577186E-003
   76.00000     -1.117053405445866E-003
   77.00000     -1.045509541093543E-003
   78.00000     -9.764238236596663E-004
   79.00000     -9.097653797390106E-004
   80.00000     -8.455032632308336E-004
   81.00000     -7.836064619887517E-004
   82.00000     -7.240439060049096E-004
   83.00000     -6.667844778879416E-004
   84.00000     -6.117970263457556E-004
   85.00000     -5.590503833003582E-004
   86.00000     -5.085133851867520E-004
   87.00000     -4.601548989631435E-004
   88.00000     -4.139438534284731E-004
   89.00000     -3.698492766226694E-004
   90.00000     -3.278403404112236E-004
   91.00000     -2.878864138362867E-004
   92.00000     -2.499571274983608E-004
   93.00000     -2.140224521640796E-004
   94.00000     -1.800527960839561E-004
   95.00000     -1.480191273237299E-004
   96.00000     -1.178931300584949E-004
   97.00000     -8.964740776139846E-005
   98.00000     -6.325575241916494E-005
   99.00000     -3.869350891505850E-005
   100.0000     -1.593808052692252E-005
