  0.0000000E+00 -1.729040045057706E-002
   1.000000     -1.694374759756900E-002
   2.000000     -1.660152034291293E-002
   3.000000     -1.626369641172684E-002
   4.000000     -1.593025343121754E-002
   5.000000     -1.560116892988843E-002
   6.000000     -1.527642033674392E-002
   7.000000     -1.495598498048573E-002
   8.000000     -1.463984008870360E-002
   9.000000     -1.432796278706222E-002
   10.00000     -1.402033009848012E-002
   11.00000     -1.371691894230206E-002
   12.00000     -1.341770613346983E-002
   13.00000     -1.312266838168143E-002
   14.00000     -1.283178229054965E-002
   15.00000     -1.254502435675230E-002
   16.00000     -1.226237096917962E-002
   17.00000     -1.198379840807259E-002
   18.00000     -1.170928284415944E-002
   19.00000     -1.143880033778497E-002
   20.00000     -1.117232683803697E-002
   21.00000     -1.090983818186518E-002
   22.00000     -1.065131009319674E-002
   23.00000     -1.039671818204792E-002
   24.00000     -1.014603794363017E-002
   25.00000     -9.899244757452456E-003
   26.00000     -9.656313886418355E-003
   27.00000     -9.417220475921823E-003
   28.00000     -9.181939552936492E-003
   29.00000     -8.950446025103372E-003
   30.00000     -8.722714679813004E-003
   31.00000     -8.498720183287976E-003
   32.00000     -8.278437079659383E-003
   33.00000     -8.061839790042349E-003
   34.00000     -7.848902611608820E-003
   35.00000     -7.639599716658511E-003
   36.00000     -7.433905151688353E-003
   37.00000     -7.231792836459339E-003
   38.00000     -7.033236563065069E-003
   39.00000     -6.838209994995364E-003
   40.00000     -6.646686666204272E-003
   41.00000     -6.458639980175034E-003
   42.00000     -6.274043208986241E-003
   43.00000     -6.092869492378679E-003
   44.00000     -5.915091836820042E-003
   45.00000     -5.740683114576354E-003
   46.00000     -5.569616062783018E-003
   47.00000     -5.401863282530996E-003
   48.00000     -5.237397237962862E-003
   49.00000     -5.076190255369553E-003
   50.00000     -4.918214522267574E-003
   51.00000     -4.763442086427886E-003
   52.00000     -4.611844854858854E-003
   53.00000     -4.463394592789985E-003
   54.00000     -4.318062922782661E-003
   55.00000     -4.175821324098758E-003
   56.00000     -4.036641132382403E-003
   57.00000     -3.900493539510143E-003
   58.00000     -3.767349593198002E-003
   59.00000     -3.637180195816954E-003
   60.00000     -3.509956101981380E-003
   61.00000     -3.385647914991324E-003
   62.00000     -3.264226082960549E-003
   63.00000     -3.145660896161283E-003
   64.00000     -3.029922487323387E-003
   65.00000     -2.916980836006313E-003
   66.00000     -2.806805776727659E-003
   67.00000     -2.699367008681033E-003
   68.00000     -2.594634103355283E-003
   69.00000     -2.492576505912215E-003
   70.00000     -2.393163527280644E-003
   71.00000     -2.296364326447323E-003
   72.00000     -2.202147885692122E-003
   73.00000     -2.110482984463094E-003
   74.00000     -2.021338179143902E-003
   75.00000     -1.934681795468440E-003
   76.00000     -1.850481937774065E-003
   77.00000     -1.768706515274998E-003
   78.00000     -1.689323281210084E-003
   79.00000     -1.612299877265327E-003
   80.00000     -1.537603874039386E-003
   81.00000     -1.465202798899488E-003
   82.00000     -1.395064145150685E-003
   83.00000     -1.327155360267754E-003
   84.00000     -1.261443815052487E-003
   85.00000     -1.197896759027447E-003
   86.00000     -1.136481269524094E-003
   87.00000     -1.077164202483550E-003
   88.00000     -1.019912152087697E-003
   89.00000     -9.646914243433448E-004
   90.00000     -9.114680271851089E-004
   91.00000     -8.602076770418339E-004
   92.00000     -8.108758195642864E-004
   93.00000     -7.634376606260130E-004
   94.00000     -7.178582028988389E-004
   95.00000     -6.741022832714277E-004
   96.00000     -6.321346069830168E-004
   97.00000     -5.919197753867318E-004
   98.00000     -5.534223055150773E-004
   99.00000     -5.166066408722068E-004
   100.0000     -4.814371539552413E-004
   101.0000     -4.478781418041087E-004
   102.0000     -4.158938163507598E-004
   103.0000     -3.854482915013443E-004
   104.0000     -3.565055687930470E-004
   105.0000     -3.290295231997911E-004
   106.0000     -3.029838902918110E-004
   107.0000     -2.783322555603617E-004
   108.0000     -2.550380463455691E-004
   109.0000     -2.330645264937824E-004
   110.0000     -2.123747936295497E-004
   111.0000     -1.929317787655511E-004
   112.0000     -1.746982478809588E-004
   113.0000     -1.576368050614039E-004
   114.0000     -1.417098968028169E-004
   115.0000     -1.268798171165684E-004
   116.0000     -1.131087131281434E-004
   117.0000     -1.003585909224650E-004
   118.0000     -8.859132145120342E-005
   119.0000     -7.776864637450560E-005
   120.0000     -6.785218376068389E-005
   121.0000     -5.880343360921412E-005
   122.0000     -5.058378319742903E-005
   123.0000     -4.315451227859112E-005
   124.0000     -3.647679818200788E-005
   125.0000     -3.051172088655426E-005
   126.0000     -2.522026816161811E-005
   127.0000     -2.056334090036154E-005
   128.0000     -1.650175881921166E-005
   129.0000     -1.299626678369106E-005
   130.0000     -1.000754218012270E-005
   131.0000     -7.496204063550310E-006
   132.0000     -5.422825450025989E-006
   133.0000     -3.747951524052593E-006
   134.0000     -2.432129895195270E-006
   135.0000     -1.435968101037984E-006
   136.0000     -7.202622942769957E-007
   137.0000     -2.463582686061059E-007
