  0.0000000E+00 -1.469579248461183E-002
   1.000000     -1.436252524533971E-002
   2.000000     -1.403374132225712E-002
   3.000000     -1.370941896324215E-002
   4.000000     -1.338953632549152E-002
   5.000000     -1.307407147489333E-002
   6.000000     -1.276300238540454E-002
   7.000000     -1.245630693842729E-002
   8.000000     -1.215396292218519E-002
   9.000000     -1.185594803110599E-002
   10.00000     -1.156223986520315E-002
   11.00000     -1.127281592946185E-002
   12.00000     -1.098765363323150E-002
   13.00000     -1.070673028961768E-002
   14.00000     -1.043002311488498E-002
   15.00000     -1.015750922786214E-002
   16.00000     -9.889165649356872E-003
   17.00000     -9.624969301577559E-003
   18.00000     -9.364897007563641E-003
   19.00000     -9.108925490627313E-003
   20.00000     -8.857031373806688E-003
   21.00000     -8.609191179330990E-003
   22.00000     -8.365381328100017E-003
   23.00000     -8.125578139180377E-003
   24.00000     -7.889757829318146E-003
   25.00000     -7.657896512471171E-003
   26.00000     -7.429970199362318E-003
   27.00000     -7.205954797056474E-003
   28.00000     -6.985826108564044E-003
   29.00000     -6.769559832470393E-003
   30.00000     -6.557131562599608E-003
   31.00000     -6.348516787709290E-003
   32.00000     -6.143690891225391E-003
   33.00000     -5.942629151016906E-003
   34.00000     -5.745306739215836E-003
   35.00000     -5.551698722086352E-003
   36.00000     -5.361780059949662E-003
   37.00000     -5.175525607166765E-003
   38.00000     -4.992910112188148E-003
   39.00000     -4.813908217674012E-003
   40.00000     -4.638494460695421E-003
   41.00000     -4.466643273018971E-003
   42.00000     -4.298328981491592E-003
   43.00000     -4.133525808526372E-003
   44.00000     -3.972207872706302E-003
   45.00000     -3.814349189515593E-003
   46.00000     -3.659923672211654E-003
   47.00000     -3.508905132854526E-003
   48.00000     -3.361267283506930E-003
   49.00000     -3.216983737627261E-003
   50.00000     -3.076028011673535E-003
   51.00000     -2.938373526943350E-003
   52.00000     -2.803993611672864E-003
   53.00000     -2.672861503432154E-003
   54.00000     -2.544950351847009E-003
   55.00000     -2.420233221689749E-003
   56.00000     -2.298683096387354E-003
   57.00000     -2.180272881994388E-003
   58.00000     -2.064975411687757E-003
   59.00000     -1.952763450841444E-003
   60.00000     -1.843609702756237E-003
   61.00000     -1.737486815127732E-003
   62.00000     -1.634367387357707E-003
   63.00000     -1.534223978844430E-003
   64.00000     -1.437029118405976E-003
   65.00000     -1.342755315027276E-003
   66.00000     -1.251375070142734E-003
   67.00000     -1.162860891699265E-003
   68.00000     -1.077185310273522E-003
   69.00000     -9.943208975677787E-004
   70.00000     -9.142402876668497E-004
   71.00000     -8.369162015335239E-004
   72.00000     -7.623214753349456E-004
   73.00000     -6.904290933543706E-004
   74.00000     -6.212122264385764E-004
   75.00000     -5.546442771853325E-004
   76.00000     -4.906989333926009E-004
   77.00000     -4.293502317008999E-004
   78.00000     -3.705726339041084E-004
   79.00000     -3.143411191307974E-004
   80.00000     -2.606312961064832E-004
   81.00000     -2.094195411142154E-004
   82.00000     -1.606831692800237E-004
   83.00000     -1.144006497277208E-004
   84.00000     -7.055187946432513E-005
   85.00000     -2.911853740688094E-005
