  0.0000000E+00 -1.350990969881906E-002
   1.000000     -1.318294929570574E-002
   2.000000     -1.286050222434568E-002
   3.000000     -1.254254707372175E-002
   4.000000     -1.222906234913179E-002
   5.000000     -1.192002647180762E-002
   6.000000     -1.161541777854526E-002
   7.000000     -1.131521452135288E-002
   8.000000     -1.101939486711132E-002
   9.000000     -1.072793689725604E-002
   10.00000     -1.044081860747374E-002
   11.00000     -1.015801790742274E-002
   12.00000     -9.879512620476143E-003
   13.00000     -9.605280483487712E-003
   14.00000     -9.335299146586443E-003
   15.00000     -9.069546173000469E-003
   16.00000     -8.807999038912554E-003
   17.00000     -8.550635133349881E-003
   18.00000     -8.297431758113014E-003
   19.00000     -8.048366127745583E-003
   20.00000     -7.803415369548712E-003
   21.00000     -7.562556523645236E-003
   22.00000     -7.325766543095958E-003
   23.00000     -7.093022294076026E-003
   24.00000     -6.864300556111749E-003
   25.00000     -6.639578022389721E-003
   26.00000     -6.418831300138737E-003
   27.00000     -6.202036911095432E-003
   28.00000     -5.989171292058048E-003
   29.00000     -5.780210795540214E-003
   30.00000     -5.575131690530182E-003
   31.00000     -5.373910163368033E-003
   32.00000     -5.176522318752767E-003
   33.00000     -4.982944180886671E-003
   34.00000     -4.793151694778481E-003
   35.00000     -4.607120727712963E-003
   36.00000     -4.424827070909287E-003
   37.00000     -4.246246441384500E-003
   38.00000     -4.071354484043332E-003
   39.00000     -3.900126774018830E-003
   40.00000     -3.732538819289501E-003
   41.00000     -3.568566063602978E-003
   42.00000     -3.408183889739954E-003
   43.00000     -3.251367623156138E-003
   44.00000     -3.098092536042476E-003
   45.00000     -2.948333851858153E-003
   46.00000     -2.802066750383553E-003
   47.00000     -2.659266373362223E-003
   48.00000     -2.519907830800210E-003
   49.00000     -2.383966208006126E-003
   50.00000     -2.251416573466847E-003
   51.00000     -2.122233987667267E-003
   52.00000     -1.996393512980310E-003
   53.00000     -1.873870224775214E-003
   54.00000     -1.754639223913500E-003
   55.00000     -1.638675650833889E-003
   56.00000     -1.525954701461735E-003
   57.00000     -1.416451645221177E-003
   58.00000     -1.310141845481237E-003
   59.00000     -1.207000782831037E-003
   60.00000     -1.107004081656695E-003
   61.00000     -1.010127540591627E-003
   62.00000     -9.163471675318626E-004
   63.00000     -8.256392200607950E-004
   64.00000     -7.379802523217077E-004
   65.00000     -6.533471696251894E-004
   66.00000     -5.717172923987461E-004
   67.00000     -4.930684315047695E-004
   68.00000     -4.173789775074927E-004
   69.00000     -3.446280072028618E-004
   70.00000     -2.747954117224435E-004
   71.00000     -2.078620518823240E-004
   72.00000     -1.438099483430913E-004
   73.00000     -8.262251682665082E-005
   74.00000     -2.428486250284425E-005
