  0.0000000E+00 -7.402543293744662E-002
   1.000000     -7.300607860399974E-002
   2.000000     -7.273657635831719E-002
   3.000000     -7.068836344050718E-002
   4.000000     -6.865193169221614E-002
   5.000000     -6.756549945638740E-002
   6.000000     -6.394955199909477E-002
   7.000000     -6.008931927681718E-002
   8.000000     -6.004909635839827E-002
   9.000000     -5.615406979649501E-002
   10.00000     -5.226050662319291E-002
   11.00000     -4.848432721975653E-002
   12.00000     -4.501720745753310E-002
   13.00000     -4.487371156896954E-002
   14.00000     -4.145710475759017E-002
   15.00000     -3.824893701319614E-002
   16.00000     -3.525403466795422E-002
   17.00000     -3.247061281935507E-002
   18.00000     -2.989250121204373E-002
   19.00000     -2.751073073425851E-002
   20.00000     -2.531466478342831E-002
   21.00000     -2.329279917511144E-002
   22.00000     -2.143332094148276E-002
   23.00000     -2.077408735661741E-002
   24.00000     -1.972449038854480E-002
   25.00000     -1.815490095007422E-002
   26.00000     -1.671363944620597E-002
   27.00000     -1.539038813073743E-002
   28.00000     -1.417547626933189E-002
   29.00000     -1.305989992475688E-002
   30.00000     -1.203531912349374E-002
   31.00000     -1.109403985100283E-002
   32.00000     -1.022898623988713E-002
   33.00000     -9.433666810332468E-003
   34.00000     -8.702137515633538E-003
   35.00000     -8.028963532128083E-003
   36.00000     -7.409181136154768E-003
   37.00000     -6.838260574478324E-003
   38.00000     -6.312070517362998E-003
   39.00000     -5.826844454255630E-003
   40.00000     -5.379149227939567E-003
   41.00000     -4.965855787000478E-003
   42.00000     -4.584112155830413E-003
   43.00000     -4.231318566752817E-003
   44.00000     -3.905104663165743E-003
   45.00000     -3.603308660655218E-003
   46.00000     -3.323958340953211E-003
   47.00000     -3.065253748537119E-003
   48.00000     -2.825551459469221E-003
   49.00000     -2.603350295194502E-003
   50.00000     -2.397278359314489E-003
   51.00000     -2.206081281999328E-003
   52.00000     -2.028611564096180E-003
   53.00000     -1.863818920711202E-003
   54.00000     -1.710741531790241E-003
   55.00000     -1.568498114794211E-003
   56.00000     -1.436280741829626E-003
   57.00000     -1.313348330465787E-003
   58.00000     -1.199020743905052E-003
   59.00000     -1.092673442149018E-003
   60.00000     -9.937326313207136E-004
   61.00000     -9.016708633717060E-004
   62.00000     -8.160030430423388E-004
   63.00000     -7.362828031788017E-004
   64.00000     -6.620992133704259E-004
   65.00000     -5.930737903840225E-004
   66.00000     -5.288577820729268E-004
   67.00000     -4.691296993558885E-004
   68.00000     -4.135930735311131E-004
   69.00000     -3.619744186461933E-004
   70.00000     -3.140213809233677E-004
   71.00000     -2.695010593825965E-004
   72.00000     -2.281984838625782E-004
   73.00000     -1.899152386726653E-004
   74.00000     -1.544682222022996E-004
   75.00000     -1.216885350871722E-004
   76.00000     -9.142049216343632E-005
   77.00000     -6.352075671841865E-005
   78.00000     -3.785759993850839E-005
   79.00000     -1.431029477650141E-005
