  0.0000000E+00 -7.245849263856735E-002
   1.000000     -7.147914135830628E-002
   2.000000     -7.112399312722253E-002
   3.000000     -6.923486783858764E-002
   4.000000     -6.695540909261981E-002
   5.000000     -6.616504778592397E-002
   6.000000     -6.259912990167500E-002
   7.000000     -5.878581192008944E-002
   8.000000     -5.828220582580327E-002
   9.000000     -5.489582675340554E-002
   10.00000     -5.104484458393438E-002
   11.00000     -4.730911893252476E-002
   12.00000     -4.373699061722504E-002
   13.00000     -4.317483517480455E-002
   14.00000     -4.035697277751365E-002
   15.00000     -3.718367414965662E-002
   16.00000     -3.422200955918242E-002
   17.00000     -3.147029456235510E-002
   18.00000     -2.892245168748814E-002
   19.00000     -2.656959768539475E-002
   20.00000     -2.440117551607382E-002
   21.00000     -2.240575480443978E-002
   22.00000     -2.057159100269218E-002
   23.00000     -1.888701432312675E-002
   24.00000     -1.885181106410376E-002
   25.00000     -1.734066015355800E-002
   26.00000     -1.592168774040663E-002
   27.00000     -1.461982526916596E-002
   28.00000     -1.342545024067801E-002
   29.00000     -1.232960379995721E-002
   30.00000     -1.132398816546053E-002
   31.00000     -1.040094885165988E-002
   32.00000     -9.553447063498597E-003
   33.00000     -8.775026125212661E-003
   34.00000     -8.059774698286993E-003
   35.00000     -7.402288729493588E-003
   36.00000     -6.797633473048860E-003
   37.00000     -6.241306494597938E-003
   38.00000     -5.729202247336398E-003
   39.00000     -5.257578581243849E-003
   40.00000     -4.823025382200790E-003
   41.00000     -4.422435421650729E-003
   42.00000     -4.052977416774212E-003
   43.00000     -3.712071246429372E-003
   44.00000     -3.397365232366086E-003
   45.00000     -3.106715373221956E-003
   46.00000     -2.838166406685399E-003
   47.00000     -2.589934570093026E-003
   48.00000     -2.360391929497089E-003
   49.00000     -2.148052150332190E-003
   50.00000     -1.951557588087978E-003
   51.00000     -1.769667584025657E-003
   52.00000     -1.601247858364189E-003
   53.00000     -1.445260901081810E-003
   54.00000     -1.300757268234951E-003
   55.00000     -1.166867699287623E-003
   56.00000     -1.042795978239662E-003
   57.00000     -9.278124682608596E-004
   58.00000     -8.212482560389816E-004
   59.00000     -7.224898481173240E-004
   60.00000     -6.309743671386006E-004
   61.00000     -5.461852011473026E-004
   62.00000     -4.676480639682000E-004
   63.00000     -3.949274292201694E-004
   64.00000     -3.276233048033471E-004
   65.00000     -2.653683187912612E-004
   66.00000     -2.078250916720710E-004
   67.00000     -1.546838739569122E-004
   68.00000     -1.056604325169992E-004
   69.00000     -6.049417393952261E-005
   70.00000     -1.894649921085973E-005
