  0.0000000E+00 -7.433852182618332E-002
   1.000000     -7.331257901597037E-002
   2.000000     -7.305718708028482E-002
   3.000000     -7.097871881121923E-002
   4.000000     -6.899084127065984E-002
   5.000000     -6.784525878835286E-002
   6.000000     -6.421932066567575E-002
   7.000000     -6.040290346791798E-002
   8.000000     -6.034887414823027E-002
   9.000000     -5.640542437171523E-002
   10.00000     -5.250335499104284E-002
   11.00000     -4.871909431771532E-002
   12.00000     -4.538523955555296E-002
   13.00000     -4.510080207919732E-002
   14.00000     -4.167687415644815E-002
   15.00000     -3.846174075786810E-002
   16.00000     -3.546019864629040E-002
   17.00000     -3.267044285633604E-002
   18.00000     -3.008628459876076E-002
   19.00000     -2.769873761032524E-002
   20.00000     -2.549714939573213E-002
   21.00000     -2.347000102883635E-002
   22.00000     -2.160546598679237E-002
   23.00000     -2.115809166975366E-002
   24.00000     -1.989179140903577E-002
   25.00000     -1.831755926015034E-002
   26.00000     -1.687184522777673E-002
   27.00000     -1.554432123452293E-002
   28.00000     -1.432530691537381E-002
   29.00000     -1.320578933048145E-002
   30.00000     -1.217742008135258E-002
   31.00000     -1.123249726095506E-002
   32.00000     -1.036393760078218E-002
   33.00000     -9.565242673759524E-003
   34.00000     -8.830461905429939E-003
   35.00000     -8.154154332420236E-003
   36.00000     -7.531350450522380E-003
   37.00000     -6.957515058583924E-003
   38.00000     -6.428511687163583E-003
   39.00000     -5.940568971713584E-003
   40.00000     -5.490249165970166E-003
   41.00000     -5.074418875231960E-003
   42.00000     -4.690222008607226E-003
   43.00000     -4.335054894681779E-003
   44.00000     -4.006543469386894E-003
   45.00000     -3.702522422911389E-003
   46.00000     -3.421016180435758E-003
   47.00000     -3.160221586396982E-003
   48.00000     -2.918492161800917E-003
   49.00000     -2.694323807227413E-003
   50.00000     -2.486341829476686E-003
   51.00000     -2.293289176456068E-003
   52.00000     -2.114015772305164E-003
   53.00000     -1.947468852480414E-003
   54.00000     -1.792684206269490E-003
   55.00000     -1.648778241778796E-003
   56.00000     -1.514940795701499E-003
   57.00000     -1.390428617044225E-003
   58.00000     -1.274559460423193E-003
   59.00000     -1.166706730513721E-003
   60.00000     -1.066294624749043E-003
   61.00000     -9.727937264259335E-004
   62.00000     -8.857170050043468E-004
   63.00000     -8.046161518779149E-004
   64.00000     -7.290784455954054E-004
   65.00000     -6.587234274912828E-004
   66.00000     -5.932005048802842E-004
   67.00000     -5.321862836985845E-004
   68.00000     -4.753824830572568E-004
   69.00000     -4.225136177570196E-004
   70.00000     -3.733254034309895E-004
   71.00000     -3.275829275407643E-004
   72.00000     -2.850691358966841E-004
   73.00000     -2.455834338543148E-004
   74.00000     -2.089404179899194E-004
   75.00000     -1.749687289007137E-004
   76.00000     -1.435100175632415E-004
   77.00000     -1.144180196596271E-004
   78.00000     -8.755773461746291E-005
   79.00000     -6.280470907731896E-005
   80.00000     -4.004442855616940E-005
   81.00000     -1.917182700540299E-005
   82.00000     -9.093320639944236E-008
