  0.0000000E+00 -7.251312464787885E-002
   1.000000     -7.153224023093142E-002
   2.000000     -7.118038188973448E-002
   3.000000     -6.928555403894356E-002
   4.000000     -6.701456896794446E-002
   5.000000     -6.621388435258634E-002
   6.000000     -6.264622117365508E-002
   7.000000     -5.883125428434212E-002
   8.000000     -5.834383285673859E-002
   9.000000     -5.493970357744544E-002
   10.00000     -5.108723653807264E-002
   11.00000     -4.735010019991675E-002
   12.00000     -4.377663065441636E-002
   13.00000     -4.323908057128846E-002
   14.00000     -4.039533601883107E-002
   15.00000     -3.722082144934816E-002
   16.00000     -3.425799780596794E-002
   17.00000     -3.150517714082192E-002
   18.00000     -2.895627874654291E-002
   19.00000     -2.660241637964839E-002
   20.00000     -2.443303022550836E-002
   21.00000     -2.243668733488970E-002
   22.00000     -2.060164051122258E-002
   23.00000     -1.891891925143600E-002
   24.00000     -1.891614278382000E-002
   25.00000     -1.736905389162525E-002
   26.00000     -1.594930421229415E-002
   27.00000     -1.464669586649149E-002
   28.00000     -1.345160467192018E-002
   29.00000     -1.235507020099847E-002
   30.00000     -1.134879320035484E-002
   31.00000     -1.042511780541928E-002
   32.00000     -9.577003927667308E-003
   33.00000     -8.797993676856103E-003
   34.00000     -8.082174572951122E-003
   35.00000     -7.424141488633023E-003
   36.00000     -6.818958666370445E-003
   37.00000     -6.262122717724172E-003
   38.00000     -5.749527195151309E-003
   39.00000     -5.277429097249726E-003
   40.00000     -4.842417504181275E-003
   41.00000     -4.441384423906696E-003
   42.00000     -4.071497849172925E-003
   43.00000     -3.730176970483026E-003
   44.00000     -3.415069454533762E-003
   45.00000     -3.124030675609142E-003
   46.00000     -2.855104775296150E-003
   47.00000     -2.606507420772488E-003
   48.00000     -2.376610131685283E-003
   49.00000     -2.163926048734164E-003
   50.00000     -1.967097022349693E-003
   51.00000     -1.784881906489548E-003
   52.00000     -1.616145949962424E-003
   53.00000     -1.459851185408612E-003
   54.00000     -1.315047723821486E-003
   55.00000     -1.180865870083251E-003
   56.00000     -1.056508946080817E-003
   57.00000     -9.412470044808446E-004
   58.00000     -8.344106091457649E-004
   59.00000     -7.353858914188448E-004
   60.00000     -6.436095631558911E-004
   61.00000     -5.585645725877426E-004
   62.00000     -4.797762979645889E-004
   63.00000     -4.068087064059414E-004
   64.00000     -3.392613967086184E-004
   65.00000     -2.767665448048451E-004
   66.00000     -2.189862977882271E-004
   67.00000     -1.656104047534352E-004
   68.00000     -1.163540944946610E-004
   69.00000     -7.095618759550878E-005
   70.00000     -2.917743608206031E-005
