  0.0000000E+00 -7.649189960453918E-002
   1.000000     -7.578314356856442E-002
   2.000000     -7.507855613822953E-002
   3.000000     -7.437812193413940E-002
   4.000000     -7.368183327185590E-002
   5.000000     -7.298968051894092E-002
   6.000000     -7.230165402346449E-002
   7.000000     -7.161774411392906E-002
   8.000000     -7.093794109919076E-002
   9.000000     -7.026223526839827E-002
   10.00000     -6.959061689134952E-002
   11.00000     -6.892307621509711E-002
   12.00000     -6.825960346679771E-002
   13.00000     -6.760018894706796E-002
   14.00000     -6.694482251426220E-002
   15.00000     -6.629349379538019E-002
   16.00000     -6.564620123129739E-002
   17.00000     -6.500291602583827E-002
   18.00000     -6.436358256996526E-002
   19.00000     -6.372854850533202E-002
   20.00000     -6.309733263567557E-002
   21.00000     -6.246821713958674E-002
   22.00000     -6.184883282992461E-002
   23.00000     -6.123442033476772E-002
   24.00000     -6.059518364486615E-002
   25.00000     -6.001181806212722E-002
   26.00000     -5.946418152098606E-002
   27.00000     -5.873758638759644E-002
   28.00000     -5.814379373679463E-002
   29.00000     -5.777557052232347E-002
   30.00000     -5.692040984472821E-002
   31.00000     -5.600911296062277E-002
   32.00000     -5.582600227987883E-002
   33.00000     -5.504538584081557E-002
   34.00000     -5.408945696438967E-002
   35.00000     -5.312875272280407E-002
   36.00000     -5.302934183220535E-002
   37.00000     -5.215585726893276E-002
   38.00000     -5.118680218092845E-002
   39.00000     -5.021895629459758E-002
   40.00000     -4.971772965853654E-002
   41.00000     -4.925366058882080E-002
   42.00000     -4.829360406693766E-002
   43.00000     -4.733947412211977E-002
   44.00000     -4.639256387055586E-002
   45.00000     -4.588479723336701E-002
   46.00000     -4.545367051702569E-002
   47.00000     -4.452405658336247E-002
   48.00000     -4.360424096474389E-002
   49.00000     -4.269492048345399E-002
   50.00000     -4.179669334585417E-002
   51.00000     -4.150469249501340E-002
   52.00000     -4.090991223828320E-002
   53.00000     -4.003518123457724E-002
   54.00000     -3.917275829328744E-002
   55.00000     -3.832294577978825E-002
   56.00000     -3.748598807281941E-002
   57.00000     -3.666211784473105E-002
   58.00000     -3.653684136755656E-002
   59.00000     -3.585134919175886E-002
   60.00000     -3.505395894451122E-002
   61.00000     -3.426996196473171E-002
   62.00000     -3.349941038167899E-002
   63.00000     -3.274232628822676E-002
   64.00000     -3.199870659989251E-002
   65.00000     -3.126852913706266E-002
   66.00000     -3.093309667838402E-002
   67.00000     -3.055172088711375E-002
   68.00000     -2.984825932702414E-002
   69.00000     -2.915803867557578E-002
   70.00000     -2.848096628600140E-002
   71.00000     -2.781693365339671E-002
   72.00000     -2.716582045154766E-002
   73.00000     -2.652749608902047E-002
   74.00000     -2.590182101760434E-002
   75.00000     -2.528864816281240E-002
   76.00000     -2.468784623089256E-002
   77.00000     -2.463865443335929E-002
   78.00000     -2.409917716353712E-002
   79.00000     -2.352255993328522E-002
   80.00000     -2.295779346135253E-002
   81.00000     -2.240470505982247E-002
   82.00000     -2.186311854894303E-002
   83.00000     -2.133285530139503E-002
   84.00000     -2.081373444040275E-002
   85.00000     -2.030557533829485E-002
   86.00000     -1.980819407549149E-002
   87.00000     -1.932140783880583E-002
   88.00000     -1.884503330243782E-002
   89.00000     -1.837888740506647E-002
   90.00000     -1.792278808282441E-002
   91.00000     -1.759270417005030E-002
   92.00000     -1.747654503413484E-002
   93.00000     -1.703999562813259E-002
   94.00000     -1.661294619889028E-002
   95.00000     -1.619522168307030E-002
   96.00000     -1.578664563705938E-002
   97.00000     -1.538704321565474E-002
   98.00000     -1.499624142635226E-002
   99.00000     -1.461406926953436E-002
   100.0000     -1.424035784876798E-002
   101.0000     -1.387494046373739E-002
   102.0000     -1.351765268944804E-002
   103.0000     -1.316833244347154E-002
   104.0000     -1.282682004246696E-002
   105.0000     -1.249295824897450E-002
   106.0000     -1.216659230937185E-002
   107.0000     -1.184756998380342E-002
   108.0000     -1.153574156885701E-002
   109.0000     -1.123095991379031E-002
   110.0000     -1.093308043132703E-002
   111.0000     -1.064196110498821E-002
   112.0000     -1.035746249980797E-002
   113.0000     -1.007944782219410E-002
   114.0000     -9.807784287813842E-003
   115.0000     -9.727847628100555E-003
   116.0000     -9.542332700802264E-003
   117.0000     -9.282973733947673E-003
   118.0000     -9.029575796679665E-003
   119.0000     -8.782014956189292E-003
   120.0000     -8.540169403538786E-003
   121.0000     -8.303919715472619E-003
   122.0000     -8.073148855931609E-003
   123.0000     -7.847742152379780E-003
   124.0000     -7.627587266090960E-003
   125.0000     -7.412574159898096E-003
   126.0000     -7.202595064425461E-003
   127.0000     -6.997544443225714E-003
   128.0000     -6.797318957068144E-003
   129.0000     -6.601817427555097E-003
   130.0000     -6.410940800207805E-003
   131.0000     -6.224592107142317E-003
   132.0000     -6.042676429447371E-003
   133.0000     -5.865100859354859E-003
   134.0000     -5.691774462295688E-003
   135.0000     -5.522608238914558E-003
   136.0000     -5.357515087121223E-003
   137.0000     -5.196409764233106E-003
   138.0000     -5.039208849278789E-003
   139.0000     -4.885830705503674E-003
   140.0000     -4.736195443133073E-003
   141.0000     -4.590224882429396E-003
   142.0000     -4.447842517086249E-003
   143.0000     -4.308973477986825E-003
   144.0000     -4.173544497361964E-003
   145.0000     -4.041483873371405E-003
   146.0000     -3.912721435131747E-003
   147.0000     -3.787188508211877E-003
   148.0000     -3.664817880611399E-003
   149.0000     -3.545543769239889E-003
   150.0000     -3.429301786907701E-003
   151.0000     -3.316028909838442E-003
   152.0000     -3.205663445714000E-003
   153.0000     -3.098145002256222E-003
   154.0000     -2.993414456352072E-003
   155.0000     -2.891413923726381E-003
   156.0000     -2.792086729163336E-003
   157.0000     -2.695377377278255E-003
   158.0000     -2.601231523841303E-003
   159.0000     -2.509595947649479E-003
   160.0000     -2.420418522947228E-003
   161.0000     -2.333648192392070E-003
   162.0000     -2.249234940562330E-003
   163.0000     -2.167129768002421E-003
   164.0000     -2.087284665800568E-003
   165.0000     -2.009652590695708E-003
   166.0000     -1.934187440705423E-003
   167.0000     -1.860844031270844E-003
   168.0000     -1.789578071911143E-003
   169.0000     -1.720346143381009E-003
   170.0000     -1.653105675326164E-003
   171.0000     -1.587814924428147E-003
   172.0000     -1.524432953034543E-003
   173.0000     -1.462919608269117E-003
   174.0000     -1.403235501621908E-003
   175.0000     -1.345341989024129E-003
   176.0000     -1.289201151432457E-003
   177.0000     -1.234775775996012E-003
   178.0000     -1.182029338021032E-003
   179.0000     -1.130925984493340E-003
   180.0000     -1.081430522487047E-003
   181.0000     -1.033508435222401E-003
   182.0000     -9.871264343391075E-004
   183.0000     -9.701244326513683E-004
   184.0000     -9.422475476420412E-004
   185.0000     -8.988442827423285E-004
   186.0000     -8.568816662679967E-004
   187.0000     -8.163283296661292E-004
   188.0000     -7.771531938662882E-004
   189.0000     -7.393256744223749E-004
   190.0000     -7.028156877886190E-004
   191.0000     -6.675936415962463E-004
   192.0000     -6.336304221781619E-004
   193.0000     -6.008973815703924E-004
   194.0000     -5.693663245365760E-004
   195.0000     -5.390094957799509E-004
   196.0000     -5.097995673985136E-004
   197.0000     -4.817096266018650E-004
   198.0000     -4.547131636951383E-004
   199.0000     -4.287840603278476E-004
   200.0000     -4.038965780039503E-004
   201.0000     -3.800253468478708E-004
   202.0000     -3.571453546209205E-004
   203.0000     -3.352319359812749E-004
   204.0000     -3.142607619823290E-004
   205.0000     -2.942078298022692E-004
   206.0000     -2.750494526993129E-004
   207.0000     -2.567622501864322E-004
   208.0000     -2.393231384193066E-004
   209.0000     -2.227093207917890E-004
   210.0000     -2.068982787332720E-004
   211.0000     -1.918677627017530E-004
   212.0000     -1.775957833676782E-004
   213.0000     -1.640606029826852E-004
   214.0000     -1.512407269280366E-004
   215.0000     -1.391148954376742E-004
   216.0000     -1.276620754907212E-004
   217.0000     -1.168614528686299E-004
   218.0000     -1.066924243724510E-004
   219.0000     -9.713459019517852E-005
   220.0000     -8.816774644552174E-005
   221.0000     -7.977187781864638E-005
   222.0000     -7.192715041028167E-005
   223.0000     -6.461390467090500E-005
   224.0000     -5.781264849703424E-005
   225.0000     -5.150405045749191E-005
   226.0000     -4.566893315321406E-005
   227.0000     -4.028826671029616E-005
   228.0000     -3.534316240764453E-005
   229.0000     -3.081486644249040E-005
   230.0000     -2.668475384057414E-005
   231.0000     -2.293432252181206E-005
   232.0000     -1.954518753960156E-005
   233.0000     -1.649907552173735E-005
   234.0000     -1.377781935755443E-005
   235.0000     -1.136335320129663E-005
   236.0000     -9.237707905130843E-006
   237.0000     -7.383007067703062E-006
   238.0000     -5.781464014478788E-006
   239.0000     -4.415380267192150E-006
   240.0000     -3.267146532628290E-006
   241.0000     -2.319248231478640E-006
   242.0000     -1.554279836831428E-006
   243.0000     -9.549779722073908E-007
   244.0000     -5.042997973617667E-007
   245.0000     -1.856332329993417E-007
