  0.0000000E+00 -7.612931651685390E-002
   1.000000     -7.508249692476515E-002
   2.000000     -7.487297874214911E-002
   3.000000     -7.263907118816645E-002
   4.000000     -7.092886721305003E-002
   5.000000     -6.944502567247758E-002
   6.000000     -6.576197011402811E-002
   7.000000     -6.242147206858385E-002
   8.000000     -6.183776618896850E-002
   9.000000     -5.784277536925895E-002
   10.00000     -5.389206417221187E-002
   11.00000     -5.006159159889215E-002
   12.00000     -4.748984059623013E-002
   13.00000     -4.639936227567656E-002
   14.00000     -4.293360839458857E-002
   15.00000     -3.967864257673075E-002
   16.00000     -3.663913160083673E-002
   17.00000     -3.381315579571097E-002
   18.00000     -3.119442039420539E-002
   19.00000     -2.877384105983051E-002
   20.00000     -2.654067442511677E-002
   21.00000     -2.448331732045970E-002
   22.00000     -2.335399541263821E-002
   23.00000     -2.258986381063910E-002
   24.00000     -2.084849102079954E-002
   25.00000     -1.924771039312898E-002
   26.00000     -1.777653541017855E-002
   27.00000     -1.642457900993537E-002
   28.00000     -1.518210547288859E-002
   29.00000     -1.404005130195689E-002
   30.00000     -1.299001903608302E-002
   31.00000     -1.202426196066046E-002
   32.00000     -1.113565451120442E-002
   33.00000     -1.031765856389450E-002
   34.00000     -9.564286250911965E-003
   35.00000     -8.870061539541852E-003
   36.00000     -8.229981915771917E-003
   37.00000     -7.639481077156847E-003
   38.00000     -7.094393222630880E-003
   39.00000     -6.590919297892244E-003
   40.00000     -6.125595391019841E-003
   41.00000     -5.695263357088001E-003
   42.00000     -5.297043670037345E-003
   43.00000     -4.928310445514752E-003
   44.00000     -4.586668542795231E-003
   45.00000     -4.269932632029903E-003
   46.00000     -3.976108101055066E-003
   47.00000     -3.703373670979388E-003
   48.00000     -3.450065589622197E-003
   49.00000     -3.214663275042159E-003
   50.00000     -2.995776286737195E-003
   51.00000     -2.792132508777159E-003
   52.00000     -2.602567436557959E-003
   53.00000     -2.426014466612642E-003
   54.00000     -2.261496096684650E-003
   55.00000     -2.108115950858628E-003
   56.00000     -1.965051551821765E-003
   57.00000     -1.831547769210680E-003
   58.00000     -1.706910879438196E-003
   59.00000     -1.590503178372200E-003
   60.00000     -1.481738093751000E-003
   61.00000     -1.380075749277971E-003
   62.00000     -1.285018936959990E-003
   63.00000     -1.196109458464214E-003
   64.00000     -1.112924800090831E-003
   65.00000     -1.035075109425369E-003
   66.00000     -9.622004448688471E-004
   67.00000     -8.939682720769816E-004
   68.00000     -8.300711838951471E-004
   69.00000     -7.702248226804105E-004
   70.00000     -7.141659859780016E-004
   71.00000     -6.616508983886659E-004
   72.00000     -6.124536341464140E-004
   73.00000     -5.663646764400437E-004
   74.00000     -5.231896008744241E-004
   75.00000     -4.827478716934353E-004
   76.00000     -4.448717404896188E-004
   77.00000     -4.094052381183939E-004
   78.00000     -3.762032514288395E-004
   79.00000     -3.451306772281089E-004
   80.00000     -3.160616466225042E-004
   81.00000     -2.888788135328925E-004
   82.00000     -2.634727017734204E-004
   83.00000     -2.397411056173925E-004
   84.00000     -2.175885392586633E-004
   85.00000     -1.969257310176101E-004
   86.00000     -1.776691585424806E-004
   87.00000     -1.597406216260441E-004
   88.00000     -1.430668495984300E-004
   89.00000     -1.275791405767727E-004
   90.00000     -1.132130301563195E-004
   91.00000     -9.990798742435813E-005
   92.00000     -8.760713647739784E-005
   93.00000     -7.625700193711964E-005
   94.00000     -6.580727731136742E-005
   95.00000     -5.621061546253355E-005
   96.00000     -4.742244097431455E-005
   97.00000     -3.940078492667557E-005
   98.00000     -3.210614363094283E-005
   99.00000     -2.550136448037316E-005
   100.0000     -1.955156468031660E-005
   101.0000     -1.422409311016328E-005
   102.0000     -9.488553760876773E-006
   103.0000     -5.316925182407535E-006
   104.0000     -1.683844218445178E-006
