  0.0000000E+00 -7.331319245607133E-002
   1.000000     -7.231084016697538E-002
   2.000000     -7.200497191298860E-002
   3.000000     -7.002775759146668E-002
   4.000000     -6.788086392685543E-002
   5.000000     -6.692900203189085E-002
   6.000000     -6.333578855816242E-002
   7.000000     -5.949669351540775E-002
   8.000000     -5.924623367230938E-002
   9.000000     -5.558220132805512E-002
   10.00000     -5.170799107397875E-002
   11.00000     -4.795019777715001E-002
   12.00000     -4.435709423482894E-002
   13.00000     -4.417983386328317E-002
   14.00000     -4.095709729906571E-002
   15.00000     -3.776477746272350E-002
   16.00000     -3.478498157969617E-002
   17.00000     -3.201597039933769E-002
   18.00000     -2.945161583500568E-002
   19.00000     -2.708298779825659E-002
   20.00000     -2.489948584631058E-002
   21.00000     -2.288963933841321E-002
   22.00000     -2.104166635989127E-002
   23.00000     -1.990042002277871E-002
   24.00000     -1.934385642563344E-002
   25.00000     -1.778482999938893E-002
   26.00000     -1.635369874784769E-002
   27.00000     -1.504016851349199E-002
   28.00000     -1.383459047833779E-002
   29.00000     -1.272798119134164E-002
   30.00000     -1.171201985132977E-002
   31.00000     -1.077903040525448E-002
   32.00000     -9.921953829988750E-003
   33.00000     -9.134314458275969E-003
   34.00000     -8.410183102509008E-003
   35.00000     -7.744138916394381E-003
   36.00000     -7.131231337758787E-003
   37.00000     -6.566943019514761E-003
   38.00000     -6.047154338477146E-003
   39.00000     -5.568109842449743E-003
   40.00000     -5.126386831854442E-003
   41.00000     -4.718866156113831E-003
   42.00000     -4.342705224346882E-003
   43.00000     -3.995313175261538E-003
   44.00000     -3.674328115414295E-003
   45.00000     -3.377596313036428E-003
   46.00000     -3.103153222527228E-003
   47.00000     -2.849206209617892E-003
   48.00000     -2.614118846994702E-003
   49.00000     -2.396396653276399E-003
   50.00000     -2.194674153528326E-003
   51.00000     -2.007703146130985E-003
   52.00000     -1.834342068210180E-003
   53.00000     -1.673546359551105E-003
   54.00000     -1.524359732664303E-003
   55.00000     -1.385906264245222E-003
   56.00000     -1.257383230537540E-003
   57.00000     -1.138054615991442E-003
   58.00000     -1.027245231056822E-003
   59.00000     -9.243353809481713E-004
   60.00000     -8.287560327628568E-004
   61.00000     -7.399844334413253E-004
   62.00000     -6.575401357463832E-004
   63.00000     -5.809813937422731E-004
   64.00000     -5.099018932018240E-004
   65.00000     -4.439277860041240E-004
   66.00000     -3.827150009461704E-004
   67.00000     -3.259468065308457E-004
   68.00000     -2.733316042666936E-004
   69.00000     -2.246009338961646E-004
   70.00000     -1.795076748519782E-004
   71.00000     -1.378244312587160E-004
   72.00000     -9.934209114304214E-005
   73.00000     -6.386855449310878E-005
   74.00000     -3.122762990389326E-005
   75.00000     -1.258106592936435E-006
