   0.00000000      -1.1704153926109333E-002
   1.00000000      -1.1139405848970252E-002
   2.00000000      -1.0593170992523245E-002
   3.00000000      -1.0064915654449705E-002
   4.00000000      -9.5540981270268877E-003
   5.00000000      -9.0602976700778718E-003
   6.00000000      -8.5830955743847939E-003
   7.00000000      -8.1205892124646770E-003
   8.00000000      -7.6711333971724938E-003
   9.00000000      -7.2441421896932336E-003
   10.0000000      -6.8484695682199687E-003
   11.0000000      -6.4448347722017114E-003
   12.0000000      -6.0074020059531445E-003
   13.0000000      -5.5719659029260429E-003
   14.0000000      -5.3318535013625930E-003
   15.0000000      -5.0399477870520949E-003
   16.0000000      -4.6043065084208643E-003
   17.0000000      -4.1691405870615652E-003
   18.0000000      -3.7471673832237600E-003
   19.0000000      -3.3412803993202204E-003
   20.0000000      -2.9527699214533677E-003
   21.0000000      -2.6489196151249020E-003
   22.0000000      -2.5777584022471014E-003
   23.0000000      -2.2266010710773393E-003
   24.0000000      -1.8907954424736051E-003
   25.0000000      -1.5723877598029551E-003
   26.0000000      -1.2713284159446519E-003
   27.0000000      -9.8747722874083059E-004
   28.0000000      -7.2067824964750567E-004
   29.0000000      -4.7077756906312656E-004
   30.0000000      -2.3763083602682965E-004
   31.0000000      -2.1108187959028209E-005
