   0.00000000      -1.6302209206416014E-002
   1.00000000      -1.5697182510339708E-002
   2.00000000      -1.5110339739667248E-002
   3.00000000      -1.4541184552294324E-002
   4.00000000      -1.3989297780655455E-002
   5.00000000      -1.3454033042502828E-002
   6.00000000      -1.2933677638034326E-002
   7.00000000      -1.2430471381234634E-002
   8.00000000      -1.1954453693008163E-002
   9.00000000      -1.1485355047315815E-002
   10.0000000      -1.0984915008820144E-002
   11.0000000      -1.0507672327283163E-002
   12.0000000      -1.0240678131153711E-002
   13.0000000      -9.8039085724427773E-003
   14.0000000      -9.2645217400540991E-003
   15.0000000      -8.7230297973222796E-003
   16.0000000      -8.1939413402920738E-003
   17.0000000      -7.8004071913524041E-003
   18.0000000      -7.6743393784887677E-003
   19.0000000      -7.1826238403015236E-003
   20.0000000      -6.7067754771584862E-003
   21.0000000      -6.2501488666195041E-003
   22.0000000      -5.8129418768838956E-003
   23.0000000      -5.3950416080583135E-003
   24.0000000      -4.9962104412519786E-003
   25.0000000      -4.6161516087469042E-003
   26.0000000      -4.2545428219549156E-003
   27.0000000      -3.9110618241284343E-003
   28.0000000      -3.5861348100953219E-003
   29.0000000      -3.5624934225064395E-003
   30.0000000      -3.2768903319622730E-003
   31.0000000      -2.9857105800658503E-003
   32.0000000      -2.7112570914133022E-003
   33.0000000      -2.4532002779961253E-003
   34.0000000      -2.2111873346709111E-003
   35.0000000      -1.9848519086709186E-003
   36.0000000      -1.7738134379308920E-003
   37.0000000      -1.5776757260688122E-003
   38.0000000      -1.3960257442775378E-003
   39.0000000      -1.2284327981088201E-003
   40.0000000      -1.0744480215492699E-003
   41.0000000      -9.3360410828529879E-004
   42.0000000      -8.0541517586321686E-004
   43.0000000      -6.8937666354645976E-004
   44.0000000      -5.8496518357660716E-004
   45.0000000      -4.9163827670288117E-004
   46.0000000      -4.0883406628556396E-004
   47.0000000      -3.3597086173106801E-004
   48.0000000      -2.7244683206002827E-004
   49.0000000      -2.1763995313551715E-004
   50.0000000      -1.7090852294553445E-004
   51.0000000      -1.3159262701137634E-004
   52.0000000      -9.9016998664443176E-005
   53.0000000      -7.2495721597605199E-005
   54.0000000      -5.1339118593879852E-005
   55.0000000      -3.4862915910208387E-005
   56.0000000      -2.2399353024081725E-005
   57.0000000      -1.3309383237446879E-005
   58.0000000      -6.9946700759062534E-006
   59.0000000      -2.9081325422607551E-006
   60.0000000      -5.6368735817802545E-007
