  0.0000000E+00 -0.107178396757878     
   1.000000     -0.105666035642921     
   2.000000     -0.105264909301880     
   3.000000     -0.102184354492384     
   4.000000     -9.976174290248194E-002
   5.000000     -9.768789493218664E-002
   6.000000     -9.249939513600465E-002
   7.000000     -8.776994373980120E-002
   8.000000     -8.696994652709999E-002
   9.000000     -8.134038244731778E-002
   10.00000     -7.577299028068507E-002
   11.00000     -7.037494981679515E-002
   12.00000     -6.671802987277076E-002
   13.00000     -6.521396888484428E-002
   14.00000     -6.032987786751786E-002
   15.00000     -5.574286235475064E-002
   16.00000     -5.145951325300335E-002
   17.00000     -4.747713266194186E-002
   18.00000     -4.378685335871751E-002
   19.00000     -4.037587452818162E-002
   20.00000     -3.722905584025570E-002
   21.00000     -3.433004439719116E-002
   22.00000     -3.268940871241339E-002
   23.00000     -3.166205934133640E-002
   24.00000     -2.920843855477194E-002
   25.00000     -2.695298878124252E-002
   26.00000     -2.488022536114040E-002
   27.00000     -2.297550838304787E-002
   28.00000     -2.122511642556056E-002
   29.00000     -1.961627389458407E-002
   30.00000     -1.813714657465278E-002
   31.00000     -1.677681583438882E-002
   32.00000     -1.552523904183634E-002
   33.00000     -1.437320162677114E-002
   34.00000     -1.331226466769138E-002
   35.00000     -1.233471073471629E-002
   36.00000     -1.143348987868567E-002
   37.00000     -1.060216704210437E-002
   38.00000     -9.834871720533267E-003
   39.00000     -9.126250380086801E-003
   40.00000     -8.471421905533419E-003
   41.00000     -7.865936190099993E-003
   42.00000     -7.305735864575622E-003
   43.00000     -6.787121086409132E-003
   44.00000     -6.306717259301342E-003
   45.00000     -5.861445522960427E-003
   46.00000     -5.448495835756102E-003
   47.00000     -5.065302465932516E-003
   48.00000     -4.709521706834890E-003
   49.00000     -4.379011636069284E-003
   50.00000     -4.071813746043343E-003
   51.00000     -3.786136282755040E-003
   52.00000     -3.520339140166746E-003
   53.00000     -3.272920168423417E-003
   54.00000     -3.042502765127319E-003
   55.00000     -2.827824629582404E-003
   56.00000     -2.627727570181831E-003
   57.00000     -2.441148264813417E-003
   58.00000     -2.267109883236830E-003
   59.00000     -2.104714488812913E-003
   60.00000     -1.953136144736634E-003
   61.00000     -1.811614657055246E-003
   62.00000     -1.679449893269101E-003
   63.00000     -1.555996621245972E-003
   64.00000     -1.440659818569164E-003
   65.00000     -1.332890407324260E-003
   66.00000     -1.232181373747847E-003
   67.00000     -1.138064236153693E-003
   68.00000     -1.050105828153729E-003
   69.00000     -9.679053674385156E-004
   70.00000     -8.910917833084750E-004
   71.00000     -8.193212787808203E-004
   72.00000     -7.522751054703402E-004
   73.00000     -6.896575315767155E-004
   74.00000     -6.311939852335692E-004
   75.00000     -5.766293572050541E-004
   76.00000     -5.257264484754155E-004
   77.00000     -4.782645496826312E-004
   78.00000     -4.340381406160391E-004
   79.00000     -3.928556991456957E-004
   80.00000     -3.545386099904552E-004
   81.00000     -3.189201646781615E-004
   82.00000     -2.858446449154807E-004
   83.00000     -2.551664823816810E-004
   84.00000     -2.267494887023783E-004
   85.00000     -2.004661500611716E-004
   86.00000     -1.761969815878968E-004
   87.00000     -1.538299373435610E-004
   88.00000     -1.332598724364012E-004
   89.00000     -1.143880545959996E-004
   90.00000     -9.712172347337932E-005
   91.00000     -8.137369713739079E-005
   92.00000     -6.706202689084796E-005
   93.00000     -5.410970396598767E-005
   94.00000     -4.244442548529452E-005
   95.00000     -3.199843345932684E-005
   96.00000     -2.270845191477898E-005
   97.00000     -1.451576867355745E-005
   98.00000     -7.366552036556514E-006
   99.00000     -1.212590576103284E-006
