  0.0000000E+00 -0.105321322963508     
   1.000000     -0.103823285444795     
   2.000000     -0.103389661604683     
   3.000000     -0.100462231799629     
   4.000000     -9.775222781090356E-002
   5.000000     -9.602884278340548E-002
   6.000000     -9.089963947006650E-002
   7.000000     -8.567657889975903E-002
   8.000000     -8.542610193668977E-002
   9.000000     -7.984984820051032E-002
   10.00000     -7.433290291892558E-002
   11.00000     -6.898278777135972E-002
   12.00000     -6.453557341923954E-002
   13.00000     -6.386737285054075E-002
   14.00000     -5.902665811998067E-002
   15.00000     -5.448095163263782E-002
   16.00000     -5.023697913336016E-002
   17.00000     -4.629216179902272E-002
   18.00000     -4.263774239260219E-002
   19.00000     -3.926102187479855E-002
   20.00000     -3.614695421554853E-002
   21.00000     -3.327927388772947E-002
   22.00000     -3.064128575249409E-002
   23.00000     -3.041226273313330E-002
   24.00000     -2.821639092892853E-002
   25.00000     -2.598847868503652E-002
   26.00000     -2.394212585487195E-002
   27.00000     -2.206275380042969E-002
   28.00000     -2.033669829673551E-002
   29.00000     -1.875123723049021E-002
   30.00000     -1.729458644850276E-002
   31.00000     -1.595587423102462E-002
   32.00000     -1.472510195099939E-002
   33.00000     -1.359309635910450E-002
   34.00000     -1.255145737447986E-002
   35.00000     -1.159250411425165E-002
   36.00000     -1.070922105380747E-002
   37.00000     -9.895205594940896E-003
   38.00000     -9.144617871785672E-003
   39.00000     -8.452133301373409E-003
   40.00000     -7.812898154366046E-003
   41.00000     -7.222488258006091E-003
   42.00000     -6.676870829728915E-003
   43.00000     -6.172369362891934E-003
   44.00000     -5.705631435808255E-003
   45.00000     -5.273599284371841E-003
   46.00000     -4.873482961569165E-003
   47.00000     -4.502735900044295E-003
   48.00000     -4.159032693632807E-003
   49.00000     -3.840248918204105E-003
   50.00000     -3.544442819644383E-003
   51.00000     -3.269838706200947E-003
   52.00000     -3.014811892853290E-003
   53.00000     -2.777875056274583E-003
   54.00000     -2.557665869883733E-003
   55.00000     -2.352935799173998E-003
   56.00000     -2.162539947753941E-003
   57.00000     -1.985427854231192E-003
   58.00000     -1.820635149145551E-003
   59.00000     -1.667275989585387E-003
   60.00000     -1.524536196898408E-003
   61.00000     -1.391667030048511E-003
   62.00000     -1.267979533702457E-003
   63.00000     -1.152839406087127E-003
   64.00000     -1.045662337078953E-003
   65.00000     -9.459097719141281E-004
   66.00000     -8.530850603818952E-004
   67.00000     -7.667299554281639E-004
   68.00000     -6.864214287940497E-004
   69.00000     -6.117687746868994E-004
   70.00000     -5.424109755748374E-004
   71.00000     -4.780143070528041E-004
   72.00000     -4.182701614031985E-004
   73.00000     -3.628930720212467E-004
   74.00000     -3.116189233711182E-004
   75.00000     -2.642033336751940E-004
   76.00000     -2.204202002530744E-004
   77.00000     -1.800604005178739E-004
   78.00000     -1.429306454190014E-004
   79.00000     -1.088524871090535E-004
   80.00000     -7.766148968773707E-005
   81.00000     -4.920658261958705E-005
   82.00000     -2.334963380209334E-005
