  0.0000000E+00 -0.105085939939761     
   1.000000     -0.103591071184171     
   2.000000     -0.103150470050058     
   3.000000     -0.100243901456602     
   4.000000     -9.749746520737460E-002
   5.000000     -9.581850953904063E-002
   6.000000     -9.069682564401525E-002
   7.000000     -8.541125547916896E-002
   8.000000     -8.523030745709499E-002
   9.000000     -7.966088139185189E-002
   10.00000     -7.415033169719618E-002
   11.00000     -6.880629245101930E-002
   12.00000     -6.425888741010928E-002
   13.00000     -6.369665298606098E-002
   14.00000     -5.886143873062762E-002
   15.00000     -5.432096933166333E-002
   16.00000     -5.008198893120221E-002
   17.00000     -4.614193380546554E-002
   18.00000     -4.249206066216234E-002
   19.00000     -3.911968336581720E-002
   20.00000     -3.600976784295920E-002
   21.00000     -3.314605965401157E-002
   22.00000     -3.051187270136118E-002
   23.00000     -3.012357278706606E-002
   24.00000     -2.809062152552465E-002
   25.00000     -2.586620049717885E-002
   26.00000     -2.382319601483550E-002
   27.00000     -2.194703721710296E-002
   28.00000     -2.022406713286365E-002
   29.00000     -1.864157043153441E-002
   30.00000     -1.718776930954974E-002
   31.00000     -1.585179799775416E-002
   32.00000     -1.462366345164119E-002
   33.00000     -1.349419766469549E-002
   34.00000     -1.245500548501888E-002
   35.00000     -1.149841066858851E-002
   36.00000     -1.061740206131364E-002
   37.00000     -9.805581187199828E-003
   38.00000     -9.057112072704628E-003
   39.00000     -8.366673814272111E-003
   40.00000     -7.729416164728853E-003
   41.00000     -7.140918250706537E-003
   42.00000     -6.597150419642832E-003
   43.00000     -6.094439137913269E-003
   44.00000     -5.629434811369693E-003
   45.00000     -5.199082368651794E-003
   46.00000     -4.800594430639075E-003
   47.00000     -4.431426882276374E-003
   48.00000     -4.089256662748038E-003
   49.00000     -3.771961594396322E-003
   50.00000     -3.477602078267473E-003
   51.00000     -3.204404493554559E-003
   52.00000     -2.950746148647452E-003
   53.00000     -2.715141642397802E-003
   54.00000     -2.496230505140717E-003
   55.00000     -2.292765999701683E-003
   56.00000     -2.103604972865914E-003
   57.00000     -1.927698657484113E-003
   58.00000     -1.764084334466449E-003
   59.00000     -1.611877772347471E-003
   60.00000     -1.470266369885985E-003
   61.00000     -1.338502934311439E-003
   62.00000     -1.215900034368716E-003
   63.00000     -1.101824873280594E-003
   64.00000     -9.956946321838293E-004
   65.00000     -8.969722395393413E-004
   66.00000     -8.051625265168732E-004
   67.00000     -7.198087324518660E-004
   68.00000     -6.404893282140294E-004
   69.00000     -5.668151287601946E-004
   70.00000     -4.984266693182048E-004
   71.00000     -4.349918226188202E-004
   72.00000     -3.762036374248878E-004
   73.00000     -3.217783813796262E-004
   74.00000     -2.714537740164353E-004
   75.00000     -2.249873987909139E-004
   76.00000     -1.821552864353356E-004
   77.00000     -1.427506661497559E-004
   78.00000     -1.065828867092872E-004
   79.00000     -7.347651747882464E-005
   80.00000     -4.327065136867984E-005
   81.00000     -1.581845130264948E-005
