  0.0000000E+00 -0.105654856225337     
   1.000000     -0.104152806124100     
   2.000000     -0.103728056975655     
   3.000000     -0.100771582162797     
   4.000000     -9.811320023035928E-002
   5.000000     -9.632686251178042E-002
   6.000000     -9.118700579466160E-002
   7.000000     -8.605257588291430E-002
   8.000000     -8.570346167434659E-002
   9.000000     -8.011759478328674E-002
   10.00000     -7.459158762553236E-002
   11.00000     -6.923286356001979E-002
   12.00000     -6.492761005300238E-002
   13.00000     -6.410926448475066E-002
   14.00000     -5.926075707676144E-002
   15.00000     -5.470763017905217E-002
   16.00000     -5.045658439396350E-002
   17.00000     -4.650501950542600E-002
   18.00000     -4.284415851854124E-002
   19.00000     -3.946128411095760E-002
   20.00000     -3.634133331184837E-002
   21.00000     -3.346802488669594E-002
   22.00000     -3.082485096664072E-002
   23.00000     -3.082110671017674E-002
   24.00000     -2.839459339340945E-002
   25.00000     -2.616173448215785E-002
   26.00000     -2.411063741354220E-002
   27.00000     -2.222671253548663E-002
   28.00000     -2.049628534613427E-002
   29.00000     -1.890662412278417E-002
   30.00000     -1.744593571660594E-002
   31.00000     -1.610333997775886E-002
   32.00000     -1.486883037076147E-002
   33.00000     -1.373322621946009E-002
   34.00000     -1.268812046109159E-002
   35.00000     -1.172582564220924E-002
   36.00000     -1.083932004812793E-002
   37.00000     -1.002219524274200E-002
   38.00000     -9.268605848396980E-003
   39.00000     -8.573222072439147E-003
   40.00000     -7.931185255803195E-003
   41.00000     -7.338066555511059E-003
   42.00000     -6.789828759373275E-003
   43.00000     -6.282791154209808E-003
   44.00000     -5.813597318654363E-003
   45.00000     -5.379185680715865E-003
   46.00000     -4.976762663291653E-003
   47.00000     -4.603778233705777E-003
   48.00000     -4.257903673103971E-003
   49.00000     -3.937011385967095E-003
   50.00000     -3.639156577503994E-003
   51.00000     -3.362560636077950E-003
   52.00000     -3.105596068269601E-003
   53.00000     -2.866772845081077E-003
   54.00000     -2.644726028724619E-003
   55.00000     -2.438204560126100E-003
   56.00000     -2.246061097524792E-003
   57.00000     -2.067242806243761E-003
   58.00000     -1.900783008781205E-003
   59.00000     -1.745793612796110E-003
   60.00000     -1.601458242335472E-003
   61.00000     -1.467026004784282E-003
   62.00000     -1.341805832543546E-003
   63.00000     -1.225161344387869E-003
   64.00000     -1.116506176860349E-003
   65.00000     -1.015299740971544E-003
   66.00000     -9.210433639181203E-004
   67.00000     -8.332767351291234E-004
   68.00000     -7.515749351346870E-004
   69.00000     -6.755450847059182E-004
   70.00000     -6.048241434605710E-004
   71.00000     -5.390762789735447E-004
   72.00000     -4.779907186936115E-004
   73.00000     -4.212797549544432E-004
   74.00000     -3.686769311171104E-004
   75.00000     -3.199353945746836E-004
   76.00000     -2.748264044734836E-004
   77.00000     -2.331379842112186E-004
   78.00000     -1.946737111958771E-004
   79.00000     -1.592516391955336E-004
   80.00000     -1.267033522073111E-004
   81.00000     -9.687315366984287E-005
   82.00000     -6.961740199188927E-005
   83.00000     -4.480401450611404E-005
   84.00000     -2.231218040754296E-005
   85.00000     -2.032355742173733E-006
