  0.0000000E+00 -0.107804119514714     
   1.000000     -0.106681943179356     
   2.000000     -0.105567179082912     
   3.000000     -0.104459808017563     
   4.000000     -0.103359810731911     
   5.000000     -0.102267167930804     
   6.000000     -0.101181860275163     
   7.000000     -0.100103868381786     
   8.000000     -9.903317282317387E-002
   9.000000     -9.796975412733919E-002
   10.00000     -9.691359277762052E-002
   11.00000     -9.586466921246614E-002
   12.00000     -9.482296382545971E-002
   13.00000     -9.378845696536310E-002
   14.00000     -9.276112892839591E-002
   15.00000     -9.174095998010438E-002
   16.00000     -9.072793045464635E-002
   17.00000     -8.972202002649787E-002
   18.00000     -8.872320814335617E-002
   19.00000     -8.773148369346537E-002
   20.00000     -8.674681635007228E-002
   21.00000     -8.576911419651222E-002
   22.00000     -8.479859771085672E-002
   23.00000     -8.383545456527812E-002
   24.00000     -8.287760048115124E-002
   25.00000     -8.192696945663015E-002
   26.00000     -8.099319236626142E-002
   27.00000     -8.005454199009256E-002
   28.00000     -7.909540376114889E-002
   29.00000     -7.822744570448155E-002
   30.00000     -7.737662661695700E-002
   31.00000     -7.631915089905780E-002
   32.00000     -7.535819298901351E-002
   33.00000     -7.486383791583207E-002
   34.00000     -7.372117802347571E-002
   35.00000     -7.243782475414853E-002
   36.00000     -7.160478401437260E-002
   37.00000     -7.109733208590226E-002
   38.00000     -6.977805338578884E-002
   39.00000     -6.844550308904010E-002
   40.00000     -6.715053284458700E-002
   41.00000     -6.708432804982892E-002
   42.00000     -6.577892377295039E-002
   43.00000     -6.445425162472153E-002
   44.00000     -6.313753513237137E-002
   45.00000     -6.185579849617152E-002
   46.00000     -6.182061753131276E-002
   47.00000     -6.053488276691534E-002
   48.00000     -5.925242067844529E-002
   49.00000     -5.798383917167295E-002
   50.00000     -5.673015841712688E-002
   51.00000     -5.575964633568996E-002
   52.00000     -5.549172642181100E-002
   53.00000     -5.427029419906072E-002
   54.00000     -5.306558134500831E-002
   55.00000     -5.187827810308659E-002
   56.00000     -5.070879472287205E-002
   57.00000     -4.955747259812865E-002
   58.00000     -4.882229563513300E-002
   59.00000     -4.842440255648152E-002
   60.00000     -4.731010769367415E-002
   61.00000     -4.621450421897123E-002
   62.00000     -4.513773260339392E-002
   63.00000     -4.407985028563370E-002
   64.00000     -4.304087414367798E-002
   65.00000     -4.202078854880255E-002
   66.00000     -4.101980849939937E-002
   67.00000     -4.097376380520765E-002
   68.00000     -4.003701187702720E-002
   69.00000     -3.907318178093382E-002
   70.00000     -3.812788111641409E-002
   71.00000     -3.720097032837651E-002
   72.00000     -3.629228961430896E-002
   73.00000     -3.540166342242286E-002
   74.00000     -3.452890266554683E-002
   75.00000     -3.367380667900345E-002
   76.00000     -3.283616648916939E-002
   77.00000     -3.214200527595677E-002
   78.00000     -3.201570116897344E-002
   79.00000     -3.121233183390053E-002
   80.00000     -3.042569626298851E-002
   81.00000     -2.965558858811533E-002
   82.00000     -2.890176550857652E-002
   83.00000     -2.816397906480651E-002
   84.00000     -2.744197823002447E-002
   85.00000     -2.673550975525478E-002
   86.00000     -2.604431885349977E-002
   87.00000     -2.536814980268202E-002
   88.00000     -2.470674649098570E-002
   89.00000     -2.405985292529747E-002
   90.00000     -2.342721376877188E-002
   91.00000     -2.280857548885784E-002
   92.00000     -2.224284434301262E-002
   93.00000     -2.220361814605638E-002
   94.00000     -2.161227326487562E-002
   95.00000     -2.103411918758345E-002
   96.00000     -2.046896042846165E-002
   97.00000     -1.991655232941422E-002
   98.00000     -1.937665209940875E-002
   99.00000     -1.884901953769924E-002
   100.0000     -1.833341726945927E-002
   101.0000     -1.782961090000751E-002
   102.0000     -1.733736913681710E-002
   103.0000     -1.685646389059602E-002
   104.0000     -1.638667035955471E-002
   105.0000     -1.592776709908102E-002
   106.0000     -1.547953607839110E-002
   107.0000     -1.504176272542052E-002
   108.0000     -1.461423596108000E-002
   109.0000     -1.419674822389635E-002
   110.0000     -1.378909548601278E-002
   111.0000     -1.339107726158233E-002
   112.0000     -1.300249660883236E-002
   113.0000     -1.262316012810434E-002
   114.0000     -1.225287796237102E-002
   115.0000     -1.189146382976888E-002
   116.0000     -1.153873534205528E-002
   117.0000     -1.119457667355951E-002
   118.0000     -1.118336947108280E-002
   119.0000     -1.085861230283337E-002
   120.0000     -1.053087574119466E-002
   121.0000     -1.021112595974747E-002
   122.0000     -9.899197586871853E-003
   123.0000     -9.594928046278456E-003
   124.0000     -9.298157912548965E-003
   125.0000     -9.008730920596848E-003
   126.0000     -8.726493931771455E-003
   127.0000     -8.451296889452068E-003
   128.0000     -8.182992770792871E-003
   129.0000     -7.921437536550457E-003
   130.0000     -7.666490079750841E-003
   131.0000     -7.418012173575116E-003
   132.0000     -7.175868418714696E-003
   133.0000     -6.939926190362062E-003
   134.0000     -6.710055584994616E-003
   135.0000     -6.486129367066099E-003
   136.0000     -6.268022915713174E-003
   137.0000     -6.055614171580129E-003
   138.0000     -5.848783583836443E-003
   139.0000     -5.647414057471187E-003
   140.0000     -5.451390900926855E-003
   141.0000     -5.260601774138854E-003
   142.0000     -5.074936637028953E-003
   143.0000     -4.894287698504677E-003
   144.0000     -4.718549366007452E-003
   145.0000     -4.547618195645162E-003
   146.0000     -4.381392842943552E-003
   147.0000     -4.219774014245615E-003
   148.0000     -4.062664418780616E-003
   149.0000     -3.909968721430984E-003
   150.0000     -3.761593496207078E-003
   151.0000     -3.617447180449918E-003
   152.0000     -3.477440029772608E-003
   153.0000     -3.341484073750538E-003
   154.0000     -3.209493072368005E-003
   155.0000     -3.081382473223698E-003
   156.0000     -2.957069369504608E-003
   157.0000     -2.836472458723374E-003
   158.0000     -2.719512002222061E-003
   159.0000     -2.606109785442583E-003
   160.0000     -2.496189078958049E-003
   161.0000     -2.389674600261663E-003
   162.0000     -2.286492476309838E-003
   163.0000     -2.186570206812437E-003
   164.0000     -2.089836628262993E-003
   165.0000     -1.996221878701209E-003
   166.0000     -1.905657363200946E-003
   167.0000     -1.818075720072650E-003
   168.0000     -1.733410787771976E-003
   169.0000     -1.651597572504960E-003
   170.0000     -1.572572216517293E-003
   171.0000     -1.496271967060474E-003
   172.0000     -1.422635146019337E-003
   173.0000     -1.351601120194088E-003
   174.0000     -1.283110272221305E-003
   175.0000     -1.217103972125414E-003
   176.0000     -1.153524549486083E-003
   177.0000     -1.092315266211864E-003
   178.0000     -1.033420289905509E-003
   179.0000     -9.767846678110374E-004
   180.0000     -9.223543013288469E-004
   181.0000     -8.700759210875543E-004
   182.0000     -8.198970625592182E-004
   183.0000     -7.717660422072642E-004
   184.0000     -7.256319341534122E-004
   185.0000     -6.814445473527582E-004
   186.0000     -6.391544032639458E-004
   187.0000     -5.987127140032402E-004
   188.0000     -5.600713609703465E-004
   189.0000     -5.231828739337670E-004
   190.0000     -4.880004105650574E-004
   191.0000     -4.544777364090605E-004
   192.0000     -4.225692052802000E-004
   193.0000     -3.922297400720696E-004
   194.0000     -3.634148139703482E-004
   195.0000     -3.360804320569810E-004
   196.0000     -3.101831132953654E-004
   197.0000     -2.856798728856669E-004
   198.0000     -2.625282049793869E-004
   199.0000     -2.406860657426202E-004
   200.0000     -2.201118567579837E-004
   201.0000     -2.007644087547861E-004
   202.0000     -1.826029656571107E-004
   203.0000     -1.655871689401372E-004
   204.0000     -1.496770422847832E-004
   205.0000     -1.348329765207783E-004
   206.0000     -1.210157148488258E-004
   207.0000     -1.081863383320860E-004
   208.0000     -9.630625164803330E-005
   209.0000     -8.533716909101211E-005
   210.0000     -7.524110081658065E-005
   211.0000     -6.598033931876243E-005
   212.0000     -5.751744613101968E-005
   213.0000     -4.981523874234662E-005
   214.0000     -4.283677771971593E-005
   215.0000     -3.654535402838854E-005
   216.0000     -3.090447654143078E-005
   217.0000     -2.587785973037670E-005
   218.0000     -2.142941152864439E-005
   219.0000     -1.752322135990872E-005
   220.0000     -1.412354832370959E-005
   221.0000     -1.119480953119353E-005
   222.0000     -8.701568584825627E-006
   223.0000     -6.608524197215516E-006
   224.0000     -4.880498947545598E-006
   225.0000     -3.482428180193238E-006
   226.0000     -2.379349064075521E-006
   227.0000     -1.536389865044181E-006
   228.0000     -9.187595744719861E-007
   229.0000     -4.917383183144255E-007
   230.0000     -2.206700303000131E-007
   231.0000     -7.096424652959570E-008
   232.0000     -7.694550965082155E-009
