  0.0000000E+00 -0.105463145355799     
   1.000000     -0.103963331242070     
   2.000000     -0.103533629563855     
   3.000000     -0.100593773933999     
   4.000000     -9.790572049838800E-002
   5.000000     -9.615556684274386E-002
   6.000000     -9.102183337312890E-002
   7.000000     -8.583645492000219E-002
   8.000000     -8.554404623478624E-002
   9.000000     -7.996369938919784E-002
   10.00000     -7.444290081502317E-002
   11.00000     -6.908912498219606E-002
   12.00000     -6.470227511309608E-002
   13.00000     -6.397023009749173E-002
   14.00000     -5.912620166237201E-002
   15.00000     -5.457733986755881E-002
   16.00000     -5.033035966516700E-002
   17.00000     -4.638267313518606E-002
   18.00000     -4.272551463909634E-002
   19.00000     -3.934617736323010E-002
   20.00000     -3.622960807390036E-002
   21.00000     -3.335953456449225E-002
   22.00000     -3.071925774936757E-002
   23.00000     -3.058619492409436E-002
   24.00000     -2.829216615457827E-002
   25.00000     -2.606215048526959E-002
   26.00000     -2.401378030642695E-002
   27.00000     -2.213247229605711E-002
   28.00000     -2.040455785909813E-002
   29.00000     -1.881731079599769E-002
   30.00000     -1.735894312827927E-002
   31.00000     -1.601857955136793E-002
   32.00000     -1.478621807517750E-002
   33.00000     -1.365268229210885E-002
   34.00000     -1.260956915218346E-002
   35.00000     -1.164919497827632E-002
   36.00000     -1.076454161327676E-002
   37.00000     -9.949203976183079E-003
   38.00000     -9.197339856948247E-003
   39.00000     -8.503622456822905E-003
   40.00000     -7.863195949664302E-003
   41.00000     -7.271634176182852E-003
   42.00000     -6.724902469504489E-003
   43.00000     -6.219322533446221E-003
   44.00000     -5.751540244638455E-003
   45.00000     -5.318496218734272E-003
   46.00000     -4.917398963956521E-003
   47.00000     -4.545700438110637E-003
   48.00000     -4.201073824942564E-003
   49.00000     -3.881393350148146E-003
   50.00000     -3.584715964835459E-003
   51.00000     -3.309264733632757E-003
   52.00000     -3.053413775080238E-003
   53.00000     -2.815674612843992E-003
   54.00000     -2.594683807227647E-003
   55.00000     -2.389191747143713E-003
   56.00000     -2.198052492956419E-003
   57.00000     -2.020214570302170E-003
   58.00000     -1.854712624069101E-003
   59.00000     -1.700659850142794E-003
   60.00000     -1.557241130300793E-003
   61.00000     -1.423706802775613E-003
   62.00000     -1.299367007534547E-003
   63.00000     -1.183586551275898E-003
   64.00000     -1.075780242555795E-003
   65.00000     -9.754086523772591E-004
   66.00000     -8.819742600357804E-004
   67.00000     -7.950179480646626E-004
   68.00000     -7.141158138007429E-004
   69.00000     -6.388762684368730E-004
   70.00000     -5.689373974839595E-004
   71.00000     -5.039645593722171E-004
   72.00000     -4.436482015267556E-004
   73.00000     -3.877018757023406E-004
   74.00000     -3.358604367180980E-004
   75.00000     -2.878784110678880E-004
   76.00000     -2.435285242962242E-004
   77.00000     -2.026003786682265E-004
   78.00000     -1.648992757421809E-004
   79.00000     -1.302451823232661E-004
   80.00000     -9.847184351512927E-005
   81.00000     -6.942605419765007E-005
   82.00000     -4.296711207191518E-005
   83.00000     -1.896649492086552E-005
