  0.0000000E+00 -0.103492692149231     
   1.000000     -0.102025483514833     
   2.000000     -0.101524329423471     
   3.000000     -9.876576412798634E-002
   4.000000     -9.577270380330710E-002
   5.000000     -9.439451868843221E-002
   6.000000     -8.932375791342689E-002
   7.000000     -8.390588523224961E-002
   8.000000     -8.361386995519984E-002
   9.000000     -7.838156011653019E-002
   10.00000     -7.291430931660574E-002
   11.00000     -6.761140459735256E-002
   12.00000     -6.254094061353938E-002
   13.00000     -6.238562487373789E-002
   14.00000     -5.774288997748566E-002
   15.00000     -5.323787621680082E-002
   16.00000     -4.903269284265358E-002
   17.00000     -4.512487837873478E-002
   18.00000     -4.150578394587346E-002
   19.00000     -3.816281077389681E-002
   20.00000     -3.508100574358167E-002
   21.00000     -3.224418950431561E-002
   22.00000     -2.963574452308193E-002
   23.00000     -2.816911059249452E-002
   24.00000     -2.723915381203388E-002
   25.00000     -2.503836915217092E-002
   26.00000     -2.301803369425121E-002
   27.00000     -2.116362941259727E-002
   28.00000     -1.946154846512674E-002
   29.00000     -1.789912145730663E-002
   30.00000     -1.646461359124583E-002
   31.00000     -1.514719940456182E-002
   32.00000     -1.393692367089861E-002
   33.00000     -1.282465390531864E-002
   34.00000     -1.180202835673054E-002
   35.00000     -1.086140222235087E-002
   36.00000     -9.995793977808172E-003
   37.00000     -9.198833101475068E-003
   38.00000     -8.464710024256219E-003
   39.00000     -7.788128812837636E-003
   40.00000     -7.164262862998025E-003
   41.00000     -6.588713715969852E-003
   42.00000     -6.057472997144400E-003
   43.00000     -5.566887399343950E-003
   44.00000     -5.113626582545079E-003
   45.00000     -4.694653830972739E-003
   46.00000     -4.307199291438456E-003
   47.00000     -3.948735609620953E-003
   48.00000     -3.616955780696659E-003
   49.00000     -3.309753035118724E-003
   50.00000     -3.025202587810946E-003
   51.00000     -2.761545088413109E-003
   52.00000     -2.517171620647093E-003
   53.00000     -2.290610109769645E-003
   54.00000     -2.080513008018323E-003
   55.00000     -1.885646138659328E-003
   56.00000     -1.704878589522363E-003
   57.00000     -1.537173556642263E-003
   58.00000     -1.381580047761650E-003
   59.00000     -1.237225363954374E-003
   60.00000     -1.103308285511834E-003
   61.00000     -9.790928955165077E-004
   62.00000     -8.639029812465204E-004
   63.00000     -7.571169597623411E-004
   64.00000     -6.581632797861882E-004
   65.00000     -5.665162573683819E-004
   66.00000     -4.816923079384400E-004
   67.00000     -4.032465422780112E-004
   68.00000     -3.307696988859060E-004
   69.00000     -2.638853903548462E-004
   70.00000     -2.022476470739635E-004
   71.00000     -1.455387483252760E-004
   72.00000     -9.346733949514423E-005
   73.00000     -4.576684610698709E-005
   74.00000     -2.194213264568175E-006
