  0.0000000E+00 -0.106451131423031     
   1.000000     -0.104941960951840     
   2.000000     -0.104533198538920     
   3.000000     -0.101510025368347     
   4.000000     -9.897487536834548E-002
   5.000000     -9.703826051982330E-002
   6.000000     -9.187297665161874E-002
   7.000000     -8.695020621167013E-002
   8.000000     -8.636545667152699E-002
   9.000000     -8.075673170726907E-002
   10.00000     -7.520909304371681E-002
   11.00000     -6.982981871514482E-002
   12.00000     -6.586344148430166E-002
   13.00000     -6.468668117780513E-002
   14.00000     -5.981957401684117E-002
   15.00000     -5.524873391424229E-002
   16.00000     -5.098080354216086E-002
   17.00000     -4.701313162299050E-002
   18.00000     -4.333689399963422E-002
   19.00000     -3.993932970796604E-002
   20.00000     -3.680533534048842E-002
   21.00000     -3.391859218492148E-002
   22.00000     -3.179774531910370E-002
   23.00000     -3.126235086595131E-002
   24.00000     -2.881998044636758E-002
   25.00000     -2.657531348184350E-002
   26.00000     -2.451289158376965E-002
   27.00000     -2.261809882358654E-002
   28.00000     -2.087723617230883E-002
   29.00000     -1.927754897330721E-002
   30.00000     -1.780722260948466E-002
   31.00000     -1.645535681348351E-002
   32.00000     -1.521192617842942E-002
   33.00000     -1.406773230735710E-002
   34.00000     -1.301435147987299E-002
   35.00000     -1.204408056801585E-002
   36.00000     -1.114988309225728E-002
   37.00000     -1.032533669386350E-002
   38.00000     -9.564582852734505E-003
   39.00000     -8.862279356840129E-003
   40.00000     -8.213555798160724E-003
   41.00000     -7.613972206601876E-003
   42.00000     -7.059480819810017E-003
   43.00000     -6.546390909879131E-003
   44.00000     -6.071336537718163E-003
   45.00000     -5.631247074987298E-003
   46.00000     -5.223320316556828E-003
   47.00000     -4.844997999344867E-003
   48.00000     -4.493943543166828E-003
   49.00000     -4.168021833678108E-003
   50.00000     -3.865280875004980E-003
   51.00000     -3.583935149065395E-003
   52.00000     -3.322350529040918E-003
   53.00000     -3.079030605372115E-003
   54.00000     -2.852604293595857E-003
   55.00000     -2.641814604036056E-003
   56.00000     -2.445508463613863E-003
   57.00000     -2.262627489739954E-003
   58.00000     -2.092199625326588E-003
   59.00000     -1.933331552380596E-003
   60.00000     -1.785201809407837E-003
   61.00000     -1.647054544988984E-003
   62.00000     -1.518193846401715E-003
   63.00000     -1.397978588099658E-003
   64.00000     -1.285817750249487E-003
   65.00000     -1.181166162416180E-003
   66.00000     -1.083520631909797E-003
   67.00000     -9.924164203061344E-004
   68.00000     -9.074240352651705E-004
   69.00000     -8.281463080301181E-004
   70.00000     -7.542157299323452E-004
   71.00000     -6.852920238817962E-004
   72.00000     -6.210599292211083E-004
   73.00000     -5.612271804917189E-004
   74.00000     -5.055226626263566E-004
   75.00000     -4.536947268732331E-004
   76.00000     -4.055096533944881E-004
   77.00000     -3.607502479929413E-004
   78.00000     -3.192145618324955E-004
   79.00000     -2.807147243606174E-004
   80.00000     -2.450758809524132E-004
   81.00000     -2.121352281239833E-004
   82.00000     -1.817411405750267E-004
   83.00000     -1.537523859160795E-004
   84.00000     -1.280374248665015E-004
   85.00000     -1.044737972251300E-004
   86.00000     -8.294759743295633E-005
   87.00000     -6.335304880833037E-005
   88.00000     -4.559219390434299E-005
   89.00000     -2.957473256984570E-005
   90.00000     -1.521806466119414E-005
   91.00000     -2.447643049603048E-006
