  0.0000000E+00 -0.107756756047183     
   1.000000     -0.106634703562924     
   2.000000     -0.105520063575603     
   3.000000     -0.104412816878395     
   4.000000     -0.103312944220906     
   5.000000     -0.102220426309000     
   6.000000     -0.101135243804610     
   7.000000     -0.100057377325555     
   8.000000     -9.898680744535703E-002
   9.000000     -9.792351469305775E-002
   10.00000     -9.686747955302712E-002
   11.00000     -9.581868246474951E-002
   12.00000     -9.477710382284482E-002
   13.00000     -9.374272397713343E-002
   14.00000     -9.271552322492568E-002
   15.00000     -9.169548183230408E-002
   16.00000     -9.068258013514807E-002
   17.00000     -8.967679781690549E-002
   18.00000     -8.867811429384390E-002
   19.00000     -8.768651842029421E-002
   20.00000     -8.670198035458328E-002
   21.00000     -8.572440753479420E-002
   22.00000     -8.475401906302020E-002
   23.00000     -8.379100804108681E-002
   24.00000     -8.283330242828800E-002
   25.00000     -8.188274643878597E-002
   26.00000     -8.094906335904309E-002
   27.00000     -8.001084429710849E-002
   28.00000     -7.905167473675428E-002
   29.00000     -7.818274660638749E-002
   30.00000     -7.733373249704088E-002
   31.00000     -7.627773934750845E-002
   32.00000     -7.531127816407189E-002
   33.00000     -7.482044442178039E-002
   34.00000     -7.368176048015584E-002
   35.00000     -7.239894852524496E-002
   36.00000     -7.155228398524910E-002
   37.00000     -7.105871395231891E-002
   38.00000     -6.974020001683350E-002
   39.00000     -6.840803757485289E-002
   40.00000     -6.710430971273294E-002
   41.00000     -6.703949608373731E-002
   42.00000     -6.574217984586901E-002
   43.00000     -6.441785476011339E-002
   44.00000     -6.310146972368690E-002
   45.00000     -6.180885631190661E-002
   46.00000     -6.177712416772595E-002
   47.00000     -6.049946343838689E-002
   48.00000     -5.921731691473234E-002
   49.00000     -5.794904404606595E-002
   50.00000     -5.669566559823925E-002
   51.00000     -5.570430592327513E-002
   52.00000     -5.545750945001890E-002
   53.00000     -5.423639676412601E-002
   54.00000     -5.303197526260923E-002
   55.00000     -5.184495906775893E-002
   56.00000     -5.067575884445370E-002
   57.00000     -4.952471525548897E-002
   58.00000     -4.876629302443575E-002
   59.00000     -4.839191802124591E-002
   60.00000     -4.727790050697472E-002
   61.00000     -4.618256684581665E-002
   62.00000     -4.510606173620368E-002
   63.00000     -4.404844282444020E-002
   64.00000     -4.300972707152567E-002
   65.00000     -4.198989877503528E-002
   66.00000     -4.098906953033692E-002
   67.00000     -4.091722644246899E-002
   68.00000     -4.000662870779728E-002
   69.00000     -3.904304816935780E-002
   70.00000     -3.809799419603366E-002
   71.00000     -3.717132750499569E-002
   72.00000     -3.626288837676039E-002
   73.00000     -3.537250132135403E-002
   74.00000     -3.449997730460502E-002
   75.00000     -3.364511569636008E-002
   76.00000     -3.280770738095745E-002
   77.00000     -3.208474364997514E-002
   78.00000     -3.198745904386054E-002
   79.00000     -3.118433052363667E-002
   80.00000     -3.039792068856961E-002
   81.00000     -2.962803656047025E-002
   82.00000     -2.887443497372924E-002
   83.00000     -2.813686802681223E-002
   84.00000     -2.741508474078511E-002
   85.00000     -2.670883191149098E-002
   86.00000     -2.601785479516062E-002
   87.00000     -2.534189771164715E-002
   88.00000     -2.468070458950529E-002
   89.00000     -2.403401947289560E-002
   90.00000     -2.340158705052646E-002
   91.00000     -2.278315370634561E-002
   92.00000     -2.218521507912878E-002
   93.00000     -2.217811837070450E-002
   94.00000     -2.158725693177325E-002
   95.00000     -2.100930337313063E-002
   96.00000     -2.044434351369281E-002
   97.00000     -1.989213282992011E-002
   98.00000     -1.935242857933869E-002
   99.00000     -1.882499059987236E-002
   100.0000     -1.830958155283310E-002
   101.0000     -1.780596707858884E-002
   102.0000     -1.731391591897244E-002
   103.0000     -1.683320001851024E-002
   104.0000     -1.636359460875507E-002
   105.0000     -1.590487827799457E-002
   106.0000     -1.545683302792156E-002
   107.0000     -1.501924431853890E-002
   108.0000     -1.459190110242300E-002
   109.0000     -1.417459584935928E-002
   110.0000     -1.376712456232856E-002
   111.0000     -1.336928678584794E-002
   112.0000     -1.298088560788992E-002
   113.0000     -1.260172765748827E-002
   114.0000     -1.223162310367264E-002
   115.0000     -1.187038568003118E-002
   116.0000     -1.151783292500552E-002
   117.0000     -1.117379734493246E-002
   118.0000     -1.112486960989505E-002
   119.0000     -1.083805912396518E-002
   120.0000     -1.051049628558727E-002
   121.0000     -1.019091929490470E-002
   122.0000     -9.879162973683844E-003
   123.0000     -9.575064791144620E-003
   124.0000     -9.278465353145731E-003
   125.0000     -8.989208422741667E-003
   126.0000     -8.707140888312544E-003
   127.0000     -8.432112719702119E-003
   128.0000     -8.163976920149101E-003
   129.0000     -7.902589476187660E-003
   130.0000     -7.647809306349288E-003
   131.0000     -7.399498209072246E-003
   132.0000     -7.157520810064722E-003
   133.0000     -6.921744509307313E-003
   134.0000     -6.692039427843311E-003
   135.0000     -6.468278354474868E-003
   136.0000     -6.250336692477061E-003
   137.0000     -6.038092406425601E-003
   138.0000     -5.831425969220823E-003
   139.0000     -5.630220309385699E-003
   140.0000     -5.434360758704977E-003
   141.0000     -5.243735000267900E-003
   142.0000     -5.058233016967084E-003
   143.0000     -4.877747040501869E-003
   144.0000     -4.702171500931190E-003
   145.0000     -4.531402976809156E-003
   146.0000     -4.365340145941659E-003
   147.0000     -4.203883736789778E-003
   148.0000     -4.046936480543183E-003
   149.0000     -3.894403063890796E-003
   150.0000     -3.746190082499495E-003
   151.0000     -3.602205995222152E-003
   152.0000     -3.462361079042301E-003
   153.0000     -3.326567384768879E-003
   154.0000     -3.194738693486846E-003
   155.0000     -3.066790473767769E-003
   156.0000     -2.942639839647153E-003
   157.0000     -2.822205509365703E-003
   158.0000     -2.705407764879253E-003
   159.0000     -2.592168412132086E-003
   160.0000     -2.482410742092525E-003
   161.0000     -2.376059492547767E-003
   162.0000     -2.273040810650796E-003
   163.0000     -2.173282216214752E-003
   164.0000     -2.076712565748551E-003
   165.0000     -1.983262017223913E-003
   166.0000     -1.892861995568469E-003
   167.0000     -1.805445158872738E-003
   168.0000     -1.720945365304328E-003
   169.0000     -1.639297640717573E-003
   170.0000     -1.560438146948950E-003
   171.0000     -1.484304150788165E-003
   172.0000     -1.410833993611364E-003
   173.0000     -1.339967061668718E-003
   174.0000     -1.271643757012414E-003
   175.0000     -1.205805469052459E-003
   176.0000     -1.142394546732462E-003
   177.0000     -1.081354271308241E-003
   178.0000     -1.022628829720978E-003
   179.0000     -9.661632885513208E-004
   180.0000     -9.119035685421212E-004
   181.0000     -8.597964196777147E-004
   182.0000     -8.097893968082642E-004
   183.0000     -7.618308358059869E-004
   184.0000     -7.158698302419007E-004
   185.0000     -6.718562085708112E-004
   186.0000     -6.297405118120883E-004
   187.0000     -5.894739717158420E-004
   188.0000     -5.510084894004524E-004
   189.0000     -5.142966144525458E-004
   190.0000     -4.792915244752360E-004
   191.0000     -4.459470050754041E-004
   192.0000     -4.142174302772622E-004
   193.0000     -3.840577433525273E-004
   194.0000     -3.554234380551504E-004
   195.0000     -3.282705402507468E-004
   196.0000     -3.025555899299657E-004
   197.0000     -2.782356235958335E-004
   198.0000     -2.552681570147765E-004
   199.0000     -2.336111683224259E-004
   200.0000     -2.132230814742534E-004
   201.0000     -1.940627500327304E-004
   202.0000     -1.760894412826346E-004
   203.0000     -1.592628206666727E-004
   204.0000     -1.435429365349731E-004
   205.0000     -1.288902052021212E-004
   206.0000     -1.152653963075256E-004
   207.0000     -1.026296184762956E-004
   208.0000     -9.094430527973436E-005
   209.0000     -8.017120149872386E-005
   210.0000     -7.027234969620687E-005
   211.0000     -6.121007711273038E-005
   212.0000     -5.294698290686624E-005
   213.0000     -4.544592577585503E-005
   214.0000     -3.867001201175209E-005
   215.0000     -3.258258407848608E-005
   216.0000     -2.714720984280419E-005
   217.0000     -2.232767266920116E-005
   218.0000     -1.808796271689517E-005
   219.0000     -1.439226999755673E-005
   220.0000     -1.120498014915343E-005
   221.0000     -8.490674627567643E-006
   222.0000     -6.214138506205428E-006
   223.0000     -4.340382258918711E-006
   224.0000     -2.834691349810209E-006
   225.0000     -1.662737042131692E-006
   226.0000     -7.908425789436532E-007
   227.0000     -1.867424912813647E-007
