  0.0000000E+00 -0.107319459618471     
   1.000000     -0.105806866266409     
   2.000000     -0.105406411228194     
   3.000000     -0.102315137367591     
   4.000000     -9.991435255294726E-002
   5.000000     -9.781388863264988E-002
   6.000000     -9.262088656645477E-002
   7.000000     -8.792893025427356E-002
   8.000000     -8.708718342961864E-002
   9.000000     -8.145357927339689E-002
   10.00000     -7.588235599912724E-002
   11.00000     -7.048067592378918E-002
   12.00000     -6.688377500722212E-002
   13.00000     -6.531623426671865E-002
   14.00000     -6.042884936450951E-002
   15.00000     -5.583869669679072E-002
   16.00000     -5.155235719526968E-002
   17.00000     -4.756712391790077E-002
   18.00000     -4.387412128962382E-002
   19.00000     -4.046054076656420E-002
   20.00000     -3.731123485811060E-002
   21.00000     -3.440984404395371E-002
   22.00000     -3.286234287504095E-002
   23.00000     -3.173958127058464E-002
   24.00000     -2.928377859490881E-002
   25.00000     -2.702623755137663E-002
   26.00000     -2.495146844904644E-002
   27.00000     -2.304482672612943E-002
   28.00000     -2.129258626435897E-002
   29.00000     -1.968196847297483E-002
   30.00000     -1.820113427264586E-002
   31.00000     -1.683916182560784E-002
   32.00000     -1.558600516001828E-002
   33.00000     -1.443244656988210E-002
   34.00000     -1.337004418660373E-002
   35.00000     -1.239107780775130E-002
   36.00000     -1.148849487319811E-002
   37.00000     -1.065585786417286E-002
   38.00000     -9.887293953724041E-003
   39.00000     -9.177447414164862E-003
   40.00000     -8.521435055919164E-003
   41.00000     -7.914804808795944E-003
   42.00000     -7.353497443224517E-003
   43.00000     -6.833811352087101E-003
   44.00000     -6.352370263598115E-003
   45.00000     -5.906093724851779E-003
   46.00000     -5.492170178732041E-003
   47.00000     -5.108032449806475E-003
   48.00000     -4.751335454624944E-003
   49.00000     -4.419935956311367E-003
   50.00000     -4.111874190867944E-003
   51.00000     -3.825357202033067E-003
   52.00000     -3.558743732006888E-003
   53.00000     -3.310530526281437E-003
   54.00000     -3.079339921767752E-003
   55.00000     -2.863908598115076E-003
   56.00000     -2.663077382378000E-003
   57.00000     -2.475782006890607E-003
   58.00000     -2.301044729286298E-003
   59.00000     -2.137966732029492E-003
   60.00000     -1.985721226596817E-003
   61.00000     -1.843547194576793E-003
   62.00000     -1.710743704472506E-003
   63.00000     -1.586664748925715E-003
   64.00000     -1.470714552470934E-003
   65.00000     -1.362343304811742E-003
   66.00000     -1.261043279031082E-003
   67.00000     -1.166345298138150E-003
   68.00000     -1.077815516956876E-003
   69.00000     -9.950524896077430E-004
   70.00000     -9.176844957593877E-004
   71.00000     -8.453671014610012E-004
   72.00000     -7.777809327369155E-004
   73.00000     -7.146296422577893E-004
   74.00000     -6.556380513240092E-004
   75.00000     -6.005504511232621E-004
   76.00000     -5.491290487811567E-004
   77.00000     -5.011525451236130E-004
   78.00000     -4.564148323329624E-004
   79.00000     -4.147238008182263E-004
   80.00000     -3.759002456487700E-004
   81.00000     -3.397768638314843E-004
   82.00000     -3.061973345565215E-004
   83.00000     -2.750154753057945E-004
   84.00000     -2.460944674235343E-004
   85.00000     -2.193061453988888E-004
   86.00000     -1.945303447192461E-004
   87.00000     -1.716543037317023E-004
   88.00000     -1.505721155151820E-004
   89.00000     -1.311842263374646E-004
   90.00000     -1.133969778783845E-004
   91.00000     -9.712219108534549E-005
   92.00000     -8.227679035653985E-005
   93.00000     -6.878246782920828E-005
   94.00000     -5.656538907023419E-005
   95.00000     -4.555594375364945E-005
   96.00000     -3.568854857827748E-005
   97.00000     -2.690151593253080E-005
   98.00000     -1.913701315899534E-005
   99.00000     -1.234115931063498E-005
   100.0000     -6.464352698119151E-006
   101.0000     -1.462030654832031E-006
