  0.0000000E+00 -0.107752673043883     
   1.000000     -0.106630628513856     
   2.000000     -0.105516001949218     
   3.000000     -0.104408765973925     
   4.000000     -0.103308904060775     
   5.000000     -0.102216396915716     
   6.000000     -0.101131225200769     
   7.000000     -0.100053369533841     
   8.000000     -9.898281048854443E-002
   9.000000     -9.791952859400660E-002
   10.00000     -9.686350433468767E-002
   11.00000     -9.581471815016267E-002
   12.00000     -9.477315043513940E-002
   13.00000     -9.373878153953015E-002
   14.00000     -9.271159176073840E-002
   15.00000     -9.169156136489484E-002
   16.00000     -9.067867068802508E-002
   17.00000     -8.967289941435218E-002
   18.00000     -8.867422695745769E-002
   19.00000     -8.768264216865375E-002
   20.00000     -8.669811524802105E-002
   21.00000     -8.572055357921657E-002
   22.00000     -8.475017596508441E-002
   23.00000     -8.378717650510994E-002
   24.00000     -8.282948370270793E-002
   25.00000     -8.187893421666141E-002
   26.00000     -8.094525913596055E-002
   27.00000     -8.000707722082877E-002
   28.00000     -7.904790547856459E-002
   29.00000     -7.817889321774084E-002
   30.00000     -7.733003380918194E-002
   31.00000     -7.627416966037305E-002
   32.00000     -7.530723823482560E-002
   33.00000     -7.481669839876481E-002
   34.00000     -7.367836218148294E-002
   35.00000     -7.239559733930979E-002
   36.00000     -7.154775884469546E-002
   37.00000     -7.105538373566161E-002
   38.00000     -6.973693676210767E-002
   39.00000     -6.840480778844958E-002
   40.00000     -6.710042720132463E-002
   41.00000     -6.703552899090282E-002
   42.00000     -6.573901224935304E-002
   43.00000     -6.441471709397290E-002
   44.00000     -6.309836063721200E-002
   45.00000     -6.180506640137413E-002
   46.00000     -6.177311790117626E-002
   47.00000     -6.049641004308322E-002
   48.00000     -5.921429072718210E-002
   49.00000     -5.794604446647308E-002
   50.00000     -5.669269208366545E-002
   51.00000     -5.569953705376521E-002
   52.00000     -5.545455950764688E-002
   53.00000     -5.423347457211405E-002
   54.00000     -5.302907818848335E-002
   55.00000     -5.184208673965114E-002
   56.00000     -5.067291092706275E-002
   57.00000     -4.952189135390024E-002
   58.00000     -4.876146530831459E-002
   59.00000     -4.838911760569067E-002
   60.00000     -4.727512402901635E-002
   61.00000     -4.617981362838811E-002
   62.00000     -4.510333149386059E-002
   63.00000     -4.404573528991615E-002
   64.00000     -4.300704198478181E-002
   65.00000     -4.198723587019146E-002
   66.00000     -4.098642303850803E-002
   67.00000     -4.091234911795964E-002
   68.00000     -4.000400947477153E-002
   69.00000     -3.904045045122789E-002
   70.00000     -3.809541774486810E-002
   71.00000     -3.716877209710389E-002
   72.00000     -3.626035379566080E-002
   73.00000     -3.536998735590679E-002
   74.00000     -3.449748374825231E-002
   75.00000     -3.364264234557903E-002
   76.00000     -3.280525402095660E-002
   77.00000     -3.207980768186177E-002
   78.00000     -3.198502400793007E-002
   79.00000     -3.118191662811633E-002
   80.00000     -3.039552625402941E-002
   81.00000     -2.962566139778813E-002
   82.00000     -2.887207890581366E-002
   83.00000     -2.813453088160744E-002
   84.00000     -2.741276635036775E-002
   85.00000     -2.670653211180464E-002
   86.00000     -2.601557342587729E-002
   87.00000     -2.533963461605417E-002
   88.00000     -2.467845961437616E-002
   89.00000     -2.403179246822761E-002
   90.00000     -2.339937786858098E-002
   91.00000     -2.278096219304165E-002
   92.00000     -2.218043635673201E-002
   93.00000     -2.217573081509524E-002
   94.00000     -2.158510037039739E-002
   95.00000     -2.100716409952950E-002
   96.00000     -2.044222138755537E-002
   97.00000     -1.989002772324282E-002
   98.00000     -1.935034036835677E-002
   99.00000     -1.882291916416738E-002
   100.0000     -1.830752677510611E-002
   101.0000     -1.780392884456279E-002
   102.0000     -1.731189411733496E-002
   103.0000     -1.683119454086662E-002
   104.0000     -1.636160534958557E-002
   105.0000     -1.590290513461653E-002
   106.0000     -1.545487590045298E-002
   107.0000     -1.501730310986615E-002
   108.0000     -1.458997571816116E-002
   109.0000     -1.417268619782057E-002
   110.0000     -1.376523055448659E-002
   111.0000     -1.336740833529609E-002
   112.0000     -1.297902181339198E-002
   113.0000     -1.259988007247783E-002
   114.0000     -1.222979083166410E-002
   115.0000     -1.186856864337789E-002
   116.0000     -1.151603104102091E-002
   117.0000     -1.117200960883044E-002
   118.0000     -1.111982298306852E-002
   119.0000     -1.083628734470065E-002
   120.0000     -1.050873948766644E-002
   121.0000     -1.018917739496096E-002
   122.0000     -9.877435907853333E-003
   123.0000     -9.573352499661195E-003
   124.0000     -9.276767778972590E-003
   125.0000     -8.987525511276913E-003
   126.0000     -8.705472587290096E-003
   127.0000     -8.430458979141556E-003
   128.0000     -8.162337692321340E-003
   129.0000     -7.900964715588862E-003
   130.0000     -7.646198969678262E-003
   131.0000     -7.397902255207174E-003
   132.0000     -7.155939200044559E-003
   133.0000     -6.920177206310931E-003
   134.0000     -6.690486397170704E-003
   135.0000     -6.466739563528726E-003
   136.0000     -6.248812110744550E-003
   137.0000     -6.036582005461179E-003
   138.0000     -5.829929722628689E-003
   139.0000     -5.628738192802992E-003
   140.0000     -5.432892749785341E-003
   141.0000     -5.242281078666377E-003
   142.0000     -5.056793164323028E-003
   143.0000     -4.876321240425126E-003
   144.0000     -4.700759738985807E-003
   145.0000     -4.530005240500352E-003
   146.0000     -4.363956424701438E-003
   147.0000     -4.202514021961981E-003
   148.0000     -4.045580765371871E-003
   149.0000     -3.893061343506046E-003
   150.0000     -3.744862353906028E-003
   151.0000     -3.600892257285736E-003
   152.0000     -3.461061332478898E-003
   153.0000     -3.325281632133349E-003
   154.0000     -3.193466939161336E-003
   155.0000     -3.065532723951276E-003
   156.0000     -2.941396102345027E-003
   157.0000     -2.820975794380708E-003
   158.0000     -2.704192083801389E-003
   159.0000     -2.590966778329793E-003
   160.0000     -2.481223170704201E-003
   161.0000     -2.374886000473574E-003
   162.0000     -2.271881416544812E-003
   163.0000     -2.172136940477896E-003
   164.0000     -2.075581430521830E-003
   165.0000     -1.982145046382128E-003
   166.0000     -1.891759214714234E-003
   167.0000     -1.804356595331164E-003
   168.0000     -1.719871048118258E-003
   169.0000     -1.638237600643433E-003
   170.0000     -1.559392416452944E-003
   171.0000     -1.483272764042928E-003
   172.0000     -1.409816986493793E-003
   173.0000     -1.338964471757869E-003
   174.0000     -1.270655623587656E-003
   175.0000     -1.204831833094026E-003
   176.0000     -1.141435450920661E-003
   177.0000     -1.080409760024588E-003
   178.0000     -1.021698949050001E-003
   179.0000     -9.652480862830213E-004
   180.0000     -9.110030941751431E-004
   181.0000     -8.589107244242003E-004
   182.0000     -8.089185335990579E-004
   183.0000     -7.609748592974179E-004
   184.0000     -7.150287968232823E-004
   185.0000     -6.710301763737340E-004
   186.0000     -6.289295407210090E-004
   187.0000     -5.886781233801285E-004
   188.0000     -5.502278272485819E-004
   189.0000     -5.135312037074783E-004
   190.0000     -4.785414321726960E-004
   191.0000     -4.452123000840568E-004
   192.0000     -4.134981833219511E-004
   193.0000     -3.833540270401544E-004
   194.0000     -3.547353269042459E-004
   195.0000     -3.275981107249297E-004
   196.0000     -3.018989204757262E-004
   197.0000     -2.775947946855967E-004
   198.0000     -2.546432511960153E-004
   199.0000     -2.330022702735940E-004
   200.0000     -2.126302780689270E-004
   201.0000     -1.934861304134657E-004
   202.0000     -1.755290969461889E-004
   203.0000     -1.587188455630899E-004
   204.0000     -1.430154271828587E-004
   205.0000     -1.283792608242647E-004
   206.0000     -1.147711189909553E-004
   207.0000     -1.021521133623360E-004
   208.0000     -9.048368079209016E-005
   209.0000     -7.972756961855169E-005
   210.0000     -6.984582629752959E-005
   211.0000     -6.080078237501126E-005
   212.0000     -5.255504182803767E-005
   213.0000     -4.507146881803056E-005
   214.0000     -3.831317592423210E-005
   215.0000     -3.224351296230365E-005
   216.0000     -2.682605655042243E-005
   217.0000     -2.202460067892273E-005
   218.0000     -1.780314869698289E-005
   219.0000     -1.412590740101249E-005
   220.0000     -1.095728440111384E-005
   221.0000     -8.261890875324279E-006
   222.0000     -6.004553700832957E-006
   223.0000     -4.150345028469764E-006
   224.0000     -2.664647072150636E-006
   225.0000     -1.513296060263862E-006
   226.0000     -6.629336260684674E-007
   227.0000     -8.205591107042842E-008
