  0.0000000E+00 -1.837559637488457E-002
   1.000000     -1.784680408543526E-002
   2.000000     -1.732761247736517E-002
   3.000000     -1.681795361676746E-002
   4.000000     -1.631775914988550E-002
   5.000000     -1.582696029833859E-002
   6.000000     -1.534548785429771E-002
   7.000000     -1.487327217561126E-002
   8.000000     -1.441024318087868E-002
   9.000000     -1.395633034447841E-002
   10.00000     -1.351146269154688E-002
   11.00000     -1.307556879290908E-002
   12.00000     -1.264857675996455E-002
   13.00000     -1.223041423952864E-002
   14.00000     -1.182100840862772E-002
   15.00000     -1.142028596925586E-002
   16.00000     -1.102817314309022E-002
   17.00000     -1.064459566616575E-002
   18.00000     -1.026947878351434E-002
   19.00000     -9.902747243771846E-003
   20.00000     -9.544325293749299E-003
   21.00000     -9.194136672977247E-003
   22.00000     -8.852104608223952E-003
   23.00000     -8.518151807985715E-003
   24.00000     -8.192200456964234E-003
   25.00000     -7.874172210521642E-003
   26.00000     -7.563988189125403E-003
   27.00000     -7.261568972786222E-003
   28.00000     -6.966834595490612E-003
   29.00000     -6.679704539635899E-003
   30.00000     -6.400097730475673E-003
   31.00000     -6.127932530571231E-003
   32.00000     -5.863126734271678E-003
   33.00000     -5.605597562215265E-003
   34.00000     -5.355261655866973E-003
   35.00000     -5.112035072098826E-003
   36.00000     -4.875833277823642E-003
   37.00000     -4.646571144687601E-003
   38.00000     -4.424162943838763E-003
   39.00000     -4.208522340775774E-003
   40.00000     -3.999562390296692E-003
   41.00000     -3.797195531556515E-003
   42.00000     -3.601333583250241E-003
   43.00000     -3.411887738938686E-003
   44.00000     -3.228768562534899E-003
   45.00000     -3.051885983969969E-003
   46.00000     -2.881149295063733E-003
   47.00000     -2.716467145620058E-003
   48.00000     -2.557747539779523E-003
   49.00000     -2.404897832657458E-003
   50.00000     -2.257824727300565E-003
   51.00000     -2.116434272005671E-003
   52.00000     -1.980631858040080E-003
   53.00000     -1.850322217818014E-003
   54.00000     -1.725409423589175E-003
   55.00000     -1.605796886709020E-003
   56.00000     -1.491387357566532E-003
   57.00000     -1.382082926266076E-003
   58.00000     -1.277785024169070E-003
   59.00000     -1.178394426428099E-003
   60.00000     -1.083811255671576E-003
   61.00000     -9.939349870282648E-004
   62.00000     -9.086644547274234E-004
   63.00000     -8.278978605660034E-004
   64.00000     -7.515327846044674E-004
   65.00000     -6.794661985535512E-004
   66.00000     -6.115944824384546E-004
   67.00000     -5.478134453051301E-004
   68.00000     -4.880183509659049E-004
   69.00000     -4.321039501154469E-004
   70.00000     -3.799645206088314E-004
   71.00000     -3.314939183598599E-004
   72.00000     -2.865856422874870E-004
   73.00000     -2.451329181839178E-004
   74.00000     -2.070288085842066E-004
   75.00000     -1.721663591727238E-004
   76.00000     -1.404387978434124E-004
   77.00000     -1.117398118649339E-004
   78.00000     -8.596394487156077E-005
   79.00000     -6.300718518141964E-005
   80.00000     -4.276787480300974E-005
   81.00000     -2.514818954401234E-005
   82.00000     -1.005671922543967E-005
