  0.0000000E+00 -1.322024151685562E-002
   1.000000     -1.272990486751727E-002
   2.000000     -1.224942406189373E-002
   3.000000     -1.177873520398468E-002
   4.000000     -1.131777409552639E-002
   5.000000     -1.086647623725479E-002
   6.000000     -1.042477683058796E-002
   7.000000     -9.992610779781452E-003
   8.000000     -9.569912694604030E-003
   9.000000     -9.156616893601486E-003
   10.00000     -8.752657408013589E-003
   11.00000     -8.357967986427212E-003
   12.00000     -7.972482100250589E-003
   13.00000     -7.596132950112245E-003
   14.00000     -7.228853473299724E-003
   15.00000     -6.870576352369508E-003
   16.00000     -6.521234025079784E-003
   17.00000     -6.180758695815768E-003
   18.00000     -5.849082348715470E-003
   19.00000     -5.526136762715197E-003
   20.00000     -5.211853528790699E-003
   21.00000     -4.906164069700960E-003
   22.00000     -4.608999662599707E-003
   23.00000     -4.320291464937230E-003
   24.00000     -4.039970544157119E-003
   25.00000     -3.767967911775531E-003
   26.00000     -3.504214562552967E-003
   27.00000     -3.248641519590771E-003
   28.00000     -3.001179886364860E-003
   29.00000     -2.761760906911774E-003
   30.00000     -2.530316035640520E-003
   31.00000     -2.306777018577200E-003
   32.00000     -2.091075988255346E-003
   33.00000     -1.883145575006883E-003
   34.00000     -1.682919038081693E-003
   35.00000     -1.490330420926354E-003
   36.00000     -1.305314736120902E-003
   37.00000     -1.127808187045435E-003
   38.00000     -9.577484354573214E-004
   39.00000     -7.950749270566137E-004
   40.00000     -6.397292911356011E-004
   41.00000     -4.916558360856922E-004
   42.00000     -3.508021707106166E-004
   43.00000     -2.171199933105117E-004
   44.00000     -9.056610858695349E-005
