  0.0000000E+00 -1.674202081124704E-002
   1.000000     -1.622509302607868E-002
   2.000000     -1.571783782557008E-002
   3.000000     -1.522018818604559E-002
   4.000000     -1.473207668134423E-002
   5.000000     -1.425343547858409E-002
   6.000000     -1.378419633391183E-002
   7.000000     -1.332429058823071E-002
   8.000000     -1.287364916291498E-002
   9.000000     -1.243220255551735E-002
   10.00000     -1.199988083546939E-002
   11.00000     -1.157661363977975E-002
   12.00000     -1.116233016873964E-002
   13.00000     -1.075695918163924E-002
   14.00000     -1.036042899249752E-002
   15.00000     -9.972667465822373E-003
   16.00000     -9.593602012399260E-003
   17.00000     -9.223159585127200E-003
   18.00000     -8.861266674901891E-003
   19.00000     -8.507849306568045E-003
   20.00000     -8.162833034948250E-003
   21.00000     -7.826142940958899E-003
   22.00000     -7.497703627842350E-003
   23.00000     -7.177439217519363E-003
   24.00000     -6.865273347090677E-003
   25.00000     -6.561129165507852E-003
   26.00000     -6.264929330440643E-003
   27.00000     -5.976596005371796E-003
   28.00000     -5.696050856946763E-003
   29.00000     -5.423215052624850E-003
   30.00000     -5.158009258667513E-003
   31.00000     -4.900353638518776E-003
   32.00000     -4.650167851628802E-003
   33.00000     -4.407371052791648E-003
   34.00000     -4.171881892064411E-003
   35.00000     -3.943618515362899E-003
   36.00000     -3.722498565822822E-003
   37.00000     -3.508439186053034E-003
   38.00000     -3.301357021408352E-003
   39.00000     -3.101168224444722E-003
   40.00000     -2.907788460744329E-003
   41.00000     -2.721132916324510E-003
   42.00000     -2.541116306904578E-003
   43.00000     -2.367652889331997E-003
   44.00000     -2.200656475551305E-003
   45.00000     -2.040040449566737E-003
   46.00000     -1.885717787949176E-003
   47.00000     -1.737601084562934E-003
   48.00000     -1.595602580338549E-003
   49.00000     -1.459634199121806E-003
   50.00000     -1.329607590879594E-003
   51.00000     -1.205434183884007E-003
   52.00000     -1.087025247928428E-003
   53.00000     -9.742919712211485E-004
   54.00000     -8.671455543856510E-004
   55.00000     -7.654973260773423E-004
   56.00000     -6.692588862137034E-004
   57.00000     -5.783422849212442E-004
   58.00000     -4.926602483062096E-004
   59.00000     -4.121264665631909E-004
   60.00000     -3.366559665110114E-004
   61.00000     -2.661656007381657E-004
   62.00000     -2.005747014577837E-004
   63.00000     -1.398059731545346E-004
   64.00000     -8.378674216462011E-005
   65.00000     -3.245075959426896E-005
