  0.0000000E+00 -1.183539528761665E-002
   1.000000     -1.135593860884249E-002
   2.000000     -1.088642284299998E-002
   3.000000     -1.042678593431035E-002
   4.000000     -9.976965602652699E-003
   5.000000     -9.536899350146691E-003
   6.000000     -9.106524468669157E-003
   7.000000     -8.685778048390215E-003
   8.000000     -8.274596987469809E-003
   9.000000     -7.872918003042399E-003
   10.00000     -7.480677643656447E-003
   11.00000     -7.097812303345073E-003
   12.00000     -6.724258237541864E-003
   13.00000     -6.359951581078670E-003
   14.00000     -6.004828368540801E-003
   15.00000     -5.658824557307727E-003
   16.00000     -5.321876053640986E-003
   17.00000     -4.993918742263926E-003
   18.00000     -4.674888519934414E-003
   19.00000     -4.364721333612665E-003
   20.00000     -4.063353223926940E-003
   21.00000     -3.770720374774695E-003
   22.00000     -3.486759170055552E-003
   23.00000     -3.211406258731750E-003
   24.00000     -2.944598629650318E-003
   25.00000     -2.686273697878381E-003
   26.00000     -2.436369404667228E-003
   27.00000     -2.194824333662016E-003
   28.00000     -1.961577846583098E-003
   29.00000     -1.736570242400478E-003
   30.00000     -1.519742945062645E-003
   31.00000     -1.311038726194259E-003
   32.00000     -1.110401970990967E-003
   33.00000     -9.177789979678093E-004
   34.00000     -7.331184465372265E-004
   35.00000     -5.563717509908900E-004
   36.00000     -3.874937259288241E-004
   37.00000     -2.264432974673324E-004
   38.00000     -7.318442814238158E-005
