  0.0000000E+00 -1.894169753151221E-002
   1.000000     -1.840885700236205E-002
   2.000000     -1.788559386277125E-002
   3.000000     -1.737183992301911E-002
   4.000000     -1.686752657025769E-002
   5.000000     -1.637258476370475E-002
   6.000000     -1.588694502978685E-002
   7.000000     -1.541053745723581E-002
   8.000000     -1.494329169212749E-002
   9.000000     -1.448513693287942E-002
   10.00000     -1.403600192519902E-002
   11.00000     -1.359581495698074E-002
   12.00000     -1.316450385316392E-002
   13.00000     -1.274199597053900E-002
   14.00000     -1.232821819251423E-002
   15.00000     -1.192309692384058E-002
   16.00000     -1.152655808529404E-002
   17.00000     -1.113852710831958E-002
   18.00000     -1.075892892963864E-002
   19.00000     -1.038768798581876E-002
   20.00000     -1.002472820781680E-002
   21.00000     -9.669973015483684E-003
   22.00000     -9.323345312047716E-003
   23.00000     -8.984767478565648E-003
   24.00000     -8.654161368361521E-003
   25.00000     -8.331448301435906E-003
   26.00000     -8.016549058866708E-003
   27.00000     -7.709383877194736E-003
   28.00000     -7.409872442805407E-003
   29.00000     -7.117933886299794E-003
   30.00000     -6.833486776875951E-003
   31.00000     -6.556449116707164E-003
   32.00000     -6.286738335339376E-003
   33.00000     -6.024271284098067E-003
   34.00000     -5.768964230524028E-003
   35.00000     -5.520732852834132E-003
   36.00000     -5.279492234419138E-003
   37.00000     -5.045156858384403E-003
   38.00000     -4.817640602140798E-003
   39.00000     -4.596856732053040E-003
   40.00000     -4.382717898157728E-003
   41.00000     -4.175136128951860E-003
   42.00000     -3.974022826272475E-003
   43.00000     -3.779288760268357E-003
   44.00000     -3.590844064477167E-003
   45.00000     -3.408598231021374E-003
   46.00000     -3.232460105931714E-003
   47.00000     -3.062337884611755E-003
   48.00000     -2.898139107457255E-003
   49.00000     -2.739770655642346E-003
   50.00000     -2.587138747087657E-003
   51.00000     -2.440148932627064E-003
   52.00000     -2.298706092384841E-003
   53.00000     -2.162714432384514E-003
   54.00000     -2.032077481402132E-003
   55.00000     -1.906698088085868E-003
   56.00000     -1.786478418357966E-003
   57.00000     -1.671319953120128E-003
   58.00000     -1.561123486282003E-003
   59.00000     -1.455789123135054E-003
   60.00000     -1.355216279093010E-003
   61.00000     -1.259303678821538E-003
   62.00000     -1.167949355782165E-003
   63.00000     -1.081050652214897E-003
   64.00000     -9.985042195833809E-004
   65.00000     -9.202060195108711E-004
   66.00000     -8.460513252339341E-004
   67.00000     -7.759347236001675E-004
   68.00000     -7.097501176407867E-004
   69.00000     -6.473907297467738E-004
   70.00000     -5.887491054777095E-004
   71.00000     -5.337171180364649E-004
   72.00000     -4.821859734392665E-004
   73.00000     -4.340462164144238E-004
   74.00000     -3.891877370623286E-004
   75.00000     -3.474997783089922E-004
   76.00000     -3.088709441880459E-004
   77.00000     -2.731892089843570E-004
   78.00000     -2.403419272731825E-004
   79.00000     -2.102158448901566E-004
   80.00000     -1.826971108656709E-004
   81.00000     -1.576712903590792E-004
   82.00000     -1.350233786276692E-004
   83.00000     -1.146378160646927E-004
   84.00000     -9.639850434379815E-005
   85.00000     -8.018882370547149E-005
   86.00000     -6.589165142574330E-005
   87.00000     -5.338938151087008E-005
   88.00000     -4.256394566967083E-005
   89.00000     -3.329683563113434E-005
   90.00000     -2.546912690541177E-005
   91.00000     -1.896150414475680E-005
   92.00000     -1.365428838749302E-005
   93.00000     -9.427466742633832E-006
   94.00000     -6.160725735327194E-006
   95.00000     -3.733491285892657E-006
   96.00000     -2.024983629933240E-006
   97.00000     -9.143152098124248E-007
   98.00000     -2.807591699357452E-007
   99.00000     -5.324199434847006E-009
