  0.0000000E+00 -1.609206663106540E-002
   1.000000     -1.557993829003124E-002
   2.000000     -1.507751324804615E-002
   3.000000     -1.458472492518945E-002
   4.000000     -1.410150635000284E-002
   5.000000     -1.362779015571688E-002
   6.000000     -1.316350857650037E-002
   7.000000     -1.270859344371790E-002
   8.000000     -1.226297618221476E-002
   9.000000     -1.182658780663046E-002
   10.00000     -1.139935891775447E-002
   11.00000     -1.098121969892885E-002
   12.00000     -1.057209991250795E-002
   13.00000     -1.017192889639044E-002
   14.00000     -9.780635560631931E-003
   15.00000     -9.398148384156599E-003
   16.00000     -9.024395411576888E-003
   17.00000     -8.659304250151517E-003
   18.00000     -8.302802066885096E-003
   19.00000     -7.954815585807878E-003
   20.00000     -7.615271085448513E-003
   21.00000     -7.284094396536696E-003
   22.00000     -6.961210899963950E-003
   23.00000     -6.646545525037770E-003
   24.00000     -6.340022748075100E-003
   25.00000     -6.041566591375568E-003
   26.00000     -5.751100622635197E-003
   27.00000     -5.468547954855502E-003
   28.00000     -5.193831246818461E-003
   29.00000     -4.926872704213681E-003
   30.00000     -4.667594081499453E-003
   31.00000     -4.415916684613569E-003
   32.00000     -4.171761374652548E-003
   33.00000     -3.935048572662737E-003
   34.00000     -3.705698265711613E-003
   35.00000     -3.483630014434925E-003
   36.00000     -3.268762962290300E-003
   37.00000     -3.061015846787125E-003
   38.00000     -2.860307013019467E-003
   39.00000     -2.666554429882440E-003
   40.00000     -2.479675709436316E-003
   41.00000     -2.299588129973033E-003
   42.00000     -2.126208663456374E-003
   43.00000     -1.959454008161149E-003
   44.00000     -1.799240627514430E-003
   45.00000     -1.645484796389411E-003
   46.00000     -1.498102656401402E-003
   47.00000     -1.357010282157543E-003
   48.00000     -1.222123760932475E-003
   49.00000     -1.093359288932405E-003
   50.00000     -9.706332882382299E-004
   51.00000     -8.538625497797458E-004
   52.00000     -7.429644094288128E-004
   53.00000     -6.378569667338041E-004
   54.00000     -5.384593592849415E-004
   55.00000     -4.446921107353071E-004
   56.00000     -3.564775779811128E-004
   57.00000     -2.737405343784628E-004
   58.00000     -1.964089436728667E-004
   59.00000     -1.244150080673339E-004
   60.00000     -5.769662207504273E-005
