  0.0000000E+00 -2.216446494067139E-002
   1.000000     -2.075968791434602E-002
   2.000000     -1.940836438191162E-002
   3.000000     -1.810971108592726E-002
   4.000000     -1.686283412677953E-002
   5.000000     -1.566795485871560E-002
   6.000000     -1.452636564031084E-002
   7.000000     -1.342913118082947E-002
   8.000000     -1.236157115914185E-002
   9.000000     -1.136047080911969E-002
   10.00000     -1.051132017387388E-002
   11.00000     -9.670027043965716E-003
   12.00000     -8.712748614391029E-003
   13.00000     -7.736628315017738E-003
   14.00000     -6.804060794956093E-003
   15.00000     -6.067715487269780E-003
   16.00000     -5.833130272598668E-003
   17.00000     -5.076021471996312E-003
   18.00000     -4.333178654975046E-003
   19.00000     -3.653534867463525E-003
   20.00000     -3.037706894850722E-003
   21.00000     -2.483377707480293E-003
   22.00000     -1.987435621512857E-003
   23.00000     -1.546496512109274E-003
   24.00000     -1.157131930806704E-003
   25.00000     -8.159962516141750E-004
   26.00000     -5.199076233798300E-004
   27.00000     -2.659080947744299E-004
   28.00000     -5.132235860499321E-005
