  0.0000000E+00 -2.527951419973903E-002
   1.000000     -2.382904790285990E-002
   2.000000     -2.243145840835539E-002
   3.000000     -2.108590709881439E-002
   4.000000     -1.979181318906384E-002
   5.000000     -1.855011087329995E-002
   6.000000     -1.735722248752616E-002
   7.000000     -1.619837626262342E-002
   8.000000     -1.509327903123454E-002
   9.000000     -1.412676440326177E-002
   10.00000     -1.319393713277875E-002
   11.00000     -1.213137054122051E-002
   12.00000     -1.102657385698010E-002
   13.00000     -9.986650657704434E-003
   14.00000     -9.594292667994006E-003
   15.00000     -8.867626800850558E-003
   16.00000     -7.919373804525931E-003
   17.00000     -7.030616120362104E-003
   18.00000     -6.210650786169931E-003
   19.00000     -5.459349748523491E-003
   20.00000     -4.774419814253127E-003
   21.00000     -4.152660727405376E-003
   22.00000     -3.590454687181218E-003
   23.00000     -3.084025675138548E-003
   24.00000     -2.629596112646916E-003
   25.00000     -2.223498520537438E-003
   26.00000     -1.862386084555006E-003
   27.00000     -1.596974044566329E-003
   28.00000     -1.538218917967089E-003
   29.00000     -1.258879815671048E-003
   30.00000     -1.012127474628071E-003
   31.00000     -7.975046081066660E-004
   32.00000     -6.124823440550305E-004
   33.00000     -4.546279001662875E-004
   34.00000     -3.216626243799532E-004
   35.00000     -2.114665530540701E-004
   36.00000     -1.220801868541516E-004
   37.00000     -5.171702705029265E-005
