  0.0000000E+00 -7.649957715516262E-002
   1.000000     -7.578514090295063E-002
   2.000000     -7.507493638900226E-002
   3.000000     -7.436895378620556E-002
   4.000000     -7.366718324746716E-002
   5.000000     -7.296961490563861E-002
   6.000000     -7.227623887343956E-002
   7.000000     -7.158704524338477E-002
   8.000000     -7.090202408769948E-002
   9.000000     -7.022116545825917E-002
   10.00000     -6.954445938680545E-002
   11.00000     -6.887189588238882E-002
   12.00000     -6.820346493427829E-002
   13.00000     -6.753915657857504E-002
   14.00000     -6.687896050787695E-002
   15.00000     -6.622286628606505E-002
   16.00000     -6.557087008290600E-002
   17.00000     -6.492294705939504E-002
   18.00000     -6.427905214046140E-002
   19.00000     -6.363945346422685E-002
   20.00000     -6.300377965978943E-002
   21.00000     -6.237062326955577E-002
   22.00000     -6.174606559736390E-002
   23.00000     -6.112683275216642E-002
   24.00000     -6.048731341994720E-002
   25.00000     -5.989292334582237E-002
   26.00000     -5.933849743867869E-002
   27.00000     -5.862473419037080E-002
   28.00000     -5.801112680360761E-002
   29.00000     -5.764910921199482E-002
   30.00000     -5.681175809217675E-002
   31.00000     -5.590520778503836E-002
   32.00000     -5.569390738693407E-002
   33.00000     -5.494347376667895E-002
   34.00000     -5.399005327549868E-002
   35.00000     -5.303066002402518E-002
   36.00000     -5.290864589935703E-002
   37.00000     -5.205937150348400E-002
   38.00000     -5.109146616217634E-002
   39.00000     -5.012457776031575E-002
   40.00000     -4.960329250080729E-002
   41.00000     -4.916005943152710E-002
   42.00000     -4.820075304043159E-002
   43.00000     -4.724727661702107E-002
   44.00000     -4.630095794245540E-002
   45.00000     -4.577484179679552E-002
   46.00000     -4.536259167891478E-002
   47.00000     -4.443348556370910E-002
   48.00000     -4.351413754821571E-002
   49.00000     -4.260525637335958E-002
   50.00000     -4.170744479160700E-002
   51.00000     -4.139804754445801E-002
   52.00000     -4.082105706224497E-002
   53.00000     -3.994670758321610E-002
   54.00000     -3.908465123513843E-002
   55.00000     -3.823519372173820E-002
   56.00000     -3.739858147414313E-002
   57.00000     -3.657504524060949E-002
   58.00000     -3.643276632625991E-002
   59.00000     -3.576460984774291E-002
   60.00000     -3.496754570652663E-002
   61.00000     -3.418387023460460E-002
   62.00000     -3.341363680022487E-002
   63.00000     -3.265686836228911E-002
   64.00000     -3.191356258023176E-002
   65.00000     -3.118369780953263E-002
   66.00000     -3.083107442791703E-002
   67.00000     -3.046720093487901E-002
   68.00000     -2.976405216233662E-002
   69.00000     -2.907414420858031E-002
   70.00000     -2.839738530336109E-002
   71.00000     -2.773366735015289E-002
   72.00000     -2.708287036714662E-002
   73.00000     -2.644486407022151E-002
   74.00000     -2.581950918913145E-002
   75.00000     -2.520665889590009E-002
   76.00000     -2.460617571543479E-002
   77.00000     -2.453832345110892E-002
   78.00000     -2.401784074700257E-002
   79.00000     -2.344155461727238E-002
   80.00000     -2.287712231483153E-002
   81.00000     -2.232437139743925E-002
   82.00000     -2.178312584373510E-002
   83.00000     -2.125320716403648E-002
   84.00000     -2.073443500516770E-002
   85.00000     -2.022662765606300E-002
   86.00000     -1.972960249858655E-002
   87.00000     -1.924317641612722E-002
   88.00000     -1.876716617044032E-002
   89.00000     -1.830138877856674E-002
   90.00000     -1.784566220699843E-002
   91.00000     -1.749377706924727E-002
   92.00000     -1.739979487943053E-002
   93.00000     -1.696362840582775E-002
   94.00000     -1.653696507332428E-002
   95.00000     -1.611963114094015E-002
   96.00000     -1.571145023962377E-002
   97.00000     -1.531224757037338E-002
   98.00000     -1.492185017878510E-002
   99.00000     -1.454008709814750E-002
   100.0000     -1.416678946056259E-002
   101.0000     -1.380179059025583E-002
   102.0000     -1.344492608300889E-002
   103.0000     -1.309603387358227E-002
   104.0000     -1.275495429237653E-002
   105.0000     -1.242153011234879E-002
   106.0000     -1.209560658707676E-002
   107.0000     -1.177703148077923E-002
   108.0000     -1.146565509107084E-002
   109.0000     -1.116133026524561E-002
   110.0000     -1.086391241107344E-002
   111.0000     -1.057325950394043E-002
   112.0000     -1.028923209632758E-002
   113.0000     -1.001169336657683E-002
   114.0000     -9.740509949092317E-003
   115.0000     -9.630116541531248E-003
   116.0000     -9.475544165631171E-003
   117.0000     -9.216675589507978E-003
   118.0000     -8.963772539013540E-003
   119.0000     -8.716711229299210E-003
   120.0000     -8.475369836803272E-003
   121.0000     -8.239628910318725E-003
   122.0000     -8.009371381293741E-003
   123.0000     -7.784482541657221E-003
   124.0000     -7.564850014504399E-003
   125.0000     -7.350363721992013E-003
   126.0000     -7.140915851635739E-003
   127.0000     -6.936400821482336E-003
   128.0000     -6.736715244422624E-003
   129.0000     -6.541757891824293E-003
   130.0000     -6.351429656630496E-003
   131.0000     -6.165633516047669E-003
   132.0000     -5.984274493931249E-003
   133.0000     -5.807259622964520E-003
   134.0000     -5.634497906721283E-003
   135.0000     -5.465900281688349E-003
   136.0000     -5.301379579318663E-003
   137.0000     -5.140850488181912E-003
   138.0000     -4.984229516270122E-003
   139.0000     -4.831434953507894E-003
   140.0000     -4.682386834518026E-003
   141.0000     -4.537006901681327E-003
   142.0000     -4.395218568533335E-003
   143.0000     -4.256946883524460E-003
   144.0000     -4.122118494179827E-003
   145.0000     -3.990661611681529E-003
   146.0000     -3.862505975897512E-003
   147.0000     -3.737582820876769E-003
   148.0000     -3.615824840830172E-003
   149.0000     -3.497166156607965E-003
   150.0000     -3.381542282690813E-003
   151.0000     -3.268890094702845E-003
   152.0000     -3.159147797453906E-003
   153.0000     -3.052254893522081E-003
   154.0000     -2.948152152376897E-003
   155.0000     -2.846781580050470E-003
   156.0000     -2.748086389357291E-003
   157.0000     -2.652010970664449E-003
   158.0000     -2.558500863211997E-003
   159.0000     -2.467502726983322E-003
   160.0000     -2.378964315122444E-003
   161.0000     -2.292834446896259E-003
   162.0000     -2.209062981199187E-003
   163.0000     -2.127600790593996E-003
   164.0000     -2.048399735885692E-003
   165.0000     -1.971412641223877E-003
   166.0000     -1.896593269725031E-003
   167.0000     -1.823896299611920E-003
   168.0000     -1.753277300861836E-003
   169.0000     -1.684692712357208E-003
   170.0000     -1.618099819531493E-003
   171.0000     -1.553456732504854E-003
   172.0000     -1.490722364700761E-003
   173.0000     -1.429856411937581E-003
   174.0000     -1.370819331991495E-003
   175.0000     -1.313572324624277E-003
   176.0000     -1.258077312080034E-003
   177.0000     -1.204296920060687E-003
   178.0000     -1.152194459221109E-003
   179.0000     -1.101733907297469E-003
   180.0000     -1.052879892233310E-003
   181.0000     -1.005597677661557E-003
   182.0000     -9.598531576063241E-004
   183.0000     -9.156129230262007E-004
   184.0000     -8.734563360728487E-004
   185.0000     -8.728100297322478E-004
   186.0000     -8.315121139640136E-004
   187.0000     -7.915887630447154E-004
   188.0000     -7.530408962991209E-004
   189.0000     -7.158378476129762E-004
   190.0000     -6.799493624545085E-004
   191.0000     -6.453456614693191E-004
   192.0000     -6.119974378807259E-004
   193.0000     -5.798758467909285E-004
   194.0000     -5.489524929098084E-004
   195.0000     -5.191994180190976E-004
   196.0000     -4.905890885233503E-004
   197.0000     -4.630943832002884E-004
   198.0000     -4.366885811908334E-004
   199.0000     -4.113453502393509E-004
   200.0000     -3.870387351891660E-004
   201.0000     -3.637431467284748E-004
   202.0000     -3.414333503839105E-004
   203.0000     -3.200844557560032E-004
   204.0000     -2.996719059903461E-004
   205.0000     -2.801714674794291E-004
   206.0000     -2.615592197879072E-004
   207.0000     -2.438115457963204E-004
   208.0000     -2.269051220564754E-004
   209.0000     -2.108169093530965E-004
   210.0000     -1.955241434656443E-004
   211.0000     -1.810043261244181E-004
   212.0000     -1.672352161557474E-004
   213.0000     -1.541948208101659E-004
   214.0000     -1.418613872685704E-004
   215.0000     -1.302133943207572E-004
   216.0000     -1.192295442111881E-004
   217.0000     -1.088887546468783E-004
   218.0000     -9.917015096242020E-005
   219.0000     -9.005305843725104E-005
   220.0000     -8.151699476036505E-005
   221.0000     -7.354166263801319E-005
   222.0000     -6.610694253988607E-005
   223.0000     -5.919288557949260E-005
   224.0000     -5.277970652493697E-005
   225.0000     -4.684777693612045E-005
   226.0000     -4.137761842532760E-005
   227.0000     -3.634989603820399E-005
   228.0000     -3.174541175282722E-005
   229.0000     -2.754509809595587E-005
   230.0000     -2.373001187625475E-005
   231.0000     -2.028132803659462E-005
   232.0000     -1.718033363039285E-005
   233.0000     -1.440842193130864E-005
   234.0000     -1.194708669282315E-005
   235.0000     -9.777916585480444E-006
   236.0000     -7.882589858961544E-006
   237.0000     -6.242869309178804E-006
   238.0000     -4.840597690802641E-006
   239.0000     -3.657693828899591E-006
   240.0000     -2.676149910160017E-006
   241.0000     -1.878030918576329E-006
   242.0000     -1.245478304929074E-006
   243.0000     -7.607228872642010E-007
   244.0000     -4.061206819283197E-007
   245.0000     -1.642577116518208E-007
   246.0000     -1.834593612676588E-008
