  0.0000000E+00 -7.580467388135886E-002
   1.000000     -7.475752174978841E-002
   2.000000     -7.454077543196250E-002
   3.000000     -7.233469427907804E-002
   4.000000     -7.057467650288139E-002
   5.000000     -6.915166661415328E-002
   6.000000     -6.547890812844967E-002
   7.000000     -6.205297320899012E-002
   8.000000     -6.156441348749888E-002
   9.000000     -5.757863261777240E-002
   10.00000     -5.363665260149908E-002
   11.00000     -4.981447317984122E-002
   12.00000     -4.710601782402313E-002
   13.00000     -4.616012858712232E-002
   14.00000     -4.270187904442146E-002
   15.00000     -3.945406059301450E-002
   16.00000     -3.642136285708142E-002
   17.00000     -3.360188688108685E-002
   18.00000     -3.098935700531925E-002
   19.00000     -2.857470655771849E-002
   20.00000     -2.634720852802994E-002
   21.00000     -2.429527489515798E-002
   22.00000     -2.295382842859393E-002
   23.00000     -2.240701376693494E-002
   24.00000     -2.067061566334082E-002
   25.00000     -1.907460388838721E-002
   26.00000     -1.760800340287456E-002
   27.00000     -1.626043775631411E-002
   28.00000     -1.502218144040138E-002
   29.00000     -1.388417931851920E-002
   30.00000     -1.283804350820501E-002
   31.00000     -1.187603512007874E-002
   32.00000     -1.099103621250650E-002
   33.00000     -1.017651581878237E-002
   34.00000     -9.426492797565147E-003
   35.00000     -8.735497444094024E-003
   36.00000     -8.098533203206092E-003
   37.00000     -7.511039389182180E-003
   38.00000     -6.968855500334267E-003
   39.00000     -6.468187487162803E-003
   40.00000     -6.005576168928302E-003
   41.00000     -5.577867877566384E-003
   42.00000     -5.182187327352459E-003
   43.00000     -4.815912654160894E-003
   44.00000     -4.476652532550789E-003
   45.00000     -4.162225257029474E-003
   46.00000     -3.870639661825432E-003
   47.00000     -3.600077748475487E-003
   48.00000     -3.348878890377308E-003
   49.00000     -3.115525486619184E-003
   50.00000     -2.898629942732228E-003
   51.00000     -2.696922862685725E-003
   52.00000     -2.509242343868740E-003
   53.00000     -2.334524274542336E-003
   54.00000     -2.171793541013111E-003
   55.00000     -2.020156059365073E-003
   56.00000     -1.878791553861324E-003
   57.00000     -1.746947011006267E-003
   58.00000     -1.623930744696197E-003
   59.00000     -1.509107013861626E-003
   60.00000     -1.401891139515394E-003
   61.00000     -1.301745073177394E-003
   62.00000     -1.208173373267572E-003
   63.00000     -1.120719550267451E-003
   64.00000     -1.038962745273531E-003
   65.00000     -9.625147100307502E-004
   66.00000     -8.910170596695250E-004
   67.00000     -8.241387722021649E-004
   68.00000     -7.615739113909568E-004
   69.00000     -7.030395519054475E-004
   70.00000     -6.482738877633472E-004
   71.00000     -5.970345069207074E-004
   72.00000     -5.490968165616362E-004
   73.00000     -5.042526051551688E-004
   74.00000     -4.623087287124981E-004
   75.00000     -4.230859099090275E-004
   76.00000     -3.864176398444983E-004
   77.00000     -3.521491732154328E-004
   78.00000     -3.201366085781638E-004
   79.00000     -2.902460461991517E-004
   80.00000     -2.623528167322219E-004
   81.00000     -2.363407746395680E-004
   82.00000     -2.121016508944714E-004
   83.00000     -1.895344600779997E-004
   84.00000     -1.685449575201856E-004
   85.00000     -1.490451426494015E-004
   86.00000     -1.309528052159975E-004
   87.00000     -1.141911115653483E-004
   88.00000     -9.868822867622889E-005
   89.00000     -8.437698428758349E-005
   90.00000     -7.119456216507305E-005
   91.00000     -5.908223249360254E-005
   92.00000     -4.798511866551042E-005
   93.00000     -3.785200361069212E-005
   94.00000     -2.863518172352311E-005
   95.00000     -2.029036720711147E-005
   96.00000     -1.277667791367798E-005
   97.00000     -6.056728960134559E-006
   98.00000     -9.690038397750850E-008
