  0.0000000E+00 -7.651029717608561E-002
   1.000000     -7.579583389847902E-002
   2.000000     -7.508560609603968E-002
   3.000000     -7.437959826572584E-002
   4.000000     -7.367780245220247E-002
   5.000000     -7.298020878815624E-002
   6.000000     -7.228680738614141E-002
   7.000000     -7.159758833850635E-002
   8.000000     -7.091254171731100E-002
   9.000000     -7.023165757426253E-002
   10.00000     -6.955492594093536E-002
   11.00000     -6.888233682620232E-002
   12.00000     -6.821388021922678E-002
   13.00000     -6.754954615590247E-002
   14.00000     -6.688932432719835E-002
   15.00000     -6.623320430372846E-002
   16.00000     -6.558118225647523E-002
   17.00000     -6.493323323337978E-002
   18.00000     -6.428931250363007E-002
   19.00000     -6.364968851494811E-002
   20.00000     -6.301398566130212E-002
   21.00000     -6.238080453091835E-002
   22.00000     -6.175623969182102E-002
   23.00000     -6.113693765999418E-002
   24.00000     -6.049737055844210E-002
   25.00000     -5.990320321981047E-002
   26.00000     -5.934844592776077E-002
   27.00000     -5.863433176192905E-002
   28.00000     -5.802206660979801E-002
   29.00000     -5.765879167099911E-002
   30.00000     -5.682088112758126E-002
   31.00000     -5.591441409762312E-002
   32.00000     -5.570557374872302E-002
   33.00000     -5.495236170043679E-002
   34.00000     -5.399884038703227E-002
   35.00000     -5.303946943570801E-002
   36.00000     -5.292063662635831E-002
   37.00000     -5.206798731058826E-002
   38.00000     -5.109999999100986E-002
   39.00000     -5.013303429207585E-002
   40.00000     -4.961555003685868E-002
   41.00000     -4.916843942584621E-002
   42.00000     -4.820905601766999E-002
   43.00000     -4.725550569561055E-002
   44.00000     -4.630911495327741E-002
   45.00000     -4.578724673382327E-002
   46.00000     -4.537067755430583E-002
   47.00000     -4.444150036033946E-002
   48.00000     -4.352208305448984E-002
   49.00000     -4.261313364194271E-002
   50.00000     -4.171525544782725E-002
   51.00000     -4.141059428496043E-002
   52.00000     -4.082880074447819E-002
   53.00000     -3.995438556600617E-002
   54.00000     -3.909226451471681E-002
   55.00000     -3.824274313437750E-002
   56.00000     -3.740606783978908E-002
   57.00000     -3.658247103792860E-002
   58.00000     -3.644545223150798E-002
   59.00000     -3.577197239763572E-002
   60.00000     -3.497484738580667E-002
   61.00000     -3.419111180850568E-002
   62.00000     -3.342081897384369E-002
   63.00000     -3.266399182143465E-002
   64.00000     -3.192062800014214E-002
   65.00000     -3.119070596366820E-002
   66.00000     -3.084390139171727E-002
   67.00000     -3.047415230992079E-002
   68.00000     -2.977094729170381E-002
   69.00000     -2.908098380728898E-002
   70.00000     -2.840416997711676E-002
   71.00000     -2.774039768721963E-002
   72.00000     -2.708954694297468E-002
   73.00000     -2.645148744869730E-002
   74.00000     -2.582607992410236E-002
   75.00000     -2.521317754023747E-002
   76.00000     -2.461264493884864E-002
   77.00000     -2.455129010169549E-002
   78.00000     -2.402425676843462E-002
   79.00000     -2.344792006621873E-002
   80.00000     -2.288343771088582E-002
   81.00000     -2.233063723224256E-002
   82.00000     -2.178934259728879E-002
   83.00000     -2.125937530637416E-002
   84.00000     -2.074055499683857E-002
   85.00000     -2.023269994840299E-002
   86.00000     -1.973562753394261E-002
   87.00000     -1.924915462811758E-002
   88.00000     -1.877309798442792E-002
   89.00000     -1.830727461345322E-002
   90.00000     -1.785150249616352E-002
   91.00000     -1.750688770615604E-002
   92.00000     -1.740559041209940E-002
   93.00000     -1.696937871040135E-002
   94.00000     -1.654267096514670E-002
   95.00000     -1.612529300308540E-002
   96.00000     -1.571706844078494E-002
   97.00000     -1.531782247052901E-002
   98.00000     -1.492738213003662E-002
   99.00000     -1.454557644499432E-002
   100.0000     -1.417223654006127E-002
   101.0000     -1.380719573213842E-002
   102.0000     -1.345028960979094E-002
   103.0000     -1.310135610065920E-002
   104.0000     -1.276023552811942E-002
   105.0000     -1.242677065819631E-002
   106.0000     -1.210080673762349E-002
   107.0000     -1.178219152386707E-002
   108.0000     -1.147077530788102E-002
   109.0000     -1.116641093040020E-002
   110.0000     -1.086895379276816E-002
   111.0000     -1.057826186418267E-002
   112.0000     -1.029419569164696E-002
   113.0000     -1.001661845227368E-002
   114.0000     -9.745396907426811E-003
   115.0000     -9.643371324853385E-003
   116.0000     -9.480392993292834E-003
   117.0000     -9.221486548335985E-003
   118.0000     -8.968545907420453E-003
   119.0000     -8.721447230053761E-003
   120.0000     -8.480068683479711E-003
   121.0000     -8.244290810000245E-003
   122.0000     -8.013996535094450E-003
   123.0000     -7.789071144905815E-003
   124.0000     -7.569402256847883E-003
   125.0000     -7.354879787470597E-003
   126.0000     -7.145395918747453E-003
   127.0000     -6.940845063244315E-003
   128.0000     -6.741123828427890E-003
   129.0000     -6.546130980296578E-003
   130.0000     -6.355767406477716E-003
   131.0000     -6.169936078914202E-003
   132.0000     -5.988542016248925E-003
   133.0000     -5.811492246003113E-003
   134.0000     -5.638695766637378E-003
   135.0000     -5.470063509572847E-003
   136.0000     -5.305508301245029E-003
   137.0000     -5.144944825251631E-003
   138.0000     -4.988289584658480E-003
   139.0000     -4.835460864508036E-003
   140.0000     -4.686378694585248E-003
   141.0000     -4.540964812476313E-003
   142.0000     -4.399142626962651E-003
   143.0000     -4.260837181784044E-003
   144.0000     -4.125975119793818E-003
   145.0000     -3.994484647542316E-003
   146.0000     -3.866295500305052E-003
   147.0000     -3.741338907576978E-003
   148.0000     -3.619547559051676E-003
   149.0000     -3.500855571099250E-003
   150.0000     -3.385198453756327E-003
   151.0000     -3.272513078237786E-003
   152.0000     -3.162737644979046E-003
   153.0000     -3.055811652217301E-003
   154.0000     -2.951675865114987E-003
   155.0000     -2.850272285428623E-003
   156.0000     -2.751544121728919E-003
   157.0000     -2.655435760170487E-003
   158.0000     -2.561892735810751E-003
   159.0000     -2.470861704480227E-003
   160.0000     -2.382290415198795E-003
   161.0000     -2.296127683137373E-003
   162.0000     -2.212323363121741E-003
   163.0000     -2.130828323672779E-003
   164.0000     -2.051594421579866E-003
   165.0000     -1.974574477001862E-003
   166.0000     -1.899722249089820E-003
   167.0000     -1.826992412124743E-003
   168.0000     -1.756340532165909E-003
   169.0000     -1.687723044200376E-003
   170.0000     -1.621097229789154E-003
   171.0000     -1.556421195202169E-003
   172.0000     -1.493653850034187E-003
   173.0000     -1.432754886298658E-003
   174.0000     -1.373684757990410E-003
   175.0000     -1.316404661117530E-003
   176.0000     -1.260876514204775E-003
   177.0000     -1.207062939285059E-003
   178.0000     -1.154927243430943E-003
   179.0000     -1.104433400978785E-003
   180.0000     -1.055546036945952E-003
   181.0000     -1.008230413629259E-003
   182.0000     -9.624524316134481E-004
   183.0000     -9.181787796966757E-004
   184.0000     -8.868253967563625E-004
   185.0000     -8.753733948681538E-004
   186.0000     -8.340105591718389E-004
   187.0000     -7.940533507080162E-004
   188.0000     -7.554715955067747E-004
   189.0000     -7.182345784402562E-004
   190.0000     -6.823120349758693E-004
   191.0000     -6.476741804813240E-004
   192.0000     -6.142917039823017E-004
   193.0000     -5.821357567237395E-004
   194.0000     -5.511779396896166E-004
   195.0000     -5.213902909933905E-004
   196.0000     -4.927452733983162E-004
   197.0000     -4.652157620541275E-004
   198.0000     -4.387750324785486E-004
   199.0000     -4.133967487940137E-004
   200.0000     -3.890549522187670E-004
   201.0000     -3.657240498113315E-004
   202.0000     -3.433788034613475E-004
   203.0000     -3.219943191231985E-004
   204.0000     -3.015460362853457E-004
   205.0000     -2.820097176701737E-004
   206.0000     -2.633614391573632E-004
   207.0000     -2.455775799252745E-004
   208.0000     -2.286348128044740E-004
   209.0000     -2.125100948366390E-004
   210.0000     -1.971806580339186E-004
   211.0000     -1.826240003323854E-004
   212.0000     -1.688178767337234E-004
   213.0000     -1.557402906303342E-004
   214.0000     -1.433694853073286E-004
   215.0000     -1.316839356168620E-004
   216.0000     -1.206623398189484E-004
   217.0000     -1.102836115837204E-004
   218.0000     -1.005268721499587E-004
   219.0000     -9.137144263478609E-005
   220.0000     -8.279683648966086E-005
   221.0000     -7.478275209765122E-005
   222.0000     -6.730906550723683E-005
   223.0000     -6.035582329782754E-005
   224.0000     -5.390323557256224E-005
   225.0000     -4.793166907340140E-005
   226.0000     -4.242164041450559E-005
   227.0000     -3.735380942901969E-005
   228.0000     -3.270897262510704E-005
   229.0000     -2.846805674696607E-005
   230.0000     -2.461211243655656E-005
   231.0000     -2.112230799194350E-005
   232.0000     -1.797992321823410E-005
   233.0000     -1.516634336733003E-005
   234.0000     -1.266305316269628E-005
   235.0000     -1.045163090583240E-005
   236.0000     -8.513742661428096E-006
   237.0000     -6.831136518923478E-006
   238.0000     -5.385636929262054E-006
   239.0000     -4.159139117870911E-006
   240.0000     -3.133603578572921E-006
   241.0000     -2.291050661173541E-006
   242.0000     -1.613555281676289E-006
   243.0000     -1.083241821899596E-006
   244.0000     -6.822793794992217E-007
   245.0000     -3.928777960303975E-007
   246.0000     -1.972857763840512E-007
   247.0000     -7.779614584374093E-008
   248.0000     -1.678339566081400E-008
