  0.0000000E+00 -7.603331925331407E-002
   1.000000     -7.498524821329644E-002
   2.000000     -7.477076138422115E-002
   3.000000     -7.254665290452980E-002
   4.000000     -7.082208015310533E-002
   5.000000     -6.935589004533288E-002
   6.000000     -6.567584053266116E-002
   7.000000     -6.231069341871841E-002
   8.000000     -6.175445016691412E-002
   9.000000     -5.776212268635956E-002
   10.00000     -5.381393311374670E-002
   11.00000     -4.998585434435495E-002
   12.00000     -4.737468796175232E-002
   13.00000     -4.632590027580895E-002
   14.00000     -4.286231179450327E-002
   15.00000     -3.960940838696979E-002
   16.00000     -3.657186359251862E-002
   17.00000     -3.374776381314678E-002
   18.00000     -3.113081986011723E-002
   19.00000     -2.871195254150217E-002
   20.00000     -2.648042324687984E-002
   21.00000     -2.442463320923932E-002
   22.00000     -2.323415389223687E-002
   23.00000     -2.253268056544680E-002
   24.00000     -2.079274633683765E-002
   25.00000     -1.919334541350051E-002
   26.00000     -1.772349460914420E-002
   27.00000     -1.637280994653512E-002
   28.00000     -1.513155889013483E-002
   29.00000     -1.399067973435467E-002
   30.00000     -1.294177844983059E-002
   31.00000     -1.197711038953164E-002
   32.00000     -1.108955221351783E-002
   33.00000     -1.027256788881775E-002
   34.00000     -9.520171514897967E-003
   35.00000     -8.826888912020386E-003
   36.00000     -8.187719313305197E-003
   37.00000     -7.598098065344988E-003
   38.00000     -7.053860925121019E-003
   39.00000     -6.551210311905069E-003
   40.00000     -6.086683708861234E-003
   41.00000     -5.657124293161333E-003
   42.00000     -5.259653792914383E-003
   43.00000     -4.891647514662461E-003
   44.00000     -4.550711449589556E-003
   45.00000     -4.234661344719408E-003
   46.00000     -3.941503613364589E-003
   47.00000     -3.669417954070367E-003
   48.00000     -3.416741547148106E-003
   49.00000     -3.181954701059664E-003
   50.00000     -2.963667826251569E-003
   51.00000     -2.760609620718524E-003
   52.00000     -2.571616359000671E-003
   53.00000     -2.395622184064747E-003
   54.00000     -2.231650309287723E-003
   55.00000     -2.078805045350830E-003
   56.00000     -1.936264574128632E-003
   57.00000     -1.803274398538602E-003
   58.00000     -1.679141403756131E-003
   59.00000     -1.563228471176241E-003
   60.00000     -1.454949592015702E-003
   61.00000     -1.353765432506671E-003
   62.00000     -1.259179307254795E-003
   63.00000     -1.170733521543907E-003
   64.00000     -1.088006047192861E-003
   65.00000     -1.010607500035065E-003
   66.00000     -9.381783902267279E-004
   67.00000     -8.703866194218694E-004
   68.00000     -8.069252014079266E-004
   69.00000     -7.475101851006523E-004
   70.00000     -6.918787608726188E-004
   71.00000     -6.397875330594691E-004
   72.00000     -5.910109431710225E-004
   73.00000     -5.453398298488718E-004
   74.00000     -5.025801129751354E-004
   75.00000     -4.625515905638365E-004
   76.00000     -4.250868381704745E-004
   77.00000     -3.900302015495626E-004
   78.00000     -3.572368741857090E-004
   79.00000     -3.265720521313774E-004
   80.00000     -2.979101593129324E-004
   81.00000     -2.711341371256895E-004
   82.00000     -2.461347927343610E-004
   83.00000     -2.228102010372576E-004
   84.00000     -2.010651557456413E-004
   85.00000     -1.808106654818902E-004
   86.00000     -1.619634912178239E-004
   87.00000     -1.444457217643984E-004
   88.00000     -1.281843843947155E-004
   89.00000     -1.131110880421689E-004
   90.00000     -9.916169687709917E-005
   91.00000     -8.627603244425723E-005
   92.00000     -7.439760296234993E-005
   93.00000     -6.347335888086695E-005
   94.00000     -5.345347441210289E-005
   95.00000     -4.429115559733506E-005
   96.00000     -3.594247667705012E-005
   97.00000     -2.836624838629131E-005
   98.00000     -2.152392478940308E-005
   99.00000     -1.537956038479407E-005
   100.0000     -9.899838484429620E-006
   101.0000     -5.054209835426041E-006
   102.0000     -8.152181158186034E-007
