  0.0000000E+00 -7.646890903531389E-002
   1.000000     -7.575454469060758E-002
   2.000000     -7.504441221849385E-002
   3.000000     -7.433850179232862E-002
   4.000000     -7.363680356548899E-002
   5.000000     -7.293930767129773E-002
   6.000000     -7.224600422294827E-002
   7.000000     -7.155688331343008E-002
   8.000000     -7.087193501544542E-002
   9.000000     -7.019114938134814E-002
   10.00000     -6.951451644336157E-002
   11.00000     -6.884202621104153E-002
   12.00000     -6.817366867396572E-002
   13.00000     -6.750943386881651E-002
   14.00000     -6.684931149286591E-002
   15.00000     -6.619329109089178E-002
   16.00000     -6.554136882829462E-002
   17.00000     -6.489352019016990E-002
   18.00000     -6.424969912655719E-002
   19.00000     -6.361017285209397E-002
   20.00000     -6.297458211628254E-002
   21.00000     -6.234149676340135E-002
   22.00000     -6.171695934851874E-002
   23.00000     -6.109792342138858E-002
   24.00000     -6.045854390001008E-002
   25.00000     -5.986351565427625E-002
   26.00000     -5.931002864300304E-002
   27.00000     -5.859727952658705E-002
   28.00000     -5.797984845241353E-002
   29.00000     -5.762138283813222E-002
   30.00000     -5.678565736898188E-002
   31.00000     -5.587890043220359E-002
   32.00000     -5.566050031939881E-002
   33.00000     -5.491804585943702E-002
   34.00000     -5.396491440094594E-002
   35.00000     -5.300548838354736E-002
   36.00000     -5.287431089142927E-002
   37.00000     -5.203472266157891E-002
   38.00000     -5.106705194294463E-002
   39.00000     -5.010038482183344E-002
   40.00000     -4.956822530569104E-002
   41.00000     -4.913608513748705E-002
   42.00000     -4.817699928008119E-002
   43.00000     -4.722373428337942E-002
   44.00000     -4.627762184118967E-002
   45.00000     -4.573935291595732E-002
   46.00000     -4.533945893495058E-002
   47.00000     -4.441055627132637E-002
   48.00000     -4.349140649230478E-002
   49.00000     -4.258272054175304E-002
   50.00000     -4.168509965313066E-002
   51.00000     -4.136215283510829E-002
   52.00000     -4.079890338849613E-002
   53.00000     -3.992474188681799E-002
   54.00000     -3.906287064937797E-002
   55.00000     -3.821359585357599E-002
   56.00000     -3.737716397934583E-002
   57.00000     -3.655380167824755E-002
   58.00000     -3.639647294609223E-002
   59.00000     -3.574354656904676E-002
   60.00000     -3.494665657863071E-002
   61.00000     -3.416315306282585E-002
   62.00000     -3.339308956706624E-002
   63.00000     -3.263648910578116E-002
   64.00000     -3.189334936921857E-002
   65.00000     -3.116364845522626E-002
   66.00000     -3.079437626282681E-002
   67.00000     -3.044731397098323E-002
   68.00000     -2.974432613491585E-002
   69.00000     -2.905457705003305E-002
   70.00000     -2.837797528032743E-002
   71.00000     -2.771441277966379E-002
   72.00000     -2.706376960296720E-002
   73.00000     -2.642591549924345E-002
   74.00000     -2.580071122710696E-002
   75.00000     -2.518800996288217E-002
   76.00000     -2.458766997742544E-002
   77.00000     -2.450122574535604E-002
   78.00000     -2.399948540340994E-002
   79.00000     -2.342334396190782E-002
   80.00000     -2.285905485755283E-002
   81.00000     -2.230644573156815E-002
   82.00000     -2.176534059610546E-002
   83.00000     -2.123556099004003E-002
   84.00000     -2.071692658734323E-002
   85.00000     -2.020925570331960E-002
   86.00000     -1.971236574555708E-002
   87.00000     -1.922607362243735E-002
   88.00000     -1.875019611939128E-002
   89.00000     -1.828455027227866E-002
   90.00000     -1.782895401260174E-002
   91.00000     -1.745626974376670E-002
   92.00000     -1.738321421793641E-002
   93.00000     -1.694717764403283E-002
   94.00000     -1.652064137723058E-002
   95.00000     -1.610343341308378E-002
   96.00000     -1.569537742520601E-002
   97.00000     -1.529629863967969E-002
   98.00000     -1.490602412467300E-002
   99.00000     -1.452438293523387E-002
   100.0000     -1.415120622477072E-002
   101.0000     -1.378632733846894E-002
   102.0000     -1.342958189276689E-002
   103.0000     -1.308080784279950E-002
   104.0000     -1.273984553907159E-002
   105.0000     -1.240653777438269E-002
   106.0000     -1.208072982189571E-002
   107.0000     -1.176226946515906E-002
   108.0000     -1.145100702085425E-002
   109.0000     -1.114679535505290E-002
   110.0000     -1.084948989393290E-002
   111.0000     -1.055894863063962E-002
   112.0000     -1.027503213353996E-002
   113.0000     -9.997603586220198E-003
   114.0000     -9.726529363593230E-003
   115.0000     -9.592196271029009E-003
   116.0000     -9.461672515882008E-003
   117.0000     -9.202912334952865E-003
   118.0000     -8.950116837920158E-003
   119.0000     -8.703162443240410E-003
   120.0000     -8.461927354910408E-003
   121.0000     -8.226292140472977E-003
   122.0000     -7.996139748505958E-003
   123.0000     -7.771355487513877E-003
   124.0000     -7.551826996866403E-003
   125.0000     -7.337444214775640E-003
   126.0000     -7.128099344625126E-003
   127.0000     -6.923686820158281E-003
   128.0000     -6.724103269799654E-003
   129.0000     -6.529247480293210E-003
   130.0000     -6.339020359805344E-003
   131.0000     -6.153324900618019E-003
   132.0000     -5.972066141513951E-003
   133.0000     -5.795151129964433E-003
   134.0000     -5.622488884189565E-003
   135.0000     -5.453990355185493E-003
   136.0000     -5.289568388780443E-003
   137.0000     -5.129137687788635E-003
   138.0000     -4.972614774315817E-003
   139.0000     -4.819917952274553E-003
   140.0000     -4.670967270151117E-003
   141.0000     -4.525684484068136E-003
   142.0000     -4.383993021183044E-003
   143.0000     -4.245817943451617E-003
   144.0000     -4.111085911788516E-003
   145.0000     -3.979725150653229E-003
   146.0000     -3.851665413080775E-003
   147.0000     -3.726837946178868E-003
   148.0000     -3.605175457111408E-003
   149.0000     -3.486612079577319E-003
   150.0000     -3.371083340804921E-003
   151.0000     -3.258526129065970E-003
   152.0000     -3.148878661721670E-003
   153.0000     -3.042080453804955E-003
   154.0000     -2.938072287148165E-003
   155.0000     -2.836796180055140E-003
   156.0000     -2.738195357523003E-003
   157.0000     -2.642214222015182E-003
   158.0000     -2.548798324783680E-003
   159.0000     -2.457894337741244E-003
   160.0000     -2.369450025880963E-003
   161.0000     -2.283414220241097E-003
   162.0000     -2.199736791411130E-003
   163.0000     -2.118368623574850E-003
   164.0000     -2.039261589087565E-003
   165.0000     -1.962368523578251E-003
   166.0000     -1.887643201576199E-003
   167.0000     -1.815040312651318E-003
   168.0000     -1.744515438064351E-003
   169.0000     -1.676025027919491E-003
   170.0000     -1.609526378812452E-003
   171.0000     -1.544977611966435E-003
   172.0000     -1.482337651850269E-003
   173.0000     -1.421566205269176E-003
   174.0000     -1.362623740925198E-003
   175.0000     -1.305471469439528E-003
   176.0000     -1.250071323834666E-003
   177.0000     -1.196385940479919E-003
   178.0000     -1.144378640516923E-003
   179.0000     -1.094013411815165E-003
   180.0000     -1.045254891610520E-003
   181.0000     -9.980683503201890E-004
   182.0000     -9.524196784981596E-004
   183.0000     -9.082753879794045E-004
   184.0000     -8.656027583158011E-004
   185.0000     -8.350867155338422E-004
   186.0000     -8.243662753870953E-004
   187.0000     -7.845409099044098E-004
   188.0000     -7.460901535481571E-004
   189.0000     -7.089844110915956E-004
   190.0000     -6.731934876198963E-004
   191.0000     -6.386876238928765E-004
   192.0000     -6.054375266344913E-004
   193.0000     -5.734143626879609E-004
   194.0000     -5.425897479076214E-004
   195.0000     -5.129357349897027E-004
   196.0000     -4.844248011643906E-004
   197.0000     -4.570298360094676E-004
   198.0000     -4.307241294733752E-004
   199.0000     -4.054813601362464E-004
   200.0000     -3.812755837196775E-004
   201.0000     -3.580812218450237E-004
   202.0000     -3.358730510379505E-004
   203.0000     -3.146261919748314E-004
   204.0000     -2.943160989654604E-004
   205.0000     -2.749185496667492E-004
   206.0000     -2.564096350213201E-004
   207.0000     -2.387657494154650E-004
   208.0000     -2.219635810507776E-004
   209.0000     -2.059801025236026E-004
   210.0000     -1.907925616070788E-004
   211.0000     -1.763784722302706E-004
   212.0000     -1.627156056493725E-004
   213.0000     -1.497819818059340E-004
   214.0000     -1.375558608675502E-004
   215.0000     -1.260157349466104E-004
   216.0000     -1.151403199929063E-004
   217.0000     -1.049085478565427E-004
   218.0000     -9.529955851816601E-005
   219.0000     -8.629269248365494E-005
   220.0000     -7.786748334175498E-005
   221.0000     -7.000365048392641E-005
   222.0000     -6.268109198694518E-005
   223.0000     -5.587987766075757E-005
   224.0000     -4.958024226620626E-005
   225.0000     -4.376257891100756E-005
   226.0000     -3.840743263653518E-005
   227.0000     -3.349549421456581E-005
   228.0000     -2.900759418314743E-005
   229.0000     -2.492469716387069E-005
   230.0000     -2.122789652431007E-005
   231.0000     -1.789840948138836E-005
   232.0000     -1.491757279203140E-005
   233.0000     -1.226683925907441E-005
   234.0000     -9.927775417313294E-006
   235.0000     -7.882061001367660E-006
   236.0000     -6.111491224699269E-006
   237.0000     -4.597983713260222E-006
   238.0000     -3.323593582444391E-006
   239.0000     -2.270543736955452E-006
   240.0000     -1.421286117969167E-006
   241.0000     -7.586333869717036E-007
   242.0000     -2.660797765199089E-007
