  0.0000000E+00 -7.520850178086801E-002
   1.000000     -7.416664754678866E-002
   2.000000     -7.393804495898436E-002
   3.000000     -7.178197750582026E-002
   4.000000     -6.992953307790498E-002
   5.000000     -6.861912154112272E-002
   6.000000     -6.496537685460523E-002
   7.000000     -6.138093773231710E-002
   8.000000     -6.106885479478254E-002
   9.000000     -5.710015440779130E-002
   10.00000     -5.317436678409682E-002
   11.00000     -4.936757083695155E-002
   12.00000     -4.640541860587615E-002
   13.00000     -4.572785345361482E-002
   14.00000     -4.228352636362923E-002
   15.00000     -3.904896772187299E-002
   16.00000     -3.602890944097722E-002
   17.00000     -3.322149075013935E-002
   18.00000     -3.062047126947935E-002
   19.00000     -2.821681697521834E-002
   20.00000     -2.599983110782907E-002
   21.00000     -2.395795368637098E-002
   22.00000     -2.222283821326267E-002
   23.00000     -2.207931780733396E-002
   24.00000     -2.035214167830677E-002
   25.00000     -1.876496767730977E-002
   26.00000     -1.730684295298471E-002
   27.00000     -1.596741068642670E-002
   28.00000     -1.473696369608694E-002
   29.00000     -1.360646397717751E-002
   30.00000     -1.256753967874057E-002
   31.00000     -1.161246692823063E-002
   32.00000     -1.073414186421654E-002
   33.00000     -9.926046734820631E-003
   34.00000     -9.182212813319837E-003
   35.00000     -8.497182069033963E-003
   36.00000     -7.865968935056930E-003
   37.00000     -7.284023078330448E-003
   38.00000     -6.747193760398003E-003
   39.00000     -6.251696148044458E-003
   40.00000     -5.794079769005492E-003
   41.00000     -5.371199191979566E-003
   42.00000     -4.980186929621528E-003
   43.00000     -4.618428508608373E-003
   44.00000     -4.283539615229439E-003
   45.00000     -3.973345203051656E-003
   46.00000     -3.685860437171355E-003
   47.00000     -3.419273344518783E-003
   48.00000     -3.171929039514634E-003
   49.00000     -2.942315397522687E-003
   50.00000     -2.729050053865264E-003
   51.00000     -2.530868612832564E-003
   52.00000     -2.346613958529606E-003
   53.00000     -2.175226567137712E-003
   54.00000     -2.015735727926305E-003
   55.00000     -1.867251587931019E-003
   56.00000     -1.728957942483016E-003
   57.00000     -1.600105700649197E-003
   58.00000     -1.480006961076459E-003
   59.00000     -1.368029639705992E-003
   60.00000     -1.263592596331881E-003
   61.00000     -1.166161212034306E-003
   62.00000     -1.075243374137690E-003
   63.00000     -9.903858295534594E-004
   64.00000     -9.111708711917986E-004
   65.00000     -8.372133255939371E-004
   66.00000     -7.681578130757406E-004
   67.00000     -7.036762545112409E-004
   68.00000     -6.434656014480014E-004
   69.00000     -5.872457685607417E-004
   70.00000     -5.347577495387037E-004
   71.00000     -4.857618993888819E-004
   72.00000     -4.400363678415493E-004
   73.00000     -3.973756700877118E-004
   74.00000     -3.575893824773826E-004
   75.00000     -3.205009520820391E-004
   76.00000     -2.859466101915537E-004
   77.00000     -2.537743808932678E-004
   78.00000     -2.238431768882299E-004
   79.00000     -1.960219756583912E-004
   80.00000     -1.701890700348655E-004
   81.00000     -1.462313881651864E-004
   82.00000     -1.240438788826017E-004
   83.00000     -1.035289596104879E-004
   84.00000     -8.459602529214777E-005
   85.00000     -6.716101858473323E-005
   86.00000     -5.114606396856590E-005
   87.00000     -3.647917197255730E-005
   88.00000     -2.309402525984078E-005
   89.00000     -1.092986748318296E-005
