  0.0000000E+00 -1.724000925849206E-002
   1.000000     -1.689118201645213E-002
   2.000000     -1.654684409490195E-002
   3.000000     -1.620697274838160E-002
   4.000000     -1.587154513076392E-002
   5.000000     -1.554053829443331E-002
   6.000000     -1.521392918946038E-002
   7.000000     -1.489169466277233E-002
   8.000000     -1.457381145731164E-002
   9.000000     -1.426025621119483E-002
   10.00000     -1.395100545685987E-002
   11.00000     -1.364603562021138E-002
   12.00000     -1.334532301975703E-002
   13.00000     -1.304884386573984E-002
   14.00000     -1.275657425926435E-002
   15.00000     -1.246849019141582E-002
   16.00000     -1.218456754237420E-002
   17.00000     -1.190478208052448E-002
   18.00000     -1.162910946155893E-002
   19.00000     -1.135752522757410E-002
   20.00000     -1.109000480616584E-002
   21.00000     -1.082652350951486E-002
   22.00000     -1.056705653347013E-002
   23.00000     -1.031157895662579E-002
   24.00000     -1.006006573939674E-002
   25.00000     -9.812491723083766E-003
   26.00000     -9.568831628940476E-003
   27.00000     -9.329060057233170E-003
   28.00000     -9.093151486296296E-003
   29.00000     -8.861080271585584E-003
   30.00000     -8.632820644728343E-003
   31.00000     -8.408346712566492E-003
   32.00000     -8.187632456204595E-003
   33.00000     -7.970651730044409E-003
   34.00000     -7.757378260827542E-003
   35.00000     -7.547785646668765E-003
   36.00000     -7.341847356092003E-003
   37.00000     -7.139536727061491E-003
   38.00000     -6.940826966014056E-003
   39.00000     -6.745691146890026E-003
   40.00000     -6.554102210164463E-003
   41.00000     -6.366032961877280E-003
   42.00000     -6.181456072664426E-003
   43.00000     -6.000344076790480E-003
   44.00000     -5.822669371180362E-003
   45.00000     -5.648404214453909E-003
   46.00000     -5.477520725965030E-003
   47.00000     -5.309990884846403E-003
   48.00000     -5.145786529063465E-003
   49.00000     -4.984879354474073E-003
   50.00000     -4.827240913877663E-003
   51.00000     -4.672842616048632E-003
   52.00000     -4.521655724739777E-003
   53.00000     -4.373651357682034E-003
   54.00000     -4.228800485634604E-003
   55.00000     -4.087073931565079E-003
   56.00000     -3.948442370009776E-003
   57.00000     -3.812876326574281E-003
   58.00000     -3.680346177404242E-003
   59.00000     -3.550822148336428E-003
   60.00000     -3.424274313449149E-003
   61.00000     -3.300672592922100E-003
   62.00000     -3.179986750465467E-003
   63.00000     -3.062186390990852E-003
   64.00000     -2.947240959445507E-003
   65.00000     -2.835119741622580E-003
   66.00000     -2.725791867224200E-003
   67.00000     -2.619226314582386E-003
   68.00000     -2.515391915534093E-003
   69.00000     -2.414257358370522E-003
   70.00000     -2.315791186862693E-003
   71.00000     -2.219961794199074E-003
   72.00000     -2.126737412089539E-003
   73.00000     -2.036086096881219E-003
   74.00000     -1.947975715787274E-003
   75.00000     -1.862373936811991E-003
   76.00000     -1.779248225447715E-003
   77.00000     -1.698565849837115E-003
   78.00000     -1.620293894162440E-003
   79.00000     -1.544399278087873E-003
   80.00000     -1.470848778618370E-003
   81.00000     -1.399609050130064E-003
   82.00000     -1.330646638661711E-003
   83.00000     -1.263927987731253E-003
   84.00000     -1.199419434606893E-003
   85.00000     -1.137087197734084E-003
   86.00000     -1.076897357508258E-003
   87.00000     -1.018815833535096E-003
   88.00000     -9.628083618175115E-004
   89.00000     -9.088404750012840E-004
   90.00000     -8.568774880417743E-004
   91.00000     -8.068844906305346E-004
   92.00000     -7.588263466551903E-004
   93.00000     -7.126677000252284E-004
   94.00000     -6.683729855084961E-004
   95.00000     -6.259064428275412E-004
   96.00000     -5.852321321705313E-004
   97.00000     -5.463139494246993E-004
   98.00000     -5.091156397717205E-004
   99.00000     -4.736008087140609E-004
   100.0000     -4.397329300517794E-004
   101.0000     -4.074753507410773E-004
   102.0000     -3.767912928974518E-004
   103.0000     -3.476438534352308E-004
   104.0000     -3.199960019619179E-004
   105.0000     -2.938105775811010E-004
   106.0000     -2.690502852183519E-004
   107.0000     -2.456776919995346E-004
   108.0000     -2.236552240965347E-004
   109.0000     -2.029451643369968E-004
   110.0000     -1.835096507606594E-004
   111.0000     -1.653106762110665E-004
   112.0000     -1.483100889773637E-004
   113.0000     -1.324695944519404E-004
   114.0000     -1.177507577430273E-004
   115.0000     -1.041150071761997E-004
   116.0000     -9.152363863156031E-005
   117.0000     -7.993782069473951E-005
   118.0000     -6.931860064741787E-005
   119.0000     -5.962691139239210E-005
   120.0000     -5.082357950548755E-005
   121.0000     -4.286933474641203E-005
   122.0000     -3.572482157112685E-005
   123.0000     -2.935061351878056E-005
   124.0000     -2.370723188953639E-005
   125.0000     -1.875517106837035E-005
   126.0000     -1.445493455217716E-005
   127.0000     -1.076708900807254E-005
   128.0000     -7.652350406372604E-006
   129.0000     -5.071731261541814E-006
   130.0000     -2.986815294494001E-006
   131.0000     -1.360333468162660E-006
   132.0000     -1.576048509481934E-007
