  0.0000000E+00 -1.342799364513317E-002
   1.000000     -1.310094303020014E-002
   2.000000     -1.275559559243651E-002
   3.000000     -1.253886376622235E-002
   4.000000     -1.203067169214778E-002
   5.000000     -1.163604500045468E-002
   6.000000     -1.132705909734448E-002
   7.000000     -1.055651797036688E-002
   8.000000     -9.760348284482101E-003
   9.000000     -9.552598311760696E-003
   10.00000     -8.967293234823495E-003
   11.00000     -8.196039031755146E-003
   12.00000     -7.457944689845930E-003
   13.00000     -6.759890876574111E-003
   14.00000     -6.105511333159031E-003
   15.00000     -5.982875401735956E-003
   16.00000     -5.496132826346852E-003
   17.00000     -4.931651707404721E-003
   18.00000     -4.410861592511094E-003
   19.00000     -3.931925516786998E-003
   20.00000     -3.492610214625946E-003
   21.00000     -3.090471339014831E-003
   22.00000     -2.722982450784048E-003
   23.00000     -2.387623696666899E-003
   24.00000     -2.081941346065807E-003
   25.00000     -1.803586321209713E-003
   26.00000     -1.550337671524992E-003
   27.00000     -1.320115309888326E-003
   28.00000     -1.110985476136806E-003
   29.00000     -9.211604301019749E-004
   30.00000     -7.489954244650223E-004
   31.00000     -5.929830459553071E-004
   32.00000     -4.517460103592387E-004
   33.00000     -3.240321232445239E-004
   34.00000     -3.044853725272213E-004
   35.00000     -2.086919726264116E-004
   36.00000     -1.047034441492653E-004
   37.00000     -1.112837270835085E-005
