  0.0000000E+00 -8.301414554397401E-003
   1.000000     -8.100109999282767E-003
   2.000000     -7.901920104232654E-003
   3.000000     -7.706825817936933E-003
   4.000000     -7.514807987430881E-003
   5.000000     -7.325847357100514E-003
   6.000000     -7.139924567678778E-003
   7.000000     -6.957020155233434E-003
   8.000000     -6.777114550144441E-003
   9.000000     -6.600188076073600E-003
   10.00000     -6.426220948927896E-003
   11.00000     -6.255193275807256E-003
   12.00000     -6.087085053952699E-003
   13.00000     -5.921876169679425E-003
   14.00000     -5.759546397304222E-003
   15.00000     -5.600075398066160E-003
   16.00000     -5.443442719037048E-003
   17.00000     -5.289627792025800E-003
   18.00000     -5.138609932475349E-003
   19.00000     -4.990368338352396E-003
   20.00000     -4.844882089029722E-003
   21.00000     -4.702130144163623E-003
   22.00000     -4.562091342563180E-003
   23.00000     -4.424744401055559E-003
   24.00000     -4.290067913344265E-003
   25.00000     -4.158040348863683E-003
   26.00000     -4.028640051627839E-003
   27.00000     -3.901845239076384E-003
   28.00000     -3.777634000915032E-003
   29.00000     -3.655984297954167E-003
   30.00000     -3.536873960945330E-003
   31.00000     -3.420280689412914E-003
   32.00000     -3.306182050487857E-003
   33.00000     -3.194555477738800E-003
   34.00000     -3.085378270002221E-003
   35.00000     -2.978627590215713E-003
   36.00000     -2.874280464249971E-003
   37.00000     -2.772313779745614E-003
   38.00000     -2.672704284950410E-003
   39.00000     -2.575428587563307E-003
   40.00000     -2.480463153580994E-003
   41.00000     -2.387784306152038E-003
   42.00000     -2.297368224437790E-003
   43.00000     -2.209190942481083E-003
   44.00000     -2.123228348084455E-003
   45.00000     -2.039456181699281E-003
   46.00000     -1.957850035327201E-003
   47.00000     -1.878385351433770E-003
   48.00000     -1.801037421877840E-003
   49.00000     -1.725781386856801E-003
   50.00000     -1.652592233870322E-003
   51.00000     -1.581444796702885E-003
   52.00000     -1.512313754427920E-003
   53.00000     -1.445173630435091E-003
   54.00000     -1.379998791482902E-003
   55.00000     -1.316763446777319E-003
   56.00000     -1.255441647081020E-003
   57.00000     -1.196007283852345E-003
   58.00000     -1.138434088418803E-003
   59.00000     -1.082695631185669E-003
   60.00000     -1.028765320883662E-003
   61.00000     -9.766164038570069E-004
   62.00000     -9.262219633946215E-004
   63.00000     -8.775549191084922E-004
   64.00000     -8.305880263600748E-004
   65.00000     -7.852938757397229E-004
   66.00000     -7.416448926003995E-004
   67.00000     -6.996133366500319E-004
   68.00000     -6.591713016058315E-004
   69.00000     -6.202907149125810E-004
   70.00000     -5.829433375303984E-004
   71.00000     -5.471007637940691E-004
   72.00000     -5.127344213480845E-004
   73.00000     -4.798155711620557E-004
   74.00000     -4.483153076289028E-004
   75.00000     -4.182045587512590E-004
   76.00000     -3.894540864196165E-004
   77.00000     -3.620344867866732E-004
   78.00000     -3.359161907420319E-004
   79.00000     -3.110694644922683E-004
   80.00000     -2.874644102504174E-004
   81.00000     -2.650709670396609E-004
   82.00000     -2.438589116163313E-004
   83.00000     -2.237978595168236E-004
   84.00000     -2.048572662329979E-004
   85.00000     -1.870064285220166E-004
   86.00000     -1.702144858544904E-004
   87.00000     -1.544504220071822E-004
   88.00000     -1.396830668043639E-004
   89.00000     -1.258810980140357E-004
   90.00000     -1.130130434031468E-004
   91.00000     -1.010472829580425E-004
   92.00000     -8.995205127445397E-005
   93.00000     -7.969544012288763E-005
   94.00000     -7.024540119396015E-005
   95.00000     -6.156974902918619E-005
   96.00000     -5.363616414198799E-005
   97.00000     -4.641219633377917E-005
   98.00000     -3.986526820998268E-005
   99.00000     -3.396267890057460E-005
   100.0000     -2.867160798952072E-005
   101.0000     -2.395911965748604E-005
   102.0000     -1.979216704168341E-005
   103.0000     -1.613759681677713E-005
   104.0000     -1.296215400030169E-005
   105.0000     -1.023248698571456E-005
   106.0000     -7.915152806100470E-006
   107.0000     -5.976622630866984E-006
   108.0000     -4.383287497616426E-006
   109.0000     -3.101464280951005E-006
   110.0000     -2.097401899481549E-006
   111.0000     -1.337287762068087E-006
   112.0000     -7.872544544491571E-007
   113.0000     -4.133866686497385E-007
   114.0000     -1.817283664058890E-007
   115.0000     -5.814229698502626E-008
