  0.0000000E+00 -8.191542307880622E-003
   1.000000     -7.990912467984909E-003
   2.000000     -7.793400603553072E-003
   3.000000     -7.598987693936168E-003
   4.000000     -7.407654617144169E-003
   5.000000     -7.219382148850780E-003
   6.000000     -7.034150961392548E-003
   7.000000     -6.851941622755947E-003
   8.000000     -6.672734595558671E-003
   9.000000     -6.496510236018310E-003
   10.00000     -6.323248792914759E-003
   11.00000     -6.152930406543135E-003
   12.00000     -5.985535107657873E-003
   13.00000     -5.821042816408872E-003
   14.00000     -5.659433341267896E-003
   15.00000     -5.500686377950168E-003
   16.00000     -5.344781508322661E-003
   17.00000     -5.191698199311885E-003
   18.00000     -5.041415801795908E-003
   19.00000     -4.893913549496567E-003
   20.00000     -4.749170557859715E-003
   21.00000     -4.607165822931501E-003
   22.00000     -4.467878220227160E-003
   23.00000     -4.331286503592846E-003
   24.00000     -4.197369304064963E-003
   25.00000     -4.066105128720429E-003
   26.00000     -3.937472359525127E-003
   27.00000     -3.811449252175014E-003
   28.00000     -3.688013934936796E-003
   29.00000     -3.567144407481937E-003
   30.00000     -3.448818539720062E-003
   31.00000     -3.333014070628432E-003
   32.00000     -3.219708607081447E-003
   33.00000     -3.108879622677104E-003
   34.00000     -3.000504456565118E-003
   35.00000     -2.894560312274103E-003
   36.00000     -2.791024256541366E-003
   37.00000     -2.689873218142390E-003
   38.00000     -2.591083986726116E-003
   39.00000     -2.494633211652182E-003
   40.00000     -2.400497400833910E-003
   41.00000     -2.308652919586463E-003
   42.00000     -2.219075989483270E-003
   43.00000     -2.131742687219434E-003
   44.00000     -2.046628943485746E-003
   45.00000     -1.963710541852604E-003
   46.00000     -1.882963117666294E-003
   47.00000     -1.804362156959788E-003
   48.00000     -1.727882995377625E-003
   49.00000     -1.653500817118252E-003
   50.00000     -1.581190653895284E-003
   51.00000     -1.510927383918306E-003
   52.00000     -1.442685730896841E-003
   53.00000     -1.376440263068395E-003
   54.00000     -1.312165392253412E-003
   55.00000     -1.249835372938445E-003
   56.00000     -1.189424301391484E-003
   57.00000     -1.130906114810382E-003
   58.00000     -1.074254590508645E-003
   59.00000     -1.019443345140022E-003
   60.00000     -9.664458339659961E-004
   61.00000     -9.152353501692088E-004
   62.00000     -8.657850242162240E-004
   63.00000     -8.180678232731635E-004
   64.00000     -7.720565506786259E-004
   65.00000     -7.277238454781439E-004
   66.00000     -6.850421820246407E-004
   67.00000     -6.439838696500996E-004
   68.00000     -6.045210524139207E-004
   69.00000     -5.666257089338789E-004
   70.00000     -5.302696523067432E-004
   71.00000     -4.954245301254607E-004
   72.00000     -4.620618246009821E-004
   73.00000     -4.301528527985916E-004
   74.00000     -3.996687669986205E-004
   75.00000     -3.705805551932146E-004
   76.00000     -3.428590417339409E-004
   77.00000     -3.164748881445666E-004
   78.00000     -2.913985941191181E-004
   79.00000     -2.676004987267007E-004
   80.00000     -2.450507818497543E-004
   81.00000     -2.237194658884506E-004
   82.00000     -2.035764177706335E-004
   83.00000     -1.845913513166086E-004
   84.00000     -1.667338300210064E-004
   85.00000     -1.499732703304026E-004
   86.00000     -1.342789455186542E-004
   87.00000     -1.196199902927792E-004
   88.00000     -1.059654063057137E-004
   89.00000     -9.328406881285754E-005
   90.00000     -8.154473479647714E-005
   91.00000     -7.071605300770244E-005
   92.00000     -6.076657656354585E-005
   93.00000     -5.166477901977870E-005
   94.00000     -4.337907528068683E-005
   95.00000     -3.587784941059036E-005
   96.00000     -2.912949257252078E-005
   97.00000     -2.310245630726389E-005
   98.00000     -1.776532992459612E-005
   99.00000     -1.308695749635956E-005
   100.0000     -9.036623474513655E-006
   101.0000     -5.584365549061287E-006
   102.0000     -2.701545381723775E-006
   103.0000     -3.620110866881518E-007
