  0.0000000E+00 -8.031973901996893E-003
   1.000000     -7.832328118078361E-003
   2.000000     -7.635805214024753E-003
   3.000000     -7.442386216425617E-003
   4.000000     -7.252052051083502E-003
   5.000000     -7.064783542026648E-003
   6.000000     -6.880561410514940E-003
   7.000000     -6.699366274032791E-003
   8.000000     -6.521178645277174E-003
   9.000000     -6.345978931133937E-003
   10.00000     -6.173747431646464E-003
   11.00000     -6.004464338977271E-003
   12.00000     -5.838109736356927E-003
   13.00000     -5.674663597030306E-003
   14.00000     -5.514105783189802E-003
   15.00000     -5.356416044902964E-003
   16.00000     -5.201574019033218E-003
   17.00000     -5.049559228151250E-003
   18.00000     -4.900351079438723E-003
   19.00000     -4.753928863588958E-003
   20.00000     -4.610271753695629E-003
   21.00000     -4.469358804140087E-003
   22.00000     -4.331168949469026E-003
   23.00000     -4.195681003268293E-003
   24.00000     -4.062873657031638E-003
   25.00000     -3.932725479025175E-003
   26.00000     -3.805214913145093E-003
   27.00000     -3.680320277775517E-003
   28.00000     -3.558019764640243E-003
   29.00000     -3.438291437653223E-003
   30.00000     -3.321113231766981E-003
   31.00000     -3.206462951820178E-003
   32.00000     -3.094318271384447E-003
   33.00000     -2.984656731611348E-003
   34.00000     -2.877455740081462E-003
   35.00000     -2.772692569655068E-003
   36.00000     -2.670344357325940E-003
   37.00000     -2.570388103080484E-003
   38.00000     -2.472800668759980E-003
   39.00000     -2.377558776933037E-003
   40.00000     -2.284639009772587E-003
   41.00000     -2.194017807944371E-003
   42.00000     -2.105671469506119E-003
   43.00000     -2.019576148818626E-003
   44.00000     -1.935707855472176E-003
   45.00000     -1.854042453229303E-003
   46.00000     -1.774555658984886E-003
   47.00000     -1.697223041748772E-003
   48.00000     -1.622020021649995E-003
   49.00000     -1.548921868967785E-003
   50.00000     -1.477903703191004E-003
   51.00000     -1.408940492110044E-003
   52.00000     -1.342007050943085E-003
   53.00000     -1.277078041502313E-003
   54.00000     -1.214127971403589E-003
   55.00000     -1.153131193323194E-003
   56.00000     -1.094061904308905E-003
   57.00000     -1.036894145148316E-003
   58.00000     -9.816017998030436E-004
   59.00000     -9.281585949147449E-004
   60.00000     -8.765380993904023E-004
   61.00000     -8.267137240771982E-004
   62.00000     -7.786587215354617E-004
   63.00000     -7.323461859220348E-004
   64.00000     -6.877490529977623E-004
   65.00000     -6.448401002724959E-004
   66.00000     -6.035919473068776E-004
   67.00000     -5.639770561904971E-004
   68.00000     -5.259677322203702E-004
   69.00000     -4.895361248078034E-004
   70.00000     -4.546542286479843E-004
   71.00000     -4.212938851909162E-004
   72.00000     -3.894267844629727E-004
   73.00000     -3.590244672971932E-004
   74.00000     -3.300583280433581E-004
   75.00000     -3.024996178463898E-004
   76.00000     -2.763194486020488E-004
   77.00000     -2.514887977272883E-004
   78.00000     -2.279785139186540E-004
   79.00000     -2.057593241206082E-004
   80.00000     -1.848018419912830E-004
   81.00000     -1.650765782396792E-004
   82.00000     -1.465539533315286E-004
   83.00000     -1.292043132298610E-004
   84.00000     -1.129979490769122E-004
   85.00000     -9.790512207360584E-005
   86.00000     -8.389609532568862E-005
   87.00000     -7.094117520226556E-005
   88.00000     -5.901076595221771E-005
   89.00000     -4.807544323741261E-005
   90.00000     -3.810605539335397E-005
   91.00000     -2.907386662934492E-005
   92.00000     -2.095076607699050E-005
   93.00000     -1.370958500736002E-005
   94.00000     -7.324602006063671E-006
   95.00000     -1.772399170373201E-006
