  0.0000000E+00 -8.000699559315226E-003
   1.000000     -7.801247227495120E-003
   2.000000     -7.604918749425698E-003
   3.000000     -7.411695161343149E-003
   4.000000     -7.221557398819842E-003
   5.000000     -7.034486295780538E-003
   6.000000     -6.850462583507412E-003
   7.000000     -6.669466889637931E-003
   8.000000     -6.491479737154157E-003
   9.000000     -6.316481543359394E-003
   10.00000     -6.144452618852514E-003
   11.00000     -5.975373166488497E-003
   12.00000     -5.809223280333277E-003
   13.00000     -5.645982944608561E-003
   14.00000     -5.485632032631088E-003
   15.00000     -5.328150305741474E-003
   16.00000     -5.173517412227833E-003
   17.00000     -5.021712886240199E-003
   18.00000     -4.872716146698279E-003
   19.00000     -4.726506496193750E-003
   20.00000     -4.583063119884848E-003
   21.00000     -4.442365084384099E-003
   22.00000     -4.304391336642433E-003
   23.00000     -4.169120702826950E-003
   24.00000     -4.036531887192570E-003
   25.00000     -3.906603470951504E-003
   26.00000     -3.779313911136731E-003
   27.00000     -3.654641539463963E-003
   28.00000     -3.532564561190037E-003
   29.00000     -3.413061053967799E-003
   30.00000     -3.296108966702893E-003
   31.00000     -3.181686118405550E-003
   32.00000     -3.069770197047240E-003
   33.00000     -2.960338758414240E-003
   34.00000     -2.853369224965541E-003
   35.00000     -2.748838884692338E-003
   36.00000     -2.646724889982670E-003
   37.00000     -2.547004256490308E-003
   38.00000     -2.449653862010410E-003
   39.00000     -2.354650445362963E-003
   40.00000     -2.261970605285161E-003
   41.00000     -2.171590799335035E-003
   42.00000     -2.083487342806399E-003
   43.00000     -1.997636407660497E-003
   44.00000     -1.914014021470629E-003
   45.00000     -1.832596066388023E-003
   46.00000     -1.753358278127225E-003
   47.00000     -1.676276244974586E-003
   48.00000     -1.601325406823938E-003
   49.00000     -1.528481054239770E-003
   50.00000     -1.457718327554513E-003
   51.00000     -1.389012216001068E-003
   52.00000     -1.322337556885079E-003
   53.00000     -1.257669034802634E-003
   54.00000     -1.194981180906451E-003
   55.00000     -1.134248372227341E-003
   56.00000     -1.075444831056842E-003
   57.00000     -1.018544624396471E-003
   58.00000     -9.635216634832004E-004
   59.00000     -9.103497033980735E-004
   60.00000     -8.590023427684659E-004
   61.00000     -8.094530235745592E-004
   62.00000     -7.616750310732392E-004
   63.00000     -7.156414938528199E-004
   64.00000     -6.713253840362783E-004
   65.00000     -6.286995176516559E-004
   66.00000     -5.877365551926777E-004
   67.00000     -5.484090023952754E-004
   68.00000     -5.106892112626529E-004
   69.00000     -4.745493813743758E-004
   70.00000     -4.399615615254659E-004
   71.00000     -4.068976517482955E-004
   72.00000     -3.753294057824850E-004
   73.00000     -3.452284340725219E-004
   74.00000     -3.165662073909424E-004
   75.00000     -2.893140612090774E-004
   76.00000     -2.634432009677935E-004
   77.00000     -2.389247084418816E-004
   78.00000     -2.157295494444879E-004
   79.00000     -1.938285831907756E-004
   80.00000     -1.731925737369825E-004
   81.00000     -1.537922040458067E-004
   82.00000     -1.355980934156673E-004
   83.00000     -1.185808192774394E-004
   84.00000     -1.027109447457852E-004
   85.00000     -8.795905387681123E-005
   86.00000     -7.429579743418755E-005
   87.00000     -6.169195328141244E-005
   88.00000     -5.011850760750765E-005
   89.00000     -3.954676663186582E-005
   90.00000     -2.994851431356289E-005
   91.00000     -2.129624211894834E-005
   92.00000     -1.356349684378524E-005
   93.00000     -6.725432944935054E-006
   94.00000     -7.597454423169143E-007
