     0   -0.1727822162E-01
     1   -0.1705313175E-01
     2   -0.1682903190E-01
     3   -0.1660592585E-01
     4   -0.1638381747E-01
     5   -0.1616271076E-01
     6   -0.1594260983E-01
     7   -0.1572351893E-01
     8   -0.1550544240E-01
     9   -0.1528838476E-01
    10   -0.1507235062E-01
    11   -0.1485734476E-01
    12   -0.1464337209E-01
    13   -0.1443043767E-01
    14   -0.1421854672E-01
    15   -0.1400770459E-01
    16   -0.1379791682E-01
    17   -0.1358918910E-01
    18   -0.1338152727E-01
    19   -0.1317493737E-01
    20   -0.1296942559E-01
    21   -0.1276499830E-01
    22   -0.1256166207E-01
    23   -0.1235942362E-01
    24   -0.1215828990E-01
    25   -0.1195826801E-01
    26   -0.1175936529E-01
    27   -0.1156158925E-01
    28   -0.1136494761E-01
    29   -0.1116944831E-01
    30   -0.1097509949E-01
    31   -0.1078190952E-01
    32   -0.1058988698E-01
    33   -0.1039904068E-01
    34   -0.1020937967E-01
    35   -0.1002091322E-01
    36   -0.9833650867E-02
    37   -0.9647602364E-02
    38   -0.9462777729E-02
    39   -0.9279187237E-02
    40   -0.9096841420E-02
    41   -0.8915751076E-02
    42   -0.8735927278E-02
    43   -0.8557381372E-02
    44   -0.8380124989E-02
    45   -0.8204170047E-02
    46   -0.8029528759E-02
    47   -0.7856213636E-02
    48   -0.7684237496E-02
    49   -0.7513613469E-02
    50   -0.7344355002E-02
    51   -0.7176475867E-02
    52   -0.7009990164E-02
    53   -0.6844912333E-02
    54   -0.6681257155E-02
    55   -0.6519039762E-02
    56   -0.6358275644E-02
    57   -0.6198980652E-02
    58   -0.6041171008E-02
    59   -0.5884863312E-02
    60   -0.5730074548E-02
    61   -0.5576822091E-02
    62   -0.5425123715E-02
    63   -0.5274997598E-02
    64   -0.5126462332E-02
    65   -0.4979536930E-02
    66   -0.4834240827E-02
    67   -0.4690593897E-02
    68   -0.4548616452E-02
    69   -0.4408329251E-02
    70   -0.4269753508E-02
    71   -0.4132910897E-02
    72   -0.3997823557E-02
    73   -0.3864514100E-02
    74   -0.3733005615E-02
    75   -0.3603321672E-02
    76   -0.3475486328E-02
    77   -0.3349524126E-02
    78   -0.3225460104E-02
    79   -0.3103319792E-02
    80   -0.2983129210E-02
    81   -0.2864914876E-02
    82   -0.2748703791E-02
    83   -0.2634523447E-02
    84   -0.2522401812E-02
    85   -0.2412367324E-02
    86   -0.2304448879E-02
    87   -0.2198675821E-02
    88   -0.2095077916E-02
    89   -0.1993685338E-02
    90   -0.1894528637E-02
    91   -0.1797638712E-02
    92   -0.1703046768E-02
    93   -0.1610784278E-02
    94   -0.1520882925E-02
    95   -0.1433374546E-02
    96   -0.1348291054E-02
    97   -0.1265664357E-02
    98   -0.1185526259E-02
    99   -0.1107908342E-02
   100   -0.1032841831E-02
   101   -0.9603574319E-03
   102   -0.8904851450E-03
   103   -0.8232540413E-03
   104   -0.7586920019E-03
   105   -0.6968254094E-03
   106   -0.6376787866E-03
   107   -0.5812743727E-03
   108   -0.5276316301E-03
   109   -0.4767666744E-03
   110   -0.4286916240E-03
   111   -0.3834138668E-03
   112   -0.3409352490E-03
   113   -0.3012511919E-03
   114   -0.2643497439E-03
   115   -0.2302105668E-03
   116   -0.1988038336E-03
   117   -0.1700889947E-03
   118   -0.1440133896E-03
   119   -0.1205108504E-03
   120   -0.9950079711E-04
   121   -0.8088819648E-04
   122   -0.6456282796E-04
   123   -0.5040093451E-04
   124   -0.3827732187E-04
   125   -0.2804532316E-04
   126   -0.1955549567E-04
   127   -0.1265833898E-04
   128   -0.7208950635E-05
   129   -0.3067504320E-05
   130   -0.1067812985E-06
   131    0.1770114640E-05
