     0   -0.1580414632E-01
     1   -0.1558243835E-01
     2   -0.1536174972E-01
     3   -0.1514208498E-01
     4   -0.1492344882E-01
     5   -0.1470584602E-01
     6   -0.1448928149E-01
     7   -0.1427376027E-01
     8   -0.1405928751E-01
     9   -0.1384586852E-01
    10   -0.1363350873E-01
    11   -0.1342221374E-01
    12   -0.1321198929E-01
    13   -0.1300284129E-01
    14   -0.1279477579E-01
    15   -0.1258779903E-01
    16   -0.1238191742E-01
    17   -0.1217713754E-01
    18   -0.1197346618E-01
    19   -0.1177091028E-01
    20   -0.1156947699E-01
    21   -0.1136917368E-01
    22   -0.1117000788E-01
    23   -0.1097198737E-01
    24   -0.1077512010E-01
    25   -0.1057941429E-01
    26   -0.1038487833E-01
    27   -0.1019152087E-01
    28   -0.9999350792E-02
    29   -0.9808377198E-02
    30   -0.9618609449E-02
    31   -0.9430057149E-02
    32   -0.9242730161E-02
    33   -0.9056638604E-02
    34   -0.8871792867E-02
    35   -0.8688203611E-02
    36   -0.8505881773E-02
    37   -0.8324838578E-02
    38   -0.8145085542E-02
    39   -0.7966634478E-02
    40   -0.7789497505E-02
    41   -0.7613687054E-02
    42   -0.7439215877E-02
    43   -0.7266097050E-02
    44   -0.7094343985E-02
    45   -0.6923970437E-02
    46   -0.6754990510E-02
    47   -0.6587418670E-02
    48   -0.6421269747E-02
    49   -0.6256558950E-02
    50   -0.6093301872E-02
    51   -0.5931514503E-02
    52   -0.5771213235E-02
    53   -0.5612414877E-02
    54   -0.5455136662E-02
    55   -0.5299396260E-02
    56   -0.5145211786E-02
    57   -0.4992601815E-02
    58   -0.4841585389E-02
    59   -0.4692182034E-02
    60   -0.4544411770E-02
    61   -0.4398295122E-02
    62   -0.4253853136E-02
    63   -0.4111107392E-02
    64   -0.3970080018E-02
    65   -0.3830793701E-02
    66   -0.3693271708E-02
    67   -0.3557537896E-02
    68   -0.3423616730E-02
    69   -0.3291533300E-02
    70   -0.3161313332E-02
    71   -0.3032983215E-02
    72   -0.2906570008E-02
    73   -0.2782101464E-02
    74   -0.2659606048E-02
    75   -0.2539112955E-02
    76   -0.2420652126E-02
    77   -0.2304254275E-02
    78   -0.2189950902E-02
    79   -0.2077774321E-02
    80   -0.1967757675E-02
    81   -0.1859934960E-02
    82   -0.1754341053E-02
    83   -0.1651011726E-02
    84   -0.1549983680E-02
    85   -0.1451294562E-02
    86   -0.1354982999E-02
    87   -0.1261088618E-02
    88   -0.1169652084E-02
    89   -0.1080715125E-02
    90   -0.9943205703E-03
    91   -0.9105123840E-03
    92   -0.8293357102E-03
    93   -0.7508369164E-03
    94   -0.6750636475E-03
    95   -0.6020648855E-03
    96   -0.5318910211E-03
    97   -0.4645939389E-03
    98   -0.4002271221E-03
    99   -0.3388457841E-03
   100   -0.2805070403E-03
   101   -0.2252701394E-03
   102   -0.1731967888E-03
   103   -0.1243516328E-03
   104   -0.7880298534E-04
   105   -0.3662400658E-04
   106    0.2105332873E-05
   107    0.3729482566E-04
   108    0.6883776056E-04
   109    0.9659869461E-04
   110    0.1203869344E-03
   111    0.1398851471E-03
   112    0.1542852043E-03
