  0.0000000E+00 -0.150370038325678     
   1.000000     -0.146223027840209     
   2.000000     -0.142148530366415     
   3.000000     -0.138146048644132     
   4.000000     -0.134215082436080     
   5.000000     -0.130355128495146     
   6.000000     -0.126565680531241     
   7.000000     -0.122846229177867     
   8.000000     -0.119196261958338     
   9.000000     -0.115615263251676     
   10.00000     -0.112102714258193     
   11.00000     -0.108658092964717     
   12.00000     -0.105280874109576     
   13.00000     -0.101970529147203     
   14.00000     -9.872652621248820E-002
   15.00000     -9.554833008483690E-002
   16.00000     -9.243540215193381E-002
   17.00000     -8.938720037324520E-002
   18.00000     -8.640317924327083E-002
   19.00000     -8.348278975453352E-002
   20.00000     -8.062547936035336E-002
   21.00000     -7.783069193738926E-002
   22.00000     -7.509786774798027E-002
   23.00000     -7.242644340231798E-002
   24.00000     -6.981585182042456E-002
   25.00000     -6.726552219400167E-002
   26.00000     -6.477487994815281E-002
   27.00000     -6.234334670299940E-002
   28.00000     -5.997034023521507E-002
   29.00000     -5.765527443951007E-002
   30.00000     -5.539755929010709E-002
   31.00000     -5.319660080220182E-002
   32.00000     -5.105180099348614E-002
   33.00000     -4.896255784573484E-002
   34.00000     -4.692826526650785E-002
   35.00000     -4.494831305102773E-002
   36.00000     -4.302208684421125E-002
   37.00000     -4.114896810299429E-002
   38.00000     -3.932833405892097E-002
   39.00000     -3.755955768109689E-002
   40.00000     -3.584200763952140E-002
   41.00000     -3.417504826891969E-002
   42.00000     -3.255803953307252E-002
   43.00000     -3.099033698976219E-002
   44.00000     -2.947129175637852E-002
   45.00000     -2.800025047629551E-002
   46.00000     -2.657655528605834E-002
   47.00000     -2.519954378351863E-002
   48.00000     -2.386854899698954E-002
   49.00000     -2.258289935552910E-002
   50.00000     -2.134191866047054E-002
   51.00000     -2.014492605832120E-002
   52.00000     -1.899123601515695E-002
   53.00000     -1.788015829267338E-002
   54.00000     -1.681099792601963E-002
   55.00000     -1.578305520362664E-002
   56.00000     -1.479562564918096E-002
   57.00000     -1.384800000598328E-002
   58.00000     -1.293946422389664E-002
   59.00000     -1.206929944916503E-002
   60.00000     -1.123678201737327E-002
   61.00000     -1.044118344989022E-002
   62.00000     -9.681770454160254E-003
   63.00000     -8.957804928271029E-003
   64.00000     -8.268543970307650E-003
   65.00000     -7.613239893063431E-003
   66.00000     -6.991140244807356E-003
   67.00000     -6.401487836930846E-003
   68.00000     -5.843520779472421E-003
   69.00000     -5.316472525753211E-003
   70.00000     -4.819571927622380E-003
   71.00000     -4.352043303227642E-003
   72.00000     -3.913106519718026E-003
   73.00000     -3.501977093985275E-003
   74.00000     -3.117866315499267E-003
   75.00000     -2.759981396608726E-003
   76.00000     -2.427525657529784E-003
   77.00000     -2.119698755895731E-003
   78.00000     -1.835696974610689E-003
   79.00000     -1.574713587497484E-003
   80.00000     -1.335939330984551E-003
   81.00000     -1.118563023725217E-003
   82.00000     -9.217723979833822E-004
   83.00000     -7.447552430404194E-004
   84.00000     -5.867010237602226E-004
   85.00000     -4.468032511506486E-004
   86.00000     -3.242630989391224E-004
   87.00000     -2.182952045108988E-004
   88.00000     -1.281375836102295E-004
   89.00000     -5.307006674696671E-005
