  0.0000000E+00 -0.136434680617268     
   1.000000     -0.132385284701345     
   2.000000     -0.128408968811165     
   3.000000     -0.124505242470327     
   4.000000     -0.120673612344002     
   5.000000     -0.116913582209455     
   6.000000     -0.113224652926397     
   7.000000     -0.109606322407163     
   8.000000     -0.106058085586781     
   9.000000     -0.102579434392917     
   10.00000     -9.916985771572356E-002
   11.00000     -9.582884137763197E-002
   12.00000     -9.255586810311413E-002
   13.00000     -8.935041748843101E-002
   14.00000     -8.621196597141846E-002
   15.00000     -8.313998680134758E-002
   16.00000     -8.013395000889037E-002
   17.00000     -7.719332237625297E-002
   18.00000     -7.431756740755360E-002
   19.00000     -7.150614529942982E-002
   20.00000     -6.875851291202657E-002
   21.00000     -6.607412374038264E-002
   22.00000     -6.345242788635208E-002
   23.00000     -6.089287203106872E-002
   24.00000     -5.839489940816817E-002
   25.00000     -5.595794977775358E-002
   26.00000     -5.358145940138345E-002
   27.00000     -5.126486101807615E-002
   28.00000     -4.900758382160465E-002
   29.00000     -4.680905343922347E-002
   30.00000     -4.466869191202977E-002
   31.00000     -4.258591767720039E-002
   32.00000     -4.056014555237620E-002
   33.00000     -3.859078672249490E-002
   34.00000     -3.667724872940385E-002
   35.00000     -3.481893546466548E-002
   36.00000     -3.301524716598501E-002
   37.00000     -3.126558041779891E-002
   38.00000     -2.956932815659511E-002
   39.00000     -2.792587968168514E-002
   40.00000     -2.633462067219827E-002
   41.00000     -2.479493321125118E-002
   42.00000     -2.330619581837408E-002
   43.00000     -2.186778349148243E-002
   44.00000     -2.047906775989112E-002
   45.00000     -1.913941675018117E-002
   46.00000     -1.784819526704638E-002
   47.00000     -1.660476489166324E-002
   48.00000     -1.540848410069353E-002
   49.00000     -1.425870840961669E-002
   50.00000     -1.315479054495764E-002
   51.00000     -1.209608065098262E-002
   52.00000     -1.108192653775980E-002
   53.00000     -1.011167397917326E-002
   54.00000     -9.184667071679921E-003
   55.00000     -8.300248667472058E-003
   56.00000     -7.457760899531710E-003
   57.00000     -6.656545821188090E-003
   58.00000     -5.895946189724138E-003
   59.00000     -5.175306433176741E-003
   60.00000     -4.493973852855646E-003
   61.00000     -3.851300133166256E-003
   62.00000     -3.246643257992314E-003
   63.00000     -2.679369973804460E-003
   64.00000     -2.148859001872960E-003
   65.00000     -1.654505298841800E-003
   66.00000     -1.195725820978655E-003
   67.00000     -7.719675078144152E-004
   68.00000     -3.827186546792434E-004
   69.00000     -2.752567612346249E-005
