  0.0000000E+00 -0.138224976414576     
   1.000000     -0.134162904576959     
   2.000000     -0.130173836497223     
   3.000000     -0.126257280702755     
   4.000000     -0.122412742841554     
   5.000000     -0.118639725651969     
   6.000000     -0.114937728932256     
   7.000000     -0.111306249509924     
   8.000000     -0.107744781210895     
   9.000000     -0.104252814828506     
   10.00000     -0.100829838092329     
   11.00000     -9.747533563689711E-002
   12.00000     -9.418878897028828E-002
   13.00000     -9.096967644265187E-002
   14.00000     -8.781747321465813E-002
   15.00000     -8.473165122593593E-002
   16.00000     -8.171167916351729E-002
   17.00000     -7.875702243030755E-002
   18.00000     -7.586714311370273E-002
   19.00000     -7.304149995428093E-002
   20.00000     -7.027954831470698E-002
   21.00000     -6.758074014889501E-002
   22.00000     -6.494452397146552E-002
   23.00000     -6.237034482760514E-002
   24.00000     -5.985764426336302E-002
   25.00000     -5.740586029651543E-002
   26.00000     -5.501442738808380E-002
   27.00000     -5.268277641460853E-002
   28.00000     -5.041033464130665E-002
   29.00000     -4.819652569627793E-002
   30.00000     -4.604076954585790E-002
   31.00000     -4.394248247135239E-002
   32.00000     -4.190107704735457E-002
   33.00000     -3.991596212178619E-002
   34.00000     -3.798654279804311E-002
   35.00000     -3.611222041942148E-002
   36.00000     -3.429239255624238E-002
   37.00000     -3.252645299598433E-002
   38.00000     -3.081379173691170E-002
   39.00000     -2.915379498565543E-002
   40.00000     -2.754584515934641E-002
   41.00000     -2.598932089295658E-002
   42.00000     -2.448359705261673E-002
   43.00000     -2.302804475582593E-002
   44.00000     -2.162203139959529E-002
   45.00000     -2.026492069776560E-002
   46.00000     -1.895607272900209E-002
   47.00000     -1.769484399714728E-002
   48.00000     -1.648058750609386E-002
   49.00000     -1.531265285162008E-002
   50.00000     -1.419038633323354E-002
   51.00000     -1.311313108970144E-002
   52.00000     -1.208022726274631E-002
   53.00000     -1.109101219444712E-002
   54.00000     -1.014482066521862E-002
   55.00000     -9.240985180941321E-003
   56.00000     -8.378836320100978E-003
   57.00000     -7.557703154720733E-003
   58.00000     -6.776913762855966E-003
   59.00000     -6.035795855734512E-003
   60.00000     -5.333677549937757E-003
   61.00000     -4.669888325144825E-003
   62.00000     -4.043760222277569E-003
   63.00000     -3.454629357414924E-003
   64.00000     -2.901837856978763E-003
   65.00000     -2.384736364842914E-003
   66.00000     -1.902687341474633E-003
   67.00000     -1.455069485219090E-003
   68.00000     -1.041283785995243E-003
   69.00000     -6.607620286563108E-004
   70.00000     -3.129791113206186E-004
