  0.0000000E+00 -0.100931629560544     
   1.000000     -9.714271910178739E-002
   2.000000     -9.342865333140343E-002
   3.000000     -8.978897195320901E-002
   4.000000     -8.622321279662072E-002
   5.000000     -8.273091184187890E-002
   6.000000     -7.931160324951443E-002
   7.000000     -7.596481939449583E-002
   8.000000     -7.269009090565039E-002
   9.000000     -6.948694671090493E-002
   10.00000     -6.635491408903357E-002
   11.00000     -6.329351872870924E-002
   12.00000     -6.030228479566415E-002
   13.00000     -5.738073500903105E-002
   14.00000     -5.452839072790162E-002
   15.00000     -5.174477204945822E-002
   16.00000     -4.902939792010608E-002
   17.00000     -4.638178626134679E-002
   18.00000     -4.380145411231965E-002
   19.00000     -4.128791779127900E-002
   20.00000     -3.884069307865754E-002
   21.00000     -3.645929542477373E-002
   22.00000     -3.414324018578097E-002
   23.00000     -3.189204289207141E-002
   24.00000     -2.970521955412804E-002
   25.00000     -2.758228701173510E-002
   26.00000     -2.552276333357546E-002
   27.00000     -2.352616827566381E-002
   28.00000     -2.159202380877513E-002
   29.00000     -1.971985472714593E-002
   30.00000     -1.790918935351499E-002
   31.00000     -1.615956035886279E-002
   32.00000     -1.447050571965412E-002
   33.00000     -1.284156984099838E-002
   34.00000     -1.127230488135286E-002
   35.00000     -9.762272324077090E-003
   36.00000     -8.311044853797656E-003
   37.00000     -6.918208612706259E-003
   38.00000     -5.583365935246857E-003
   39.00000     -4.306138691971963E-003
   40.00000     -3.086172418841928E-003
   41.00000     -1.923141473415266E-003
   42.00000     -8.167555547669334E-004
