  0.0000000E+00 -0.132039035272277     
   1.000000     -0.128020937331581     
   2.000000     -0.124076111248579     
   3.000000     -0.120204061457826     
   4.000000     -0.116404320430904     
   5.000000     -0.112676371560707     
   6.000000     -0.109019726222873     
   7.000000     -0.105433885204383     
   8.000000     -0.101918346385291     
   9.000000     -9.847260471174434E-002
   10.00000     -9.509615216906549E-002
   11.00000     -9.178847775503673E-002
   12.00000     -8.854906745337821E-002
   13.00000     -8.537740420750267E-002
   14.00000     -8.227296789461179E-002
   15.00000     -7.923523530016950E-002
   16.00000     -7.626368009288373E-002
   17.00000     -7.335777280020740E-002
   18.00000     -7.051698078456220E-002
   19.00000     -6.774076822024186E-002
   20.00000     -6.502859607128139E-002
   21.00000     -6.237992207025823E-002
   22.00000     -5.979420069835025E-002
   23.00000     -5.727088316662864E-002
   24.00000     -5.480941739892917E-002
   25.00000     -5.240924801644293E-002
   26.00000     -5.006981632425676E-002
   27.00000     -4.779056030014963E-002
   28.00000     -4.557091458591856E-002
   29.00000     -4.341031048160688E-002
   30.00000     -4.130817594301241E-002
   31.00000     -3.926393558292925E-002
   32.00000     -3.727701067665786E-002
   33.00000     -3.534681917234910E-002
   34.00000     -3.347277570689530E-002
   35.00000     -3.165429162811469E-002
   36.00000     -2.989077502420416E-002
   37.00000     -2.818163076147298E-002
   38.00000     -2.652626053161406E-002
   39.00000     -2.492406290998281E-002
   40.00000     -2.337443342658445E-002
   41.00000     -2.187676465178460E-002
   42.00000     -2.043044629917950E-002
   43.00000     -1.903486534845272E-002
   44.00000     -1.768940619171306E-002
   45.00000     -1.639345080742076E-002
   46.00000     -1.514637896697611E-002
   47.00000     -1.394756848012639E-002
   48.00000     -1.279639548674806E-002
   49.00000     -1.169223480440912E-002
   50.00000     -1.063446034340968E-002
   51.00000     -9.622445604055976E-003
   52.00000     -8.655564274885534E-003
   53.00000     -7.733190955886522E-003
   54.00000     -6.854702037881529E-003
   55.00000     -6.019476778953680E-003
   56.00000     -5.226898632282454E-003
   57.00000     -4.476356898670460E-003
   58.00000     -3.767248804139112E-003
   59.00000     -3.098982142531422E-003
   60.00000     -2.470978682145439E-003
   61.00000     -1.882678625864513E-003
   62.00000     -1.333546556847177E-003
   63.00000     -8.230795341569420E-004
   64.00000     -3.508183963248437E-004
