  0.0000000E+00 -9.807703324007247E-002
   1.000000     -9.430988795065814E-002
   2.000000     -9.061775370612138E-002
   3.000000     -8.700017375286177E-002
   4.000000     -8.345668961051202E-002
   5.000000     -7.998684110699480E-002
   6.000000     -7.659016641878004E-002
   7.000000     -7.326620211682934E-002
   8.000000     -7.001448321892167E-002
   9.000000     -6.683454324907645E-002
   10.00000     -6.372591430492977E-002
   11.00000     -6.068812713395876E-002
   12.00000     -5.772071121968922E-002
   13.00000     -5.482319487907360E-002
   14.00000     -5.199510537242785E-002
   15.00000     -4.923596902759846E-002
   16.00000     -4.654531138012671E-002
   17.00000     -4.392265733161643E-002
   18.00000     -4.136753132873211E-002
   19.00000     -3.887945756573648E-002
   20.00000     -3.645796021390355E-002
   21.00000     -3.410256368174339E-002
   22.00000     -3.181279291065860E-002
   23.00000     -2.958817371150958E-002
   24.00000     -2.742823314855639E-002
   25.00000     -2.533249997851590E-002
   26.00000     -2.330050515401027E-002
   27.00000     -2.133178240259881E-002
   28.00000     -1.942586889496029E-002
   29.00000     -1.758230601878015E-002
   30.00000     -1.580064027874012E-002
   31.00000     -1.408042434784697E-002
   32.00000     -1.242121830158003E-002
   33.00000     -1.082259107457925E-002
   34.00000     -9.284122190309057E-003
   35.00000     -7.805403828507957E-003
   36.00000     -6.386043314595487E-003
   37.00000     -5.025666141702084E-003
   38.00000     -3.723919672834088E-003
   39.00000     -2.480477722699343E-003
   40.00000     -1.295046293726254E-003
   41.00000     -1.673708510245009E-004
