  0.0000000E+00 -9.126115502213324E-002
   1.000000     -8.999122584283498E-002
   2.000000     -8.967803192838364E-002
   3.000000     -8.701435895811405E-002
   4.000000     -8.505312265666246E-002
   5.000000     -8.318993548472800E-002
   6.000000     -7.878182756719129E-002
   7.000000     -7.493234465792292E-002
   8.000000     -7.408648896041971E-002
   9.000000     -6.930737866777785E-002
   10.00000     -6.458174473893893E-002
   11.00000     -6.000017357068455E-002
   12.00000     -5.714895999135365E-002
   13.00000     -5.561988927609997E-002
   14.00000     -5.147453478236869E-002
   15.00000     -4.758114532405106E-002
   16.00000     -4.394525505505121E-002
   17.00000     -4.056454402631982E-002
   18.00000     -3.743147601376739E-002
   19.00000     -3.453518959410962E-002
   20.00000     -3.186284647092236E-002
   21.00000     -2.940058473478769E-002
   22.00000     -2.838901008562605E-002
   23.00000     -2.713418221764400E-002
   24.00000     -2.504951865601237E-002
   25.00000     -2.313287296136532E-002
   26.00000     -2.137112431939138E-002
   27.00000     -1.975186809690132E-002
   28.00000     -1.826347796617688E-002
   29.00000     -1.689512892590532E-002
   30.00000     -1.563679344543635E-002
   31.00000     -1.447921955927416E-002
   32.00000     -1.341389730258778E-002
   33.00000     -1.243301808669567E-002
   34.00000     -1.152943029440209E-002
   35.00000     -1.069659340522826E-002
   36.00000     -9.928532249221298E-003
   37.00000     -9.219792468082385E-003
   38.00000     -8.565397884209196E-003
   39.00000     -7.960810205076220E-003
   40.00000     -7.401891294853363E-003
   41.00000     -6.884868106958974E-003
   42.00000     -6.406300275250370E-003
   43.00000     -5.963050296520257E-003
   44.00000     -5.552256194527587E-003
   45.00000     -5.171306529727965E-003
   46.00000     -4.817817604560348E-003
   47.00000     -4.489612708179557E-003
   48.00000     -4.184703244362525E-003
   49.00000     -3.901271590107720E-003
   50.00000     -3.637655538827153E-003
   51.00000     -3.392334190008960E-003
   52.00000     -3.163915156096125E-003
   53.00000     -2.951122966573398E-003
   54.00000     -2.752788558529586E-003
   55.00000     -2.567839752020540E-003
   56.00000     -2.395292617244432E-003
   57.00000     -2.234243648752938E-003
   58.00000     -2.083862669607629E-003
   59.00000     -1.943386395522796E-003
   60.00000     -1.812112595614781E-003
   61.00000     -1.689394792412061E-003
   62.00000     -1.574637449296064E-003
   63.00000     -1.467291598564278E-003
   64.00000     -1.366850867869186E-003
   65.00000     -1.272847866920350E-003
   66.00000     -1.184850900076561E-003
   67.00000     -1.102460973833675E-003
   68.00000     -1.025309071261463E-003
   69.00000     -9.530536681912833E-004
   70.00000     -8.853784684309911E-004
   71.00000     -8.219903375128279E-004
   72.00000     -7.626174164853741E-004
   73.00000     -7.070073600739274E-004
   74.00000     -6.549259570858541E-004
   75.00000     -6.061553006485919E-004
   76.00000     -5.604928606785481E-004
   77.00000     -5.177500827898237E-004
   78.00000     -4.777513224117134E-004
   79.00000     -4.403328320921477E-004
   80.00000     -4.053418327538460E-004
   81.00000     -3.726356614545074E-004
   82.00000     -3.420809889007820E-004
   83.00000     -3.135531005956195E-004
   84.00000     -2.869352360658623E-004
   85.00000     -2.621179811290408E-004
   86.00000     -2.389987086198927E-004
   87.00000     -2.174810634145370E-004
   88.00000     -1.974744879665096E-004
   89.00000     -1.788937849092436E-004
   90.00000     -1.616587135875654E-004
   91.00000     -1.456936176588584E-004
   92.00000     -1.309270811567427E-004
   93.00000     -1.172916106382687E-004
   94.00000     -1.047233412422541E-004
   95.00000     -9.316176467408318E-005
   96.00000     -8.254947730205624E-005
   97.00000     -7.283194670477057E-005
   98.00000     -6.395729514902352E-005
   99.00000     -5.587609860498009E-005
   100.0000     -4.854120002088025E-005
   101.0000     -4.190753568477499E-005
   102.0000     -3.593197359639219E-005
   103.0000     -3.057316285946686E-005
   104.0000     -2.579139318445978E-005
   105.0000     -2.154846366462044E-005
   106.0000     -1.780756005564738E-005
   107.0000     -1.453313985229178E-005
   108.0000     -1.169082451556487E-005
   109.0000     -9.247298264914313E-006
   110.0000     -7.170212915637776E-006
   111.0000     -5.428098323346493E-006
   112.0000     -3.990278116110163E-006
   113.0000     -2.826790602295422E-006
   114.0000     -1.908315168556474E-006
   115.0000     -1.206105498626305E-006
   116.0000     -6.919337574668857E-007
   117.0000     -3.380592467943154E-007
   118.0000     -1.172758829626254E-007
   119.0000     -3.396565864448749E-009
