  0.0000000E+00 -8.713146831104028E-002
   1.000000     -8.591189986761917E-002
   2.000000     -8.548727989130422E-002
   3.000000     -8.318435273336265E-002
   4.000000     -8.058358348180603E-002
   5.000000     -7.950004648933828E-002
   6.000000     -7.522380470741608E-002
   7.000000     -7.065330005306855E-002
   8.000000     -7.027594252426811E-002
   9.000000     -6.599226026874651E-002
   10.00000     -6.137882282509422E-002
   11.00000     -5.690384094646499E-002
   12.00000     -5.262492946733527E-002
   13.00000     -5.229488493866846E-002
   14.00000     -4.857601613083565E-002
   15.00000     -4.477450098999020E-002
   16.00000     -4.122618703043667E-002
   17.00000     -3.792901910275652E-002
   18.00000     -3.487570555699045E-002
   19.00000     -3.205561129142358E-002
   20.00000     -2.945610771329985E-002
   21.00000     -2.706352725731041E-002
   22.00000     -2.486383014867209E-002
   23.00000     -2.332437992743787E-002
   24.00000     -2.284306044676515E-002
   25.00000     -2.098765794383091E-002
   26.00000     -1.928464518729777E-002
   27.00000     -1.772175419374339E-002
   28.00000     -1.628748581353453E-002
   29.00000     -1.497113394848558E-002
   30.00000     -1.376278236525821E-002
   31.00000     -1.265328338674490E-002
   32.00000     -1.163422487055258E-002
   33.00000     -1.069789008032590E-002
   34.00000     -9.837213734752295E-003
   35.00000     -9.045736548511714E-003
   36.00000     -8.317559867566288E-003
   37.00000     -7.647301480829036E-003
   38.00000     -7.030053311749465E-003
   39.00000     -6.461341419872747E-003
   40.00000     -5.937088546631052E-003
   41.00000     -5.453579301182366E-003
   42.00000     -5.007427985904579E-003
   43.00000     -4.595548995930625E-003
   44.00000     -4.215129684503902E-003
   45.00000     -3.863605559723927E-003
   46.00000     -3.538637663814869E-003
   47.00000     -3.238091979969915E-003
   48.00000     -2.960020711565733E-003
   49.00000     -2.702645282250044E-003
   50.00000     -2.464340911714204E-003
   51.00000     -2.243622629886181E-003
   52.00000     -2.039132601101259E-003
   53.00000     -1.849628639025877E-003
   54.00000     -1.673973802366638E-003
   55.00000     -1.511126970455031E-003
   56.00000     -1.360134306499381E-003
   57.00000     -1.220121524544105E-003
   58.00000     -1.090286883920320E-003
   59.00000     -9.698948421929311E-004
   60.00000     -8.582703043118096E-004
   61.00000     -7.547934118816257E-004
   62.00000     -6.588948222135660E-004
   63.00000     -5.700514321615038E-004
   64.00000     -4.877825067387908E-004
   65.00000     -4.116461772365981E-004
   66.00000     -3.412362781238917E-004
   67.00000     -2.761794965358542E-004
   68.00000     -2.161328128429276E-004
   69.00000     -1.607812159173547E-004
   70.00000     -1.098356827129267E-004
   71.00000     -6.303141935344205E-005
   72.00000     -2.012637128625137E-005
