  0.0000000E+00 -9.116842334818119E-002
   1.000000     -8.989828126603833E-002
   2.000000     -8.958539867417718E-002
   3.000000     -8.692839936262420E-002
   4.000000     -8.495280724429496E-002
   5.000000     -8.310711991148644E-002
   6.000000     -7.870197017564777E-002
   7.000000     -7.482783934498978E-002
   8.000000     -7.400942874786055E-002
   9.000000     -6.923297298911370E-002
   10.00000     -6.450985720882613E-002
   11.00000     -5.993067834237295E-002
   12.00000     -5.704001450655576E-002
   13.00000     -5.555266882267784E-002
   14.00000     -5.140947935164480E-002
   15.00000     -4.751815193954337E-002
   16.00000     -4.388422725151148E-002
   17.00000     -4.050539127944942E-002
   18.00000     -3.737411328781861E-002
   19.00000     -3.447953693225266E-002
   20.00000     -3.180882862168238E-002
   21.00000     -2.934813078902602E-002
   22.00000     -2.827533837579190E-002
   23.00000     -2.708322538735402E-002
   24.00000     -2.499999589110971E-002
   25.00000     -2.308472470273950E-002
   26.00000     -2.132429429531723E-002
   27.00000     -1.970630309023126E-002
   28.00000     -1.821912761209763E-002
   29.00000     -1.685194552630958E-002
   30.00000     -1.559473179797878E-002
   31.00000     -1.443823679974579E-002
   32.00000     -1.337395275942537E-002
   33.00000     -1.239407314657024E-002
   34.00000     -1.149144827793618E-002
   35.00000     -1.065953945198611E-002
   36.00000     -9.892373211196646E-003
   37.00000     -9.184496810984478E-003
   38.00000     -8.530935595911063E-003
   39.00000     -7.927152710649095E-003
   40.00000     -7.369011377662697E-003
   41.00000     -6.852739835345133E-003
   42.00000     -6.374898934358684E-003
   43.00000     -5.932352324883223E-003
   44.00000     -5.522239125036030E-003
   45.00000     -5.141948934658004E-003
   46.00000     -4.789099044351857E-003
   47.00000     -4.461513683685418E-003
   48.00000     -4.157205152311027E-003
   49.00000     -3.874356681541249E-003
   50.00000     -3.611306880298046E-003
   51.00000     -3.366535627330695E-003
   52.00000     -3.138651280463129E-003
   53.00000     -2.926379082876877E-003
   54.00000     -2.728550655709162E-003
   55.00000     -2.544094475303743E-003
   56.00000     -2.372027242136247E-003
   57.00000     -2.211446056648134E-003
   58.00000     -2.061521324907257E-003
   59.00000     -1.921490324145350E-003
   60.00000     -1.790651364799844E-003
   61.00000     -1.668358491722327E-003
   62.00000     -1.554016672730138E-003
   63.00000     -1.447077427699604E-003
   64.00000     -1.347034855960377E-003
   65.00000     -1.253422023884226E-003
   66.00000     -1.165807678300869E-003
   67.00000     -1.083793254751572E-003
   68.00000     -1.007010152639108E-003
   69.00000     -9.351172520805412E-004
   70.00000     -8.677986497441072E-004
   71.00000     -8.047615931801239E-004
   72.00000     -7.457345951613823E-004
   73.00000     -6.904657113526726E-004
   74.00000     -6.387209662522974E-004
   75.00000     -5.902829138089919E-004
   76.00000     -5.449493204302076E-004
   77.00000     -5.025319592800639E-004
   78.00000     -4.628555058280354E-004
   79.00000     -4.257565255661469E-004
   80.00000     -3.910825456740799E-004
   81.00000     -3.586912031869853E-004
   82.00000     -3.284494629195205E-004
   83.00000     -3.002328990297364E-004
   84.00000     -2.739250346739044E-004
   85.00000     -2.494167347158279E-004
   86.00000     -2.266056469169858E-004
   87.00000     -2.053956874510430E-004
   88.00000     -1.856965669647465E-004
   89.00000     -1.674233537485045E-004
   90.00000     -1.504960708901112E-004
   91.00000     -1.348393245658893E-004
   92.00000     -1.203819608794076E-004
   93.00000     -1.070567488908133E-004
   94.00000     -9.480008769349485E-005
   95.00000     -8.355173559138133E-005
   96.00000     -7.325455961319674E-005
   97.00000     -6.385430377251841E-005
   98.00000     -5.529937464881728E-005
   99.00000     -4.754064303033498E-005
   100.0000     -4.053126053231789E-005
   101.0000     -3.422649029622424E-005
   102.0000     -2.858355110648501E-005
   103.0000     -2.356147456506822E-005
   104.0000     -1.912097540093913E-005
   105.0000     -1.522433567529869E-005
   106.0000     -1.183530480013263E-005
   107.0000     -8.919019392019063E-006
   108.0000     -6.441951107873908E-006
   109.0000     -4.371899392892689E-006
   110.0000     -2.678066757741174E-006
   111.0000     -1.331309811859329E-006
   112.0000     -3.048400360746180E-007
