  0.0000000E+00 -8.847461478428291E-002
   1.000000     -8.722756598395395E-002
   2.000000     -8.686266122343131E-002
   3.000000     -8.443046935015033E-002
   4.000000     -8.203774261331437E-002
   5.000000     -8.070056865401036E-002
   6.000000     -7.638140528099611E-002
   7.000000     -7.179257173202042E-002
   8.000000     -7.176861228006802E-002
   9.000000     -6.707083083741378E-002
   10.00000     -6.242089007407918E-002
   11.00000     -5.791122924551933E-002
   12.00000     -5.387417900684590E-002
   13.00000     -5.359931063375665E-002
   14.00000     -4.951904573029989E-002
   15.00000     -4.568763922888169E-002
   16.00000     -4.211083227479358E-002
   17.00000     -3.878648353729573E-002
   18.00000     -3.570722178646904E-002
   19.00000     -3.286233827990993E-002
   20.00000     -3.023913618740665E-002
   21.00000     -2.782388464376648E-002
   22.00000     -2.560248539340973E-002
   23.00000     -2.497215065792950E-002
   24.00000     -2.356092715412135E-002
   25.00000     -2.168559848095119E-002
   26.00000     -1.996347549547646E-002
   27.00000     -1.838224547005938E-002
   28.00000     -1.693036785256102E-002
   29.00000     -1.559709783817424E-002
   30.00000     -1.437248295917128E-002
   31.00000     -1.324734158100328E-002
   32.00000     -1.221322970351136E-002
   33.00000     -1.126240067035105E-002
   34.00000     -1.038776106978072E-002
   35.00000     -9.582825139682489E-003
   36.00000     -8.841669277990313E-003
   37.00000     -8.158887739484966E-003
   38.00000     -7.529550221527039E-003
   39.00000     -6.949161767920799E-003
   40.00000     -6.413625224390006E-003
   41.00000     -5.919206340782952E-003
   42.00000     -5.462501518983566E-003
   43.00000     -5.040408140342940E-003
   44.00000     -4.650097363892798E-003
   45.00000     -4.288989260437203E-003
   46.00000     -3.954730133222197E-003
   47.00000     -3.645171869835524E-003
   48.00000     -3.358353169758141E-003
   49.00000     -3.092482495720228E-003
   50.00000     -2.845922603338951E-003
   51.00000     -2.617176511449919E-003
   52.00000     -2.404874784370445E-003
   53.00000     -2.207764006547579E-003
   54.00000     -2.024696339290498E-003
   55.00000     -1.854620058325197E-003
   56.00000     -1.696570979579959E-003
   57.00000     -1.549664688813437E-003
   58.00000     -1.413089498380354E-003
   59.00000     -1.286100061566780E-003
   60.00000     -1.168011581517614E-003
   61.00000     -1.058194557835763E-003
   62.00000     -9.560700194797742E-004
   63.00000     -8.611051976547205E-004
   64.00000     -7.728095970148299E-004
   65.00000     -6.907314277141792E-004
   66.00000     -6.144543646920224E-004
   67.00000     -5.435946041062928E-004
   68.00000     -4.777981900739914E-004
   69.00000     -4.167385878912755E-004
   70.00000     -3.601144827424864E-004
   71.00000     -3.076477856320518E-004
   72.00000     -2.590818309706954E-004
   73.00000     -2.141797530302681E-004
   74.00000     -1.727230315149974E-004
   75.00000     -1.345102000291312E-004
   76.00000     -9.935571565063359E-005
   77.00000     -6.708899381077536E-005
   78.00000     -3.755362138738231E-005
   79.00000     -1.060677445850409E-005
