  0.0000000E+00 -8.757744880851417E-002
   1.000000     -8.634796490340221E-002
   2.000000     -8.594489240840819E-002
   3.000000     -8.359816333169955E-002
   4.000000     -8.106647544721980E-002
   5.000000     -7.989871588319611E-002
   6.000000     -7.560821776521170E-002
   7.000000     -7.102429224234770E-002
   8.000000     -7.077895850090218E-002
   9.000000     -6.635042910734600E-002
   10.00000     -6.172486970370857E-002
   11.00000     -5.723837170999730E-002
   12.00000     -5.294853164663617E-002
   13.00000     -5.281930031395896E-002
   14.00000     -4.888917481454643E-002
   15.00000     -4.507773341370707E-002
   16.00000     -4.151995756250611E-002
   17.00000     -3.821376348828270E-002
   18.00000     -3.515183311344084E-002
   19.00000     -3.232350688108251E-002
   20.00000     -2.971613353738668E-002
   21.00000     -2.731602449432322E-002
   22.00000     -2.510912049229980E-002
   23.00000     -2.387156731281510E-002
   24.00000     -2.308144755275266E-002
   25.00000     -2.121942783325421E-002
   26.00000     -1.951006893825200E-002
   27.00000     -1.794108789375980E-002
   28.00000     -1.650097179741311E-002
   29.00000     -1.517900169482865E-002
   30.00000     -1.396524931723757E-002
   31.00000     -1.285055570782626E-002
   32.00000     -1.182649814126571E-002
   33.00000     -1.088534994119590E-002
   34.00000     -1.002003647993169E-002
   35.00000     -9.224089674185761E-003
   36.00000     -8.491602578795998E-003
   37.00000     -7.817185160137638E-003
   38.00000     -7.195921952434988E-003
   39.00000     -6.623332026741110E-003
   40.00000     -6.095331506584305E-003
   41.00000     -5.608198725863553E-003
   42.00000     -5.158542028388143E-003
   43.00000     -4.743270143256092E-003
   44.00000     -4.359565027675556E-003
   45.00000     -4.004857042638579E-003
   46.00000     -3.676802312432486E-003
   47.00000     -3.373262112904280E-003
   48.00000     -3.092284133143112E-003
   49.00000     -2.832085458961102E-003
   50.00000     -2.591037132865308E-003
   51.00000     -2.367650153138934E-003
   52.00000     -2.160562783471332E-003
   53.00000     -1.968529053789649E-003
   54.00000     -1.790408342195290E-003
   55.00000     -1.625155936954467E-003
   56.00000     -1.471814486177312E-003
   57.00000     -1.329506204241863E-003
   58.00000     -1.197426086152748E-003
   59.00000     -1.074835077732510E-003
   60.00000     -9.610547771287540E-004
   61.00000     -8.554619730768887E-004
   62.00000     -7.574839519422496E-004
   63.00000     -6.665942002951235E-004
   64.00000     -5.823085089912576E-004
   65.00000     -5.041814423831888E-004
   66.00000     -4.318031404653156E-004
   67.00000     -3.647964257327423E-004
   68.00000     -3.028141904167168E-004
   69.00000     -2.455370436825676E-004
   70.00000     -1.926712025372799E-004
   71.00000     -1.439466148893252E-004
   72.00000     -9.911530889623224E-005
   73.00000     -5.794997019684858E-005
   74.00000     -2.024275917929864E-005
