  0.0000000E+00 -8.686522649619707E-002
   1.000000     -8.565188037921150E-002
   2.000000     -8.521372449066818E-002
   3.000000     -8.293729263520556E-002
   4.000000     -8.029528238762089E-002
   5.000000     -7.926202607176673E-002
   6.000000     -7.499429760382149E-002
   7.000000     -7.043181997635772E-002
   8.000000     -6.997561141772679E-002
   9.000000     -6.577842188403818E-002
   10.00000     -6.117222165994692E-002
   11.00000     -5.670411528470928E-002
   12.00000     -5.243173789110631E-002
   13.00000     -5.198178265286566E-002
   14.00000     -4.838905029906843E-002
   15.00000     -4.459346146501603E-002
   16.00000     -4.105079656762983E-002
   17.00000     -3.775901754899527E-002
   18.00000     -3.471084853777354E-002
   19.00000     -3.189566903315977E-002
   20.00000     -2.930086397222636E-002
   21.00000     -2.691277834176400E-002
   22.00000     -2.471738401058579E-002
   23.00000     -2.299769168576873E-002
   24.00000     -2.270073546254034E-002
   25.00000     -2.084928398614634E-002
   26.00000     -1.915006011154045E-002
   27.00000     -1.759080511139931E-002
   28.00000     -1.616002804938915E-002
   29.00000     -1.484703050421303E-002
   30.00000     -1.364190342946665E-002
   31.00000     -1.253550588397943E-002
   32.00000     -1.151943204554295E-002
   33.00000     -1.058597111441746E-002
   34.00000     -9.728063391811155E-003
   35.00000     -8.939254847878109E-003
   36.00000     -8.213651781872399E-003
   37.00000     -7.545876656714730E-003
   38.00000     -6.931025811702476E-003
   39.00000     -6.364629483591819E-003
   40.00000     -5.842614370467764E-003
   41.00000     -5.361268834357452E-003
   42.00000     -4.917210742322041E-003
   43.00000     -4.507357880529201E-003
   44.00000     -4.128900833191655E-003
   45.00000     -3.779278192038763E-003
   46.00000     -3.456153947545288E-003
   47.00000     -3.157396907054332E-003
   48.00000     -2.881061984669846E-003
   49.00000     -2.625373211498898E-003
   50.00000     -2.388708321132096E-003
   51.00000     -2.169584773173539E-003
   52.00000     -1.966647086456768E-003
   53.00000     -1.778655362804459E-003
   54.00000     -1.604474839261773E-003
   55.00000     -1.443066733341280E-003
   56.00000     -1.293479193144673E-003
   57.00000     -1.154840095271854E-003
   58.00000     -1.026349787727888E-003
   59.00000     -9.072748050729773E-004
   60.00000     -7.969421284234948E-004
   61.00000     -6.947339867260332E-004
   62.00000     -6.000831493732592E-004
   63.00000     -5.124686656963666E-004
   64.00000     -4.314120120382920E-004
   65.00000     -3.564736120872768E-004
   66.00000     -2.872497010703357E-004
   67.00000     -2.233695094634262E-004
   68.00000     -1.644927473574511E-004
   69.00000     -1.103073769684218E-004
   70.00000     -6.052766871173088E-005
   71.00000     -1.489254698702129E-005
