  0.0000000E+00 -2.684948562411823E-002
   1.000000     -2.484042970026927E-002
   2.000000     -2.292285397027881E-002
   3.000000     -2.109521017613279E-002
   4.000000     -1.935592781366149E-002
   5.000000     -1.770341362787163E-002
   6.000000     -1.613605111768960E-002
   7.000000     -1.465220005682923E-002
   8.000000     -1.325019603949612E-002
   9.000000     -1.192835006233919E-002
   10.00000     -1.068494815769342E-002
   11.00000     -9.518251098048870E-003
   12.00000     -8.426494198568540E-003
   13.00000     -7.407887254061656E-003
   14.00000     -6.460614660637467E-003
   15.00000     -5.582835792418777E-003
   16.00000     -4.772685733832057E-003
   17.00000     -4.028276514158087E-003
   18.00000     -3.347699063748679E-003
   19.00000     -2.729026229654711E-003
   20.00000     -2.170317388068662E-003
   21.00000     -1.669625542948167E-003
   22.00000     -1.225008453223428E-003
   23.00000     -8.345466211266354E-004
   24.00000     -4.963737307070777E-004
   25.00000     -2.087316441848816E-004
