  0.0000000E+00 -7.700343598227480E-002
   1.000000     -7.587381412340019E-002
   2.000000     -7.541165057187227E-002
   3.000000     -7.342670931210024E-002
   4.000000     -7.112247790127811E-002
   5.000000     -7.017310083073787E-002
   6.000000     -6.639230867553399E-002
   7.000000     -6.235000847804616E-002
   8.000000     -6.200627781371888E-002
   9.000000     -5.822709640583194E-002
   10.00000     -5.414617942441527E-002
   11.00000     -5.018765682055373E-002
   12.00000     -4.640255229675886E-002
   13.00000     -4.609744039635695E-002
   14.00000     -4.282088391677361E-002
   15.00000     -3.945808433856938E-002
   16.00000     -3.631928754385719E-002
   17.00000     -3.340268162656593E-002
   18.00000     -3.070181990545398E-002
   19.00000     -2.820729655004381E-002
   20.00000     -2.590794133900083E-002
   21.00000     -2.379166440273866E-002
   22.00000     -2.184604632347655E-002
   23.00000     -2.046430937133113E-002
   24.00000     -2.005874075649356E-002
   25.00000     -1.841775421097072E-002
   26.00000     -1.691160514989002E-002
   27.00000     -1.552944167212536E-002
   28.00000     -1.426109172019914E-002
   29.00000     -1.309708487300080E-002
   30.00000     -1.202864955104114E-002
   31.00000     -1.104769417479999E-002
   32.00000     -1.014677795624284E-002
   33.00000     -9.319075400184324E-003
   34.00000     -8.558337422427230E-003
   35.00000     -7.858851132587177E-003
   36.00000     -7.215399699555015E-003
   37.00000     -6.623223257091849E-003
   38.00000     -6.077981472123531E-003
   39.00000     -5.575718156310456E-003
   40.00000     -5.112828128214448E-003
   41.00000     -4.686026410885117E-003
   42.00000     -4.292319764560404E-003
   43.00000     -3.928980496469241E-003
   44.00000     -3.593522452029100E-003
   45.00000     -3.283679068546077E-003
   46.00000     -2.997383359760894E-003
   47.00000     -2.732749694214668E-003
   48.00000     -2.488057230193819E-003
   49.00000     -2.261734873312289E-003
   50.00000     -2.052347628392501E-003
   51.00000     -1.858584159421257E-003
   52.00000     -1.679245898566850E-003
   53.00000     -1.513236235636403E-003
   54.00000     -1.359551963193800E-003
   55.00000     -1.217274616131293E-003
   56.00000     -1.085562987864451E-003
   57.00000     -9.636462949154630E-004
   58.00000     -8.508179880008255E-004
   59.00000     -7.464301493744119E-004
   60.00000     -6.498884223329907E-004
   61.00000     -5.606474245879941E-004
   62.00000     -4.782066027171742E-004
   63.00000     -4.021064902278168E-004
   64.00000     -3.319253370312127E-004
   65.00000     -2.672760835477743E-004
   66.00000     -2.078036585393275E-004
   67.00000     -1.531825865764274E-004
   68.00000     -1.031148995749008E-004
   69.00000     -5.732835840950413E-005
   70.00000     -1.557500761045201E-005
