  0.0000000E+00 -7.624298977488704E-002
   1.000000     -7.512800016616594E-002
   2.000000     -7.463291092271052E-002
   3.000000     -7.272051595906226E-002
   4.000000     -7.029887587123847E-002
   5.000000     -6.949290361329119E-002
   6.000000     -6.573651812681665E-002
   7.000000     -6.171715667061890E-002
   8.000000     -6.114817457393842E-002
   9.000000     -5.761609491797579E-002
   10.00000     -5.355586060082385E-002
   11.00000     -4.961698588435089E-002
   12.00000     -4.585055332127568E-002
   13.00000     -4.520282257311253E-002
   14.00000     -4.228667559176675E-002
   15.00000     -3.894081119280263E-002
   16.00000     -3.581815742942707E-002
   17.00000     -3.291695135525274E-002
   18.00000     -3.023079143721637E-002
   19.00000     -2.775031361812299E-002
   20.00000     -2.546438638671532E-002
   21.00000     -2.336095578897489E-002
   22.00000     -2.142763571943706E-002
   23.00000     -1.965211643746184E-002
   24.00000     -1.953086197342132E-002
   25.00000     -1.802241715980579E-002
   26.00000     -1.652709945437759E-002
   27.00000     -1.515533115132767E-002
   28.00000     -1.389696376656681E-002
   29.00000     -1.274254890817100E-002
   30.00000     -1.168333563282177E-002
   31.00000     -1.071125171783107E-002
   32.00000     -9.818874554498728E-003
   33.00000     -8.999395742394129E-003
   34.00000     -8.246582292670106E-003
   35.00000     -7.554736489162852E-003
   36.00000     -6.918655825940530E-003
   37.00000     -6.333593979421962E-003
   38.00000     -5.795223438190585E-003
   39.00000     -5.299600171580978E-003
   40.00000     -4.843130544814469E-003
   41.00000     -4.422540565918865E-003
   42.00000     -4.034847464505662E-003
   43.00000     -3.677333544741445E-003
   44.00000     -3.347522217132760E-003
   45.00000     -3.043156090540215E-003
   46.00000     -2.762176993062093E-003
   47.00000     -2.502707785051753E-003
   48.00000     -2.263035827320993E-003
   49.00000     -2.041597970888159E-003
   50.00000     -1.836966940252099E-003
   51.00000     -1.647838989238133E-003
   52.00000     -1.473022716344130E-003
   53.00000     -1.311428934769182E-003
   54.00000     -1.162061500631099E-003
   55.00000     -1.024009011067533E-003
   56.00000     -8.964372918469810E-004
   57.00000     -7.785826017230935E-004
   58.00000     -6.697454880362123E-004
   59.00000     -5.692852350261749E-004
   60.00000     -4.766148530406054E-004
   61.00000     -3.911965634260473E-004
   62.00000     -3.125377405631375E-004
   63.00000     -2.401872795455062E-004
   64.00000     -1.737323658628710E-004
   65.00000     -1.127956328755395E-004
   66.00000     -5.703270510980104E-005
   67.00000     -6.130142656311308E-006
