  0.0000000E+00 -7.509145266664780E-002
   1.000000     -7.400137339004431E-002
   2.000000     -7.344977185086592E-002
   3.000000     -7.165070331613857E-002
   4.000000     -6.905132887573848E-002
   5.000000     -6.846243252267487E-002
   6.000000     -6.474310573998464E-002
   7.000000     -6.075854804033119E-002
   8.000000     -5.984824032703646E-002
   9.000000     -5.669053196367797E-002
   10.00000     -5.266162877853969E-002
   11.00000     -4.875251747149585E-002
   12.00000     -4.501438191411752E-002
   13.00000     -4.384761786266205E-002
   14.00000     -4.147744193448332E-002
   15.00000     -3.815723166331077E-002
   16.00000     -3.505903198577150E-002
   17.00000     -3.218115421085335E-002
   18.00000     -2.951726520864734E-002
   19.00000     -2.705806420973279E-002
   20.00000     -2.479247835128088E-002
   21.00000     -2.270850809934140E-002
   22.00000     -2.079381788238645E-002
   23.00000     -1.903614174763280E-002
   24.00000     -1.811686130702818E-002
   25.00000     -1.742355253592665E-002
   26.00000     -1.594464335800753E-002
   27.00000     -1.458862277918557E-002
   28.00000     -1.334537822863171E-002
   29.00000     -1.220549471987931E-002
   30.00000     -1.116025260209987E-002
   31.00000     -1.020160901106121E-002
   32.00000     -9.322168918268077E-003
   33.00000     -8.515149866995364E-003
   34.00000     -7.774343305614997E-003
   35.00000     -7.094074568352092E-003
   36.00000     -6.469162923247401E-003
   37.00000     -5.894882646418825E-003
   38.00000     -5.366925746617669E-003
   39.00000     -4.881366721943002E-003
   40.00000     -4.434629557208920E-003
   41.00000     -4.023457047860656E-003
   42.00000     -3.644882451128565E-003
   43.00000     -3.296203407337946E-003
   44.00000     -2.974958036550502E-003
   45.00000     -2.678903092499378E-003
   46.00000     -2.405994043004948E-003
   47.00000     -2.154366940699487E-003
   48.00000     -1.922321889061260E-003
   49.00000     -1.708308381328993E-003
   50.00000     -1.510911153353464E-003
   51.00000     -1.328838483075875E-003
   52.00000     -1.160910771819277E-003
   53.00000     -1.006050535515488E-003
   54.00000     -8.632733004169347E-004
   55.00000     -7.316793756892903E-004
   56.00000     -6.104464251892784E-004
   57.00000     -4.988227692259621E-004
   58.00000     -3.961213556387009E-004
   59.00000     -3.017143483234587E-004
   60.00000     -2.150282907787941E-004
   61.00000     -1.355398129610241E-004
   62.00000     -6.277186279365149E-005
