  0.0000000E+00 -7.710162101805226E-002
   1.000000     -7.597024231719819E-002
   2.000000     -7.551202272584140E-002
   3.000000     -7.351787343018608E-002
   4.000000     -7.122880198930182E-002
   5.000000     -7.026090858297362E-002
   6.000000     -6.647696773507346E-002
   7.000000     -6.243171231046529E-002
   8.000000     -6.211704843540986E-002
   9.000000     -5.830597349375648E-002
   10.00000     -5.422238650395626E-002
   11.00000     -5.026132746922232E-002
   12.00000     -4.647381456267531E-002
   13.00000     -4.621292882112632E-002
   14.00000     -4.288984743896495E-002
   15.00000     -3.952486162531055E-002
   16.00000     -3.638398085549813E-002
   17.00000     -3.346538690545756E-002
   18.00000     -3.076262726595416E-002
   19.00000     -2.826629071411024E-002
   20.00000     -2.596520203168036E-002
   21.00000     -2.384726671320346E-002
   22.00000     -2.190006104615237E-002
   23.00000     -2.058481167333572E-002
   24.00000     -2.011123480288319E-002
   25.00000     -1.846879028775029E-002
   26.00000     -1.696124298266780E-002
   27.00000     -1.557773757218166E-002
   28.00000     -1.430809895831953E-002
   29.00000     -1.314285387724469E-002
   30.00000     -1.207322808659382E-002
   31.00000     -1.109112750928123E-002
   32.00000     -1.018910901191086E-002
   33.00000     -9.360344894176222E-003
   34.00000     -8.598583996037350E-003
   35.00000     -7.898111470476820E-003
   36.00000     -7.253708639696804E-003
   37.00000     -6.660613892171448E-003
   38.00000     -6.114485243051097E-003
   39.00000     -5.611364938428663E-003
   40.00000     -5.147646310733041E-003
   41.00000     -4.720042970019622E-003
   42.00000     -4.325560330804445E-003
   43.00000     -3.961469416386773E-003
   44.00000     -3.625282844911870E-003
   45.00000     -3.314732878244488E-003
   46.00000     -3.027751401960131E-003
   47.00000     -2.762451699393750E-003
   48.00000     -2.517111882471652E-003
   49.00000     -2.290159845350338E-003
   50.00000     -2.080159612489316E-003
   51.00000     -1.885798959818303E-003
   52.00000     -1.705878195494484E-003
   53.00000     -1.539299994934778E-003
   54.00000     -1.385060193040516E-003
   55.00000     -1.242239444597733E-003
   56.00000     -1.109995671598939E-003
   57.00000     -9.875572236115512E-004
   58.00000     -8.742166842747559E-004
   59.00000     -7.693252635327776E-004
   60.00000     -6.722877213253806E-004
   61.00000     -5.825577741953768E-004
   62.00000     -4.996339416999277E-004
   63.00000     -4.230557947120888E-004
   64.00000     -3.524005727957828E-004
   65.00000     -2.872801430023074E-004
   66.00000     -2.273382779270830E-004
   67.00000     -1.722482370760064E-004
   68.00000     -1.217106431570126E-004
   69.00000     -7.545165489957968E-005
   70.00000     -3.322145228627894E-005
