  0.0000000E+00 -7.992761760567400E-002
   1.000000     -7.876394404188436E-002
   2.000000     -7.837848142771042E-002
   3.000000     -7.614027312183090E-002
   4.000000     -7.428749311244114E-002
   5.000000     -7.278677426299258E-002
   6.000000     -6.891237021354135E-002
   7.000000     -6.530425242979743E-002
   8.000000     -6.478146542264747E-002
   9.000000     -6.057505015701792E-002
   10.00000     -5.641465570600089E-002
   11.00000     -5.238063142544171E-002
   12.00000     -4.953534397697558E-002
   13.00000     -4.852370667042454E-002
   14.00000     -4.487374083565387E-002
   15.00000     -4.144586366269881E-002
   16.00000     -3.824503319487669E-002
   17.00000     -3.526924960785163E-002
   18.00000     -3.251189277183673E-002
   19.00000     -2.996339636896213E-002
   20.00000     -2.761244147237624E-002
   21.00000     -2.544680035761815E-002
   22.00000     -2.405133922431666E-002
   23.00000     -2.345392325686625E-002
   24.00000     -2.162135076185037E-002
   25.00000     -1.993697063811847E-002
   26.00000     -1.838920209005610E-002
   27.00000     -1.696709572156384E-002
   28.00000     -1.566038909741621E-002
   29.00000     -1.445952726899317E-002
   30.00000     -1.335565949077420E-002
   31.00000     -1.234061995185868E-002
   32.00000     -1.140689818020970E-002
   33.00000     -1.054760319038173E-002
   34.00000     -9.756424277925922E-003
   35.00000     -9.027590505333281E-003
   36.00000     -8.355830294819977E-003
   37.00000     -7.736332083106116E-003
   38.00000     -7.164706658667626E-003
   39.00000     -6.636951560169408E-003
   40.00000     -6.149417741727054E-003
   41.00000     -5.698778588314001E-003
   42.00000     -5.282001279649965E-003
   43.00000     -4.896320443328707E-003
   44.00000     -4.539214000359882E-003
   45.00000     -4.208381083209716E-003
   46.00000     -3.901721893743689E-003
   47.00000     -3.617319363170080E-003
   48.00000     -3.353422475925304E-003
   49.00000     -3.108431122778144E-003
   50.00000     -2.880882354062553E-003
   51.00000     -2.669437910995418E-003
   52.00000     -2.472872920870771E-003
   53.00000     -2.290065650094448E-003
   54.00000     -2.119988217220816E-003
   55.00000     -1.961698176161149E-003
   56.00000     -1.814330887411707E-003
   57.00000     -1.677092602410265E-003
   58.00000     -1.549254192924469E-003
   59.00000     -1.430145463681385E-003
   60.00000     -1.319149992263947E-003
   61.00000     -1.215700445636058E-003
   62.00000     -1.119274327534249E-003
   63.00000     -1.029390115405545E-003
   64.00000     -9.456037496044577E-004
   65.00000     -8.675054412194553E-004
   66.00000     -7.947167682074911E-004
   67.00000     -7.268880325059781E-004
   68.00000     -6.636958534913222E-004
   69.00000     -6.048409755894636E-004
   70.00000     -5.500462700420905E-004
   71.00000     -4.990549128153378E-004
   72.00000     -4.516287224284293E-004
   73.00000     -4.075466430996080E-004
   74.00000     -3.666033600726615E-004
   75.00000     -3.286080353226739E-004
   76.00000     -2.933831530582522E-004
   77.00000     -2.607634655618860E-004
   78.00000     -2.305950309586836E-004
   79.00000     -2.027343354997562E-004
   80.00000     -1.770474939186801E-004
   81.00000     -1.534095224039481E-004
   82.00000     -1.317036797793646E-004
   83.00000     -1.118208736751839E-004
   84.00000     -9.365912992767451E-005
   85.00000     -7.712312536467544E-005
   86.00000     -6.212378686750429E-005
   87.00000     -4.857796377227921E-005
   88.00000     -3.640818747562346E-005
   89.00000     -2.554254392057747E-005
   90.00000     -1.591470653999165E-005
   91.00000     -7.464220948509829E-006
   92.00000     -1.372280072338982E-007
