  0.0000000E+00 -7.642206393397920E-002
   1.000000     -7.530347880624226E-002
   2.000000     -7.481649741174430E-002
   3.000000     -7.288683434063910E-002
   4.000000     -7.049284095123937E-002
   5.000000     -6.965310041073368E-002
   6.000000     -6.589096395728733E-002
   7.000000     -6.186619560283607E-002
   8.000000     -6.135027167870916E-002
   9.000000     -5.775999236456610E-002
   10.00000     -5.369488703758395E-002
   11.00000     -4.975138502128457E-002
   12.00000     -4.598055383136649E-002
   13.00000     -4.541351587499162E-002
   14.00000     -4.241248738360122E-002
   15.00000     -3.906263455760915E-002
   16.00000     -3.593617892912802E-002
   17.00000     -3.303134601789791E-002
   18.00000     -3.034172365746517E-002
   19.00000     -2.785793795218723E-002
   20.00000     -2.556884827372691E-002
   21.00000     -2.346239220882905E-002
   22.00000     -2.152617580149805E-002
   23.00000     -1.975087181666407E-002
   24.00000     -1.974770791104036E-002
   25.00000     -1.811552313394253E-002
   26.00000     -1.661765449248125E-002
   27.00000     -1.524343797629116E-002
   28.00000     -1.398271954531547E-002
   29.00000     -1.282604561806383E-002
   30.00000     -1.176466038972691E-002
   31.00000     -1.079048707723454E-002
   32.00000     -9.896098788571200E-003
   33.00000     -9.074683095132621E-003
   34.00000     -8.320003214937251E-003
   35.00000     -7.626357855244444E-003
   36.00000     -6.988541133074055E-003
   37.00000     -6.401803531598588E-003
   38.00000     -5.861814515402711E-003
   39.00000     -5.364627185566879E-003
   40.00000     -4.906645182243988E-003
   41.00000     -4.484591919865410E-003
   42.00000     -4.095482154959034E-003
   43.00000     -3.736595828831899E-003
   44.00000     -3.405454089657493E-003
   45.00000     -3.099797375308157E-003
   46.00000     -2.817565425499049E-003
   47.00000     -2.556879086435710E-003
   48.00000     -2.316023770942408E-003
   49.00000     -2.093434440352339E-003
   50.00000     -1.887681980056590E-003
   51.00000     -1.697460847664479E-003
   52.00000     -1.521577880595817E-003
   53.00000     -1.358942158161672E-003
   54.00000     -1.208555821487608E-003
   55.00000     -1.069505762786885E-003
   56.00000     -9.409561033739385E-004
   57.00000     -8.221413873496582E-004
   58.00000     -7.123604250689405E-004
   59.00000     -6.109707273325857E-004
   60.00000     -5.173834777841160E-004
   61.00000     -4.310589973330257E-004
   62.00000     -3.515026607143671E-004
   63.00000     -2.782612317563711E-004
   64.00000     -2.109195909023630E-004
   65.00000     -1.490978365649876E-004
   66.00000     -9.244875186874155E-005
   67.00000     -4.065564178094087E-005
