  0.0000000E+00 -0.107605410179083     
   1.000000     -0.105955774408380     
   2.000000     -0.104321917024016     
   3.000000     -0.102703780057240     
   4.000000     -0.101101305352636     
   5.000000     -9.951443456701506E-002
   6.000000     -9.794310916829899E-002
   7.000000     -9.638727043438342E-002
   8.000000     -9.484685945201979E-002
   9.000000     -9.332181711568585E-002
   10.00000     -9.181208412640543E-002
   11.00000     -9.031760099065028E-002
   12.00000     -8.883830801915053E-002
   13.00000     -8.737414532574103E-002
   14.00000     -8.592505282620064E-002
   15.00000     -8.449097023707261E-002
   16.00000     -8.307183707448859E-002
   17.00000     -8.166759265298520E-002
   18.00000     -8.027817608430668E-002
   19.00000     -7.890352627622113E-002
   20.00000     -7.754358193130659E-002
   21.00000     -7.619828154575090E-002
   22.00000     -7.486756340814685E-002
   23.00000     -7.355136559828321E-002
   24.00000     -7.224962598580251E-002
   25.00000     -7.096228222879811E-002
   26.00000     -6.968927177363435E-002
   27.00000     -6.843053185638134E-002
   28.00000     -6.718599949490026E-002
   29.00000     -6.595561145980852E-002
   30.00000     -6.473930429712191E-002
   31.00000     -6.353701454339813E-002
   32.00000     -6.234867878321185E-002
   33.00000     -6.117423241628031E-002
   34.00000     -6.001360812517356E-002
   35.00000     -5.886674078703016E-002
   36.00000     -5.773357988399661E-002
   37.00000     -5.661407968632245E-002
   38.00000     -5.550813650451755E-002
   39.00000     -5.441556497926828E-002
   40.00000     -5.333631124155777E-002
   41.00000     -5.227075610711926E-002
   42.00000     -5.121931320020962E-002
   43.00000     -5.018105691595351E-002
   44.00000     -4.915355957888282E-002
   45.00000     -4.813652093019397E-002
   46.00000     -4.713598073000036E-002
   47.00000     -4.615994639104892E-002
   48.00000     -4.520172473132786E-002
   49.00000     -4.423708010241054E-002
   50.00000     -4.325612430422077E-002
   51.00000     -4.228543813694444E-002
   52.00000     -4.139532971720758E-002
   53.00000     -4.061047205449470E-002
   54.00000     -3.975078220111405E-002
   55.00000     -3.878293636996613E-002
   56.00000     -3.777871411892378E-002
   57.00000     -3.678244481231188E-002
   58.00000     -3.597294756818795E-002
   59.00000     -3.556261608353156E-002
   60.00000     -3.467189182834685E-002
   61.00000     -3.369514519880927E-002
   62.00000     -3.272175021244403E-002
   63.00000     -3.176099392253157E-002
   64.00000     -3.081612364711378E-002
   65.00000     -2.989416230876020E-002
   66.00000     -2.949999345787502E-002
   67.00000     -2.896141703005184E-002
   68.00000     -2.807090321124096E-002
   69.00000     -2.719412207958026E-002
   70.00000     -2.633450961695029E-002
   71.00000     -2.549257915457995E-002
   72.00000     -2.466848103367080E-002
   73.00000     -2.386225694581152E-002
   74.00000     -2.307393917649895E-002
   75.00000     -2.230404013943093E-002
   76.00000     -2.186829448512728E-002
   77.00000     -2.154741316214001E-002
   78.00000     -2.081300012885939E-002
   79.00000     -2.009475173987202E-002
   80.00000     -1.939347433188620E-002
   81.00000     -1.870907279807308E-002
   82.00000     -1.804137036710432E-002
   83.00000     -1.739016522173856E-002
   84.00000     -1.675524267742799E-002
   85.00000     -1.613637971383248E-002
   86.00000     -1.553334755916391E-002
   87.00000     -1.494591398186159E-002
   88.00000     -1.437384709735340E-002
   89.00000     -1.381692981782921E-002
   90.00000     -1.327514502376223E-002
   91.00000     -1.302312646385012E-002
   92.00000     -1.274675652440981E-002
   93.00000     -1.223393702504627E-002
   94.00000     -1.173503166362704E-002
   95.00000     -1.124998448076269E-002
   96.00000     -1.077857322056492E-002
   97.00000     -1.032056066082939E-002
   98.00000     -9.875707135033223E-003
   99.00000     -9.443773278673878E-003
   100.0000     -9.024520998317988E-003
   101.0000     -8.617713948595939E-003
   102.0000     -8.223117827915601E-003
   103.0000     -7.840500589742807E-003
   104.0000     -7.469632605874219E-003
   105.0000     -7.110286797782925E-003
   106.0000     -6.762238744233997E-003
   107.0000     -6.425266770012724E-003
   108.0000     -6.099152019035895E-003
   109.0000     -5.783678514340000E-003
   110.0000     -5.478633207160019E-003
   111.0000     -5.183806017363525E-003
   112.0000     -4.898989868101966E-003
   113.0000     -4.623980719215836E-003
   114.0000     -4.358577608362038E-003
   115.0000     -4.102582721485024E-003
   116.0000     -3.855801555566905E-003
   117.0000     -3.618043401984584E-003
   118.0000     -3.389123288154279E-003
   119.0000     -3.168875593193007E-003
   120.0000     -2.961011931339266E-003
   121.0000     -2.952761066705193E-003
   122.0000     -2.753340327681207E-003
   123.0000     -2.557941444410170E-003
   124.0000     -2.370445716790531E-003
   125.0000     -2.190702349964465E-003
   126.0000     -2.018547045008572E-003
   127.0000     -1.853815667450147E-003
   128.0000     -1.696346196287205E-003
   129.0000     -1.545979212637943E-003
   130.0000     -1.402558069772030E-003
   131.0000     -1.265928974546861E-003
   132.0000     -1.135941044907686E-003
   133.0000     -1.012446367285238E-003
   134.0000     -8.953000658308804E-004
   135.0000     -7.843603920515774E-004
   136.0000     -6.794888432184802E-004
   137.0000     -5.805503194339267E-004
   138.0000     -4.874133321640351E-004
   139.0000     -3.999502816793597E-004
   140.0000     -3.180378279413364E-004
   141.0000     -2.415573904282737E-004
   142.0000     -1.703958296919366E-004
   143.0000     -1.044463916115407E-004
   144.0000     -4.361004296260324E-005
