  0.0000000E+00 -0.112352147076771     
   1.000000     -0.110684690261300     
   2.000000     -0.109032957807520     
   3.000000     -0.107396891430332     
   4.000000     -0.105776432655729     
   5.000000     -0.104171522819623     
   6.000000     -0.102582103066781     
   7.000000     -0.101008114349611     
   8.000000     -9.944949494482704E-002
   9.000000     -9.790619286348090E-002
   10.00000     -9.637814102739374E-002
   11.00000     -9.486528209038526E-002
   12.00000     -9.336755602593247E-002
   13.00000     -9.188490260820009E-002
   14.00000     -9.041726141087682E-002
   15.00000     -8.896457180595915E-002
   16.00000     -8.752677048034591E-002
   17.00000     -8.610380384581948E-002
   18.00000     -8.469560321543609E-002
   19.00000     -8.330210962470591E-002
   20.00000     -8.192326141919577E-002
   21.00000     -8.055899673551982E-002
   22.00000     -7.920925350013765E-002
   23.00000     -7.787396942802750E-002
   24.00000     -7.655308202136353E-002
   25.00000     -7.524652856891979E-002
   26.00000     -7.395424614639808E-002
   27.00000     -7.267617161020686E-002
   28.00000     -7.141224157837235E-002
   29.00000     -7.016239245454987E-002
   30.00000     -6.892656058175008E-002
   31.00000     -6.770468220359256E-002
   32.00000     -6.649669244369640E-002
   33.00000     -6.530252462903681E-002
   34.00000     -6.412211534488450E-002
   35.00000     -6.295541256130850E-002
   36.00000     -6.180235877282643E-002
   37.00000     -6.066283895897991E-002
   38.00000     -5.953670407393598E-002
   39.00000     -5.842400016594441E-002
   40.00000     -5.732509734059889E-002
   41.00000     -5.624000704146449E-002
   42.00000     -5.516732016567845E-002
   43.00000     -5.410534910052824E-002
   44.00000     -5.305625508700886E-002
   45.00000     -5.202709406906182E-002
   46.00000     -5.101947303390837E-002
   47.00000     -5.001706637591545E-002
   48.00000     -4.900211475983692E-002
   49.00000     -4.798661769937011E-002
   50.00000     -4.702463924217286E-002
   51.00000     -4.616642188715579E-002
   52.00000     -4.528713932556543E-002
   53.00000     -4.429511740325272E-002
   54.00000     -4.324947653727713E-002
   55.00000     -4.220873971500351E-002
   56.00000     -4.138784218044027E-002
   57.00000     -4.090206635342193E-002
   58.00000     -3.995148358456450E-002
   59.00000     -3.891516040257241E-002
   60.00000     -3.787933884329710E-002
   61.00000     -3.685512756110569E-002
   62.00000     -3.584828541127767E-002
   63.00000     -3.506870473313779E-002
   64.00000     -3.481786872345989E-002
   65.00000     -3.386144908547546E-002
   66.00000     -3.290270134066178E-002
   67.00000     -3.196026279267018E-002
   68.00000     -3.103543876623736E-002
   69.00000     -3.012864542576996E-002
   70.00000     -2.924010114450683E-002
   71.00000     -2.837011196822058E-002
   72.00000     -2.753992125667490E-002
   73.00000     -2.748008966923521E-002
   74.00000     -2.668176181557978E-002
   75.00000     -2.586629030684356E-002
   76.00000     -2.506844737725088E-002
   77.00000     -2.428835355048596E-002
   78.00000     -2.352590048372889E-002
   79.00000     -2.278092867974912E-002
   80.00000     -2.205325500087206E-002
   81.00000     -2.134268160713871E-002
   82.00000     -2.064900168218542E-002
   83.00000     -1.997200934894076E-002
   84.00000     -1.931155925678372E-002
   85.00000     -1.874002639341264E-002
   86.00000     -1.866458110637914E-002
   87.00000     -1.803817664593068E-002
   88.00000     -1.742555834262949E-002
   89.00000     -1.682833828084849E-002
   90.00000     -1.624631990447017E-002
   91.00000     -1.567926417136274E-002
   92.00000     -1.512692361500472E-002
   93.00000     -1.458904810874353E-002
   94.00000     -1.406538669850443E-002
   95.00000     -1.355568848490210E-002
   96.00000     -1.305970318229353E-002
   97.00000     -1.257718153468956E-002
   98.00000     -1.210787565366588E-002
   99.00000     -1.165153930863852E-002
   100.0000     -1.120792819076825E-002
   101.0000     -1.077680017830565E-002
   102.0000     -1.035791566712793E-002
   103.0000     -9.951038177765629E-003
   104.0000     -9.555936221486344E-003
   105.0000     -9.172394214433591E-003
   106.0000     -8.800647335966324E-003
   107.0000     -8.744339181793750E-003
   108.0000     -8.438737977043117E-003
   109.0000     -8.088457324863886E-003
   110.0000     -7.748768491914866E-003
   111.0000     -7.419485033891128E-003
   112.0000     -7.100396923813595E-003
   113.0000     -6.791293239440486E-003
   114.0000     -6.491964984636834E-003
   115.0000     -6.202205752930346E-003
   116.0000     -5.921811934837492E-003
   117.0000     -5.650582789067103E-003
   118.0000     -5.388320462122678E-003
   119.0000     -5.134829984123712E-003
   120.0000     -4.889919251657940E-003
   121.0000     -4.653399002479864E-003
   122.0000     -4.425082784494914E-003
   123.0000     -4.204786920416865E-003
   124.0000     -3.992330468979290E-003
   125.0000     -3.787535183323364E-003
   126.0000     -3.590225467022448E-003
   127.0000     -3.400228328121823E-003
   128.0000     -3.217373331503368E-003
   129.0000     -3.041492549842524E-003
   130.0000     -2.872420513390664E-003
   131.0000     -2.709994158788801E-003
   132.0000     -2.554052777097241E-003
   133.0000     -2.404437961206322E-003
   134.0000     -2.260993552773635E-003
   135.0000     -2.123565588822942E-003
   136.0000     -1.992002248123768E-003
   137.0000     -1.866153797459391E-003
   138.0000     -1.745872537879748E-003
   139.0000     -1.631012751027373E-003
   140.0000     -1.521430645613912E-003
   141.0000     -1.416984304117082E-003
   142.0000     -1.317533629760989E-003
   143.0000     -1.222940293836575E-003
   144.0000     -1.133067683409235E-003
   145.0000     -1.047780849461446E-003
   146.0000     -9.669464555063810E-004
   147.0000     -8.904327267079311E-004
   148.0000     -8.181093995395126E-004
   149.0000     -7.498476720046005E-004
   150.0000     -6.855201544473905E-004
   151.0000     -6.250008209712169E-004
   152.0000     -5.681649614854623E-004
   153.0000     -5.148891343993424E-004
   154.0000     -4.650511199783018E-004
   155.0000     -4.185298743807998E-004
   156.0000     -3.752054843945446E-004
   157.0000     -3.349591228919080E-004
   158.0000     -2.976730050311561E-004
   159.0000     -2.632303452359287E-004
   160.0000     -2.315153149946795E-004
   161.0000     -2.024130015418086E-004
   162.0000     -1.758093675005979E-004
   163.0000     -1.515912116080948E-004
   164.0000     -1.296461306912889E-004
   165.0000     -1.098624831494459E-004
   166.0000     -9.212935432028971E-005
   167.0000     -7.633652431465850E-005
   168.0000     -6.237443923531520E-005
   169.0000     -5.013418726095385E-005
   170.0000     -3.950748206822623E-005
   171.0000     -3.038665788709561E-005
   172.0000     -2.266468400525943E-005
   173.0000     -1.623521379577562E-005
   174.0000     -1.099269951796742E-005
   175.0000     -6.832644084806382E-006
   176.0000     -3.652174265580533E-006
   177.0000     -1.351513751174891E-006
