  0.0000000E+00 -0.108540838905218     
   1.000000     -0.106887675585037     
   2.000000     -0.105250279799969     
   3.000000     -0.103628593515128     
   4.000000     -0.102022558508441     
   5.000000     -0.100432116369512     
   6.000000     -9.885720849852356E-002
   7.000000     -9.729777610506876E-002
   8.000000     -9.575376020706269E-002
   9.000000     -9.422510162956857E-002
   10.00000     -9.271174100363469E-002
   11.00000     -9.121361876518844E-002
   12.00000     -8.973067515383018E-002
   13.00000     -8.826285021168476E-002
   14.00000     -8.681008378222531E-002
   15.00000     -8.537231550909023E-002
   16.00000     -8.394948483490232E-002
   17.00000     -8.254153100007193E-002
   18.00000     -8.114839304160397E-002
   19.00000     -7.977000979189096E-002
   20.00000     -7.840631987750456E-002
   21.00000     -7.705726171798037E-002
   22.00000     -7.572277352461325E-002
   23.00000     -7.440279329921932E-002
   24.00000     -7.309725883277511E-002
   25.00000     -7.180610770409583E-002
   26.00000     -7.052927727998819E-002
   27.00000     -6.926670471598910E-002
   28.00000     -6.801832694481484E-002
   29.00000     -6.678408064974843E-002
   30.00000     -6.556390231706737E-002
   31.00000     -6.435772846203956E-002
   32.00000     -6.316549550194099E-002
   33.00000     -6.198713828215462E-002
   34.00000     -6.082258936037092E-002
   35.00000     -5.967178598803534E-002
   36.00000     -5.853468050180897E-002
   37.00000     -5.741121894258110E-002
   38.00000     -5.630127573559622E-002
   39.00000     -5.520467469251659E-002
   40.00000     -5.412145649793325E-002
   41.00000     -5.305207511225050E-002
   42.00000     -5.199670185980240E-002
   43.00000     -5.095391018244683E-002
   44.00000     -4.992145806407916E-002
   45.00000     -4.890065795137266E-002
   46.00000     -4.789900317774720E-002
   47.00000     -4.692170760427677E-002
   48.00000     -4.595531852116358E-002
   49.00000     -4.497667221601204E-002
   50.00000     -4.398683626683147E-002
   51.00000     -4.302651264265475E-002
   52.00000     -4.217196385316443E-002
   53.00000     -4.137057399649355E-002
   54.00000     -4.045509045410625E-002
   55.00000     -3.945864882882427E-002
   56.00000     -3.844312267250041E-002
   57.00000     -3.746486381806874E-002
   58.00000     -3.689109467619872E-002
   59.00000     -3.627823980789197E-002
   60.00000     -3.530953293562292E-002
   61.00000     -3.431957461672794E-002
   62.00000     -3.333808505066192E-002
   63.00000     -3.237066364811515E-002
   64.00000     -3.142094962715740E-002
   65.00000     -3.062706420620280E-002
   66.00000     -3.044720093957001E-002
   67.00000     -2.955519889351045E-002
   68.00000     -2.865576963607661E-002
   69.00000     -2.777276741766163E-002
   70.00000     -2.690731480987398E-002
   71.00000     -2.605970722726129E-002
   72.00000     -2.523004230737666E-002
   73.00000     -2.441837376934457E-002
   74.00000     -2.362496201534946E-002
   75.00000     -2.298384684560695E-002
   76.00000     -2.284282072021086E-002
   77.00000     -2.208837539398088E-002
   78.00000     -2.134762776031678E-002
   79.00000     -2.062399567472994E-002
   80.00000     -1.991745326863029E-002
   81.00000     -1.922784228495400E-002
   82.00000     -1.855497078555692E-002
   83.00000     -1.789863084008143E-002
   84.00000     -1.725860443555837E-002
   85.00000     -1.663466663561653E-002
   86.00000     -1.602658836654261E-002
   87.00000     -1.543414143472122E-002
   88.00000     -1.485712094406544E-002
   89.00000     -1.429585353702933E-002
   90.00000     -1.414985568270443E-002
   91.00000     -1.374757344179095E-002
   92.00000     -1.321531856112490E-002
   93.00000     -1.269732826537842E-002
   94.00000     -1.219346205043739E-002
   95.00000     -1.170349015785655E-002
   96.00000     -1.122717195774270E-002
   97.00000     -1.076426485119472E-002
   98.00000     -1.031452649401257E-002
   99.00000     -9.877715663080084E-003
   100.0000     -9.453592718870939E-003
   101.0000     -9.041919909659871E-003
   102.0000     -8.642461597582272E-003
   103.0000     -8.254984437919638E-003
   104.0000     -7.879257526035735E-003
   105.0000     -7.515052519726806E-003
   106.0000     -7.162143741875363E-003
   107.0000     -6.820308267124561E-003
   108.0000     -6.489325996066722E-003
   109.0000     -6.168979721245778E-003
   110.0000     -5.859055192052273E-003
   111.0000     -5.559341193524061E-003
   112.0000     -5.269629678602197E-003
   113.0000     -4.989716082511647E-003
   114.0000     -4.719400366097411E-003
   115.0000     -4.458492364212965E-003
   116.0000     -4.206889672357867E-003
   117.0000     -4.098550602604915E-003
   118.0000     -3.963818581847167E-003
   119.0000     -3.729996922956976E-003
   120.0000     -3.504725517398199E-003
   121.0000     -3.287882895811660E-003
   122.0000     -3.079294959230545E-003
   123.0000     -2.878784882836394E-003
   124.0000     -2.686177354940968E-003
   125.0000     -2.501299429993879E-003
   126.0000     -2.323980764528914E-003
   127.0000     -2.154053688394015E-003
   128.0000     -1.991353221435431E-003
   129.0000     -1.835717070085966E-003
   130.0000     -1.686985616926321E-003
   131.0000     -1.545001909188521E-003
   132.0000     -1.409611649574819E-003
   133.0000     -1.280663191824847E-003
   134.0000     -1.158007543223720E-003
   135.0000     -1.041498376374812E-003
   136.0000     -9.309920529527252E-004
   137.0000     -8.263476627887615E-004
   138.0000     -7.274270825824526E-004
   139.0000     -6.340950598572833E-004
   140.0000     -5.462193296850506E-004
   141.0000     -4.636707744339565E-004
   142.0000     -3.863236408026508E-004
   143.0000     -3.140558343971348E-004
   144.0000     -2.467493212926192E-004
   145.0000     -1.842906805046427E-004
   146.0000     -1.265718748992037E-004
   147.0000     -7.349134803436312E-005
   148.0000     -2.495562527802753E-005
