  0.0000000E+00 -0.111369175670082     
   1.000000     -0.109705393232029     
   2.000000     -0.108057346133662     
   3.000000     -0.106424976151566     
   4.000000     -0.104808224873757     
   5.000000     -0.103207033698594     
   6.000000     -0.101621343833634     
   7.000000     -0.100051096294491     
   8.000000     -9.849623190369082E-002
   9.000000     -9.695669128952424E-002
   10.00000     -9.543241488487587E-002
   11.00000     -9.392334292607356E-002
   12.00000     -9.242941294303761E-002
   13.00000     -9.095057230144833E-002
   14.00000     -8.948675311488109E-002
   15.00000     -8.803789733029495E-002
   16.00000     -8.660394418349944E-002
   17.00000     -8.518483270661448E-002
   18.00000     -8.378050172686659E-002
   19.00000     -8.239088986537597E-002
   20.00000     -8.101593553592891E-002
   21.00000     -7.965557694376536E-002
   22.00000     -7.830975208434073E-002
   23.00000     -7.697839874205976E-002
   24.00000     -7.566145448887580E-002
   25.00000     -7.435885668350041E-002
   26.00000     -7.307054247195345E-002
   27.00000     -7.179644878363352E-002
   28.00000     -7.053651231199821E-002
   29.00000     -6.929066951956393E-002
   30.00000     -6.805885677725722E-002
   31.00000     -6.684101044645942E-002
   32.00000     -6.563706605646953E-002
   33.00000     -6.444695706968513E-002
   34.00000     -6.327061832018994E-002
   35.00000     -6.210799561918114E-002
   36.00000     -6.095903817180932E-002
   37.00000     -5.982364816582676E-002
   38.00000     -5.870166570552433E-002
   39.00000     -5.759305564466345E-002
   40.00000     -5.649814356047723E-002
   41.00000     -5.541718547464093E-002
   42.00000     -5.434917442184713E-002
   43.00000     -5.329206802392085E-002
   44.00000     -5.224645771613733E-002
   45.00000     -5.121862846993779E-002
   46.00000     -5.021391121174097E-002
   47.00000     -4.922134848439307E-002
   48.00000     -4.821924473746868E-002
   49.00000     -4.720754061440559E-002
   50.00000     -4.622618088533299E-002
   51.00000     -4.534519381404666E-002
   52.00000     -4.450680599035488E-002
   53.00000     -4.355965649548411E-002
   54.00000     -4.253453303392594E-002
   55.00000     -4.149306831679396E-002
   56.00000     -4.052603668185288E-002
   57.00000     -4.003047082416591E-002
   58.00000     -3.925858592373350E-002
   59.00000     -3.824451220765494E-002
   60.00000     -3.721865292423687E-002
   61.00000     -3.620191042131626E-002
   62.00000     -3.519985287226519E-002
   63.00000     -3.422474892815731E-002
   64.00000     -3.388814211082172E-002
   65.00000     -3.322619612357104E-002
   66.00000     -3.227648486082904E-002
   67.00000     -3.134065746550890E-002
   68.00000     -3.042203584770908E-002
   69.00000     -2.952125664131124E-002
   70.00000     -2.863857144469523E-002
   71.00000     -2.777414019831850E-002
   72.00000     -2.692844865905199E-002
   73.00000     -2.633968369374244E-002
   74.00000     -2.609540991747205E-002
   75.00000     -2.528760877254868E-002
   76.00000     -2.449551085133393E-002
   77.00000     -2.372099850874888E-002
   78.00000     -2.296405455773590E-002
   79.00000     -2.222453926837159E-002
   80.00000     -2.150227684311883E-002
   81.00000     -2.079707276146868E-002
   82.00000     -2.010872037028189E-002
   83.00000     -1.943700564076064E-002
   84.00000     -1.878171587593059E-002
   85.00000     -1.814269025720645E-002
   86.00000     -1.755947227781220E-002
   87.00000     -1.751530976121582E-002
   88.00000     -1.691140488046190E-002
   89.00000     -1.631942324355259E-002
   90.00000     -1.574256309434727E-002
   91.00000     -1.518063165026451E-002
   92.00000     -1.463339065726448E-002
   93.00000     -1.410059358778452E-002
   94.00000     -1.358199162138081E-002
   95.00000     -1.307733547227352E-002
   96.00000     -1.258637623661538E-002
   97.00000     -1.210886591343734E-002
   98.00000     -1.164455778361760E-002
   99.00000     -1.119320671197482E-002
   100.0000     -1.075456940074377E-002
   101.0000     -1.032840461043754E-002
   102.0000     -9.914473361879957E-003
   103.0000     -9.512539139923707E-003
   104.0000     -9.122368146606462E-003
   105.0000     -8.743729755651330E-003
   106.0000     -8.376397821917094E-003
   107.0000     -8.020157283905292E-003
   108.0000     -7.674914485665946E-003
   109.0000     -7.547350911574663E-003
   110.0000     -7.339745489811290E-003
   111.0000     -7.015462465217000E-003
   112.0000     -6.701310368963883E-003
   113.0000     -6.397133523832726E-003
   114.0000     -6.102730692183636E-003
   115.0000     -5.817898208927026E-003
   116.0000     -5.542434043064457E-003
   117.0000     -5.276138652614473E-003
   118.0000     -5.018815231300440E-003
   119.0000     -4.770269785984587E-003
   120.0000     -4.530311153678041E-003
   121.0000     -4.298750992359108E-003
   122.0000     -4.075403758416229E-003
   123.0000     -3.860086676219690E-003
   124.0000     -3.652619702502277E-003
   125.0000     -3.452825487020047E-003
   126.0000     -3.260529330387471E-003
   127.0000     -3.075559139689760E-003
   128.0000     -2.897745382321894E-003
   129.0000     -2.726921038402019E-003
   130.0000     -2.562921552050287E-003
   131.0000     -2.405584781781220E-003
   132.0000     -2.254750950233904E-003
   133.0000     -2.110262593435496E-003
   134.0000     -1.971964509782521E-003
   135.0000     -1.839703708914972E-003
   136.0000     -1.713329360642160E-003
   137.0000     -1.592692744082336E-003
   138.0000     -1.477647197173155E-003
   139.0000     -1.368048066709621E-003
   140.0000     -1.263752659077488E-003
   141.0000     -1.164620191857619E-003
   142.0000     -1.070511746491352E-003
   143.0000     -9.812902222260560E-004
   144.0000     -8.968202915885732E-004
   145.0000     -8.169683576817332E-004
   146.0000     -7.416025136592592E-004
   147.0000     -6.705925048177070E-004
   148.0000     -6.038096938562172E-004
   149.0000     -5.411270300062818E-004
   150.0000     -4.824190229443964E-004
   151.0000     -4.275617226907366E-004
   152.0000     -3.764327071043945E-004
   153.0000     -3.289110791707911E-004
   154.0000     -2.848774771176250E-004
   155.0000     -2.442141016496298E-004
   156.0000     -2.068047664761394E-004
   157.0000     -1.725349812328710E-004
   158.0000     -1.412920805623895E-004
   159.0000     -1.129654208042848E-004
   160.0000     -8.744667891364990E-005
   161.0000     -6.463031184744507E-005
   162.0000     -4.441427943028726E-005
   163.0000     -2.670122459219356E-005
   164.0000     -1.140050601232699E-005
