  0.0000000E+00 -0.110817050157901     
   1.000000     -0.109155335233363     
   2.000000     -0.107509361862057     
   3.000000     -0.105879071856045     
   4.000000     -0.104264406839080     
   5.000000     -0.102665308245482     
   6.000000     -0.101081717319001     
   7.000000     -9.951357511168527E-002
   8.000000     -9.796082248273348E-002
   9.000000     -9.642340009734245E-002
   10.00000     -9.490124842554586E-002
   11.00000     -9.339430774105627E-002
   12.00000     -9.190251812010018E-002
   13.00000     -9.042581944021431E-002
   14.00000     -8.896415137909645E-002
   15.00000     -8.751745341339444E-002
   16.00000     -8.608566248430206E-002
   17.00000     -8.466872466244051E-002
   18.00000     -8.326657181447959E-002
   19.00000     -8.187914493409619E-002
   20.00000     -8.050638247466584E-002
   21.00000     -7.914822268126946E-002
   22.00000     -7.780460358944689E-002
   23.00000     -7.647546302395324E-002
   24.00000     -7.516073859734222E-002
   25.00000     -7.386036770905229E-002
   26.00000     -7.257428754599314E-002
   27.00000     -7.130243507979027E-002
   28.00000     -7.004474704820250E-002
   29.00000     -6.880115995103124E-002
   30.00000     -6.757161017605527E-002
   31.00000     -6.635603413306827E-002
   32.00000     -6.515436756454716E-002
   33.00000     -6.396654411417800E-002
   34.00000     -6.279249783407591E-002
   35.00000     -6.163217297366440E-002
   36.00000     -6.048552114693655E-002
   37.00000     -5.935245446076164E-002
   38.00000     -5.823281319329153E-002
   39.00000     -5.712652208785672E-002
   40.00000     -5.603386307983114E-002
   41.00000     -5.495518998267727E-002
   42.00000     -5.388974594218658E-002
   43.00000     -5.283543909207546E-002
   44.00000     -5.179206913508924E-002
   45.00000     -5.076515277641075E-002
   46.00000     -4.976143332783647E-002
   47.00000     -4.877343702225326E-002
   48.00000     -4.777887508941880E-002
   49.00000     -4.677152020553277E-002
   50.00000     -4.578320551074680E-002
   51.00000     -4.488464019904964E-002
   52.00000     -4.406023664091488E-002
   53.00000     -4.314236948967201E-002
   54.00000     -4.213206233413530E-002
   55.00000     -4.109495165670199E-002
   56.00000     -4.009442610132688E-002
   57.00000     -3.949174599516778E-002
   58.00000     -3.885960032181393E-002
   59.00000     -3.786650129521082E-002
   60.00000     -3.684711682676067E-002
   61.00000     -3.583488219390504E-002
   62.00000     -3.483635294195159E-002
   63.00000     -3.385743446424164E-002
   64.00000     -3.326164508466198E-002
   65.00000     -3.286544256094115E-002
   66.00000     -3.192440432136301E-002
   67.00000     -3.099249215500371E-002
   68.00000     -3.007740682020799E-002
   69.00000     -2.918003485797591E-002
   70.00000     -2.830067345993313E-002
   71.00000     -2.743947098091395E-002
   72.00000     -2.659663798908950E-002
   73.00000     -2.577864578679845E-002
   74.00000     -2.567461037169080E-002
   75.00000     -2.496238676605651E-002
   76.00000     -2.417367046986367E-002
   77.00000     -2.340232291288892E-002
   78.00000     -2.264848854549270E-002
   79.00000     -2.191204996465259E-002
   80.00000     -2.119283797055328E-002
   81.00000     -2.049066093704474E-002
   82.00000     -1.980531354657227E-002
   83.00000     -1.913658138096874E-002
   84.00000     -1.848424585868303E-002
   85.00000     -1.784809871555236E-002
   86.00000     -1.722809493205926E-002
   87.00000     -1.689146792421219E-002
   88.00000     -1.662246759640463E-002
   89.00000     -1.603366502585334E-002
   90.00000     -1.545973255456351E-002
   91.00000     -1.490069565011970E-002
   92.00000     -1.435633266289188E-002
   93.00000     -1.382640115580492E-002
   94.00000     -1.331065409299970E-002
   95.00000     -1.280884331696513E-002
   96.00000     -1.232072080748887E-002
   97.00000     -1.184603933510776E-002
   98.00000     -1.138455289043254E-002
   99.00000     -1.093601700711319E-002
   100.0000     -1.050018902307324E-002
   101.0000     -1.007682830061876E-002
   102.0000     -9.665696417644047E-003
   103.0000     -9.266557340578529E-003
   104.0000     -8.879177594152214E-003
   105.0000     -8.503326460664153E-003
   106.0000     -8.138776304499011E-003
   107.0000     -7.785303390725208E-003
   108.0000     -7.442691261545393E-003
   109.0000     -7.110761278789570E-003
   110.0000     -6.874855876362004E-003
   111.0000     -6.788724025287275E-003
   112.0000     -6.477595916001149E-003
   113.0000     -6.176227936136030E-003
   114.0000     -5.884621097701591E-003
   115.0000     -5.602583375791867E-003
   116.0000     -5.329915631346866E-003
   117.0000     -5.066419630061507E-003
   118.0000     -4.811899428710764E-003
   119.0000     -4.566161738991098E-003
   120.0000     -4.329016037877195E-003
   121.0000     -4.100274594818980E-003
   122.0000     -3.879752465490953E-003
   123.0000     -3.667267469669551E-003
   124.0000     -3.462640160417421E-003
   125.0000     -3.265693787922670E-003
   126.0000     -3.076254259742566E-003
   127.0000     -2.894150098478361E-003
   128.0000     -2.719212397552357E-003
   129.0000     -2.551274775572102E-003
   130.0000     -2.390173329662501E-003
   131.0000     -2.235746588081179E-003
   132.0000     -2.087835462399221E-003
   133.0000     -1.946283199505644E-003
   134.0000     -1.810935333684329E-003
   135.0000     -1.681639639005207E-003
   136.0000     -1.558246082278771E-003
   137.0000     -1.440606776835776E-003
   138.0000     -1.328575937409336E-003
   139.0000     -1.222009836434060E-003
   140.0000     -1.120766762110125E-003
   141.0000     -1.024706978648467E-003
   142.0000     -9.336926891828074E-004
   143.0000     -8.475880019440729E-004
   144.0000     -7.662589004332914E-004
   145.0000     -6.895732185193058E-004
   146.0000     -6.174006216445056E-004
   147.0000     -5.496125956819179E-004
   148.0000     -4.860824454738706E-004
   149.0000     -4.266853057794241E-004
   150.0000     -3.712981683455233E-004
   151.0000     -3.197999302573578E-004
   152.0000     -2.720714708571102E-004
   153.0000     -2.279957677647661E-004
   154.0000     -1.874580675853771E-004
   155.0000     -1.503461350062452E-004
   156.0000     -1.165506174883484E-004
   157.0000     -8.596558616292695E-005
   158.0000     -5.848935615468080E-005
   159.0000     -3.402577189211208E-005
   160.0000     -1.248631432979541E-005
