  0.0000000E+00 -0.106442191901833     
   1.000000     -0.104796953528090     
   2.000000     -0.103167507178482     
   3.000000     -0.101553794969211     
   4.000000     -9.995575883054283E-002
   5.000000     -9.837334050571320E-002
   6.000000     -9.680648154977839E-002
   7.000000     -9.525512332856279E-002
   8.000000     -9.371920701747893E-002
   9.000000     -9.219867360043665E-002
   10.00000     -9.069346386869520E-002
   11.00000     -8.920351841972829E-002
   12.00000     -8.772877765607497E-002
   13.00000     -8.626918178419365E-002
   14.00000     -8.482467081330725E-002
   15.00000     -8.339518455423262E-002
   16.00000     -8.198066261822157E-002
   17.00000     -8.058104441578590E-002
   18.00000     -7.919626915551464E-002
   19.00000     -7.782627584289614E-002
   20.00000     -7.647100327912532E-002
   21.00000     -7.513039005990957E-002
   22.00000     -7.380437457427941E-002
   23.00000     -7.249289500339645E-002
   24.00000     -7.119588931926840E-002
   25.00000     -6.991329528328449E-002
   26.00000     -6.864505044560676E-002
   27.00000     -6.739109214692729E-002
   28.00000     -6.615135751476336E-002
   29.00000     -6.492578343586569E-002
   30.00000     -6.371430654817301E-002
   31.00000     -6.251686341651869E-002
   32.00000     -6.133339075290523E-002
   33.00000     -6.016382458156067E-002
   34.00000     -5.900809817020319E-002
   35.00000     -5.786614429825521E-002
   36.00000     -5.673790769405307E-002
   37.00000     -5.562334751138043E-002
   38.00000     -5.452238676753585E-002
   39.00000     -5.343485052996899E-002
   40.00000     -5.236059370406504E-002
   41.00000     -5.129985485117872E-002
   42.00000     -5.025319892824556E-002
   43.00000     -4.922033121118446E-002
   44.00000     -4.819905753302911E-002
   45.00000     -4.718756475174546E-002
   46.00000     -4.618944074167750E-002
   47.00000     -4.521376403322944E-002
   48.00000     -4.426193512419427E-002
   49.00000     -4.331374005641633E-002
   50.00000     -4.234853076991899E-002
   51.00000     -4.137674985544940E-002
   52.00000     -4.044951826717166E-002
   53.00000     -3.964357104187624E-002
   54.00000     -3.885293409983434E-002
   55.00000     -3.793530412422785E-002
   56.00000     -3.695263469453627E-002
   57.00000     -3.595887422499527E-002
   58.00000     -3.500649924767785E-002
   59.00000     -3.447934954496729E-002
   60.00000     -3.386309838856499E-002
   61.00000     -3.291600523209409E-002
   62.00000     -3.195434353823312E-002
   63.00000     -3.100254044380917E-002
   64.00000     -3.006525558647694E-002
   65.00000     -2.914508711151216E-002
   66.00000     -2.826834122153953E-002
   67.00000     -2.811208474157152E-002
   68.00000     -2.734219272293291E-002
   69.00000     -2.647416799406535E-002
   70.00000     -2.562200926350530E-002
   71.00000     -2.478722688653483E-002
   72.00000     -2.397011871760272E-002
   73.00000     -2.317075957061910E-002
   74.00000     -2.238914817351012E-002
   75.00000     -2.162528765239629E-002
   76.00000     -2.087971035199312E-002
   77.00000     -2.048459019497697E-002
   78.00000     -2.014737193643137E-002
   79.00000     -1.943663426731401E-002
   80.00000     -1.874201220045626E-002
   81.00000     -1.806413987909548E-002
   82.00000     -1.740290442606326E-002
   83.00000     -1.675812038563168E-002
   84.00000     -1.612957999227410E-002
   85.00000     -1.551706416921717E-002
   86.00000     -1.492034661123642E-002
   87.00000     -1.433919603529784E-002
   88.00000     -1.377337795347972E-002
   89.00000     -1.322265688874846E-002
   90.00000     -1.268680181962900E-002
   91.00000     -1.216561718508068E-002
   92.00000     -1.166117796883856E-002
   93.00000     -1.161788182540901E-002
   94.00000     -1.116546116490085E-002
   95.00000     -1.068666323128657E-002
   96.00000     -1.022141612224778E-002
   97.00000     -9.769542458080331E-003
   98.00000     -9.330813987859435E-003
   99.00000     -8.904995859236752E-003
   100.0000     -8.491852735069310E-003
   101.0000     -8.091150430357123E-003
   102.0000     -7.702656562971464E-003
   103.0000     -7.326140897855985E-003
   104.0000     -6.961375568372574E-003
   105.0000     -6.608135236644067E-003
   106.0000     -6.266197217595811E-003
   107.0000     -5.935341578165487E-003
   108.0000     -5.615351217802874E-003
   109.0000     -5.306011933997364E-003
   110.0000     -5.007112475397536E-003
   111.0000     -4.718444584477473E-003
   112.0000     -4.439803031366094E-003
   113.0000     -4.170985640249798E-003
   114.0000     -3.911793309714892E-003
   115.0000     -3.662030028381840E-003
   116.0000     -3.421502887381390E-003
   117.0000     -3.190022091640620E-003
   118.0000     -2.967400972955223E-003
   119.0000     -2.753456010217665E-003
   120.0000     -2.548006868364729E-003
   121.0000     -2.350876485715641E-003
   122.0000     -2.161891301792489E-003
   123.0000     -1.980881990613759E-003
   124.0000     -1.807686811176936E-003
   125.0000     -1.642185020961826E-003
   126.0000     -1.536318235620349E-003
   127.0000     -1.483732847649967E-003
   128.0000     -1.333132983454944E-003
   129.0000     -1.189545904370242E-003
   130.0000     -1.052955743547256E-003
   131.0000     -9.232246986938293E-004
   132.0000     -8.002106102250606E-004
   133.0000     -6.837733934199640E-004
   134.0000     -5.737763999754162E-004
   135.0000     -4.700870265954666E-004
   136.0000     -3.725772093732343E-004
   137.0000     -2.811239758995672E-004
   138.0000     -1.956101438594728E-004
   139.0000     -1.159252521930356E-004
   140.0000     -4.196684147798837E-005
