  0.0000000E+00 -0.112303594020010     
   1.000000     -0.110636318502641     
   2.000000     -0.108984767886699     
   3.000000     -0.107348883890085     
   4.000000     -0.105728608041807     
   5.000000     -0.104123881680819     
   6.000000     -0.102534645954937     
   7.000000     -0.100960841819643     
   8.000000     -9.940241003698404E-002
   9.000000     -9.785929117438764E-002
   10.00000     -9.633142560353028E-002
   11.00000     -9.481875349913518E-002
   12.00000     -9.332121483783655E-002
   13.00000     -9.183874939697940E-002
   14.00000     -9.037129675344704E-002
   15.00000     -8.891879628245514E-002
   16.00000     -8.748118715636916E-002
   17.00000     -8.605840834351450E-002
   18.00000     -8.465039687392323E-002
   19.00000     -8.325709650313950E-002
   20.00000     -8.187844038105681E-002
   21.00000     -8.051436838060276E-002
   22.00000     -7.916481843157228E-002
   23.00000     -7.782972825230347E-002
   24.00000     -7.650903534834222E-002
   25.00000     -7.520267701184122E-002
   26.00000     -7.391059032190253E-002
   27.00000     -7.263271213847353E-002
   28.00000     -7.136897908319792E-002
   29.00000     -7.011932756241143E-002
   30.00000     -6.888369392051172E-002
   31.00000     -6.766201440796096E-002
   32.00000     -6.645422416881278E-002
   33.00000     -6.526025653023013E-002
   34.00000     -6.408004798162184E-002
   35.00000     -6.291354641131816E-002
   36.00000     -6.176069471702142E-002
   37.00000     -6.062137868386572E-002
   38.00000     -5.949544836833284E-002
   39.00000     -5.838294561670701E-002
   40.00000     -5.728423954299364E-002
   41.00000     -5.619935561581738E-002
   42.00000     -5.512690238939458E-002
   43.00000     -5.406516639117076E-002
   44.00000     -5.301622875936474E-002
   45.00000     -5.198712941068181E-002
   46.00000     -5.097969200535096E-002
   47.00000     -4.997781606956450E-002
   48.00000     -4.896346636814289E-002
   49.00000     -4.794802103539003E-002
   50.00000     -4.698489251576138E-002
   51.00000     -4.612594827460320E-002
   52.00000     -4.524901405839130E-002
   53.00000     -4.425897092161285E-002
   54.00000     -4.321418135570382E-002
   55.00000     -4.217303940325953E-002
   56.00000     -4.134220179821374E-002
   57.00000     -4.086231384391001E-002
   58.00000     -3.991755678953510E-002
   59.00000     -3.888208754457728E-002
   60.00000     -3.784672397576587E-002
   61.00000     -3.682286445008795E-002
   62.00000     -3.581617381696234E-002
   63.00000     -3.501551583802363E-002
   64.00000     -3.478350534083716E-002
   65.00000     -3.383014795498697E-002
   66.00000     -3.287178325110553E-002
   67.00000     -3.192966445844990E-002
   68.00000     -3.100514454215321E-002
   69.00000     -3.009864674891706E-002
   70.00000     -2.921038965103399E-002
   71.00000     -2.834066378021953E-002
   72.00000     -2.750259606614010E-002
   73.00000     -2.743083205868815E-002
   74.00000     -2.665287832124205E-002
   75.00000     -2.583771142028003E-002
   76.00000     -2.504014856018447E-002
   77.00000     -2.426032929066555E-002
   78.00000     -2.349814763234807E-002
   79.00000     -2.275344474760831E-002
   80.00000     -2.202603777363620E-002
   81.00000     -2.131572898065105E-002
   82.00000     -2.062231145416547E-002
   83.00000     -1.994557842741605E-002
   84.00000     -1.928537567726366E-002
   85.00000     -1.868333574558388E-002
   86.00000     -1.863702832982090E-002
   87.00000     -1.801251382049218E-002
   88.00000     -1.740015920344500E-002
   89.00000     -1.680319512806916E-002
   90.00000     -1.622143053074340E-002
   91.00000     -1.565462716409062E-002
   92.00000     -1.510253781219563E-002
   93.00000     -1.456491247619150E-002
   94.00000     -1.404150029041908E-002
   95.00000     -1.353205042776251E-002
   96.00000     -1.303631266666462E-002
   97.00000     -1.255403781010137E-002
   98.00000     -1.208497802454069E-002
   99.00000     -1.162888713002370E-002
   100.0000     -1.118552086232650E-002
   101.0000     -1.075463713318585E-002
   102.0000     -1.033599634568724E-002
   103.0000     -9.929361948135032E-003
   104.0000     -9.534502045599377E-003
   105.0000     -9.151198086058880E-003
   106.0000     -8.779453673779764E-003
   107.0000     -8.685488951508700E-003
   108.0000     -8.418018283942012E-003
   109.0000     -8.067991967040632E-003
   110.0000     -7.728546841985909E-003
   111.0000     -7.399505812337340E-003
   112.0000     -7.080659769947014E-003
   113.0000     -6.771798031662912E-003
   114.0000     -6.472711708003013E-003
   115.0000     -6.183194460900225E-003
   116.0000     -5.903042735217631E-003
   117.0000     -5.632055837862426E-003
   118.0000     -5.370035960441607E-003
   119.0000     -5.116788176421856E-003
   120.0000     -4.872120424627252E-003
   121.0000     -4.635843484279792E-003
   122.0000     -4.407770944178217E-003
   123.0000     -4.187719167472809E-003
   124.0000     -3.975507252960328E-003
   125.0000     -3.770956993523978E-003
   126.0000     -3.573892832205505E-003
   127.0000     -3.384141816277469E-003
   128.0000     -3.201533549641676E-003
   129.0000     -3.025900143812352E-003
   130.0000     -2.857076167726639E-003
   131.0000     -2.694898596584735E-003
   132.0000     -2.539206759905594E-003
   133.0000     -2.389842288964777E-003
   134.0000     -2.246649063759423E-003
   135.0000     -2.109473159637761E-003
   136.0000     -1.978162793708580E-003
   137.0000     -1.852568271144351E-003
   138.0000     -1.732541931468834E-003
   139.0000     -1.617938094924450E-003
   140.0000     -1.508613008991013E-003
   141.0000     -1.404424795131995E-003
   142.0000     -1.305233395828121E-003
   143.0000     -1.210900521957680E-003
   144.0000     -1.121289600573145E-003
   145.0000     -1.036265723119815E-003
   146.0000     -9.556955941380008E-004
   147.0000     -8.794474804846244E-004
   148.0000     -8.073911611077546E-004
   149.0000     -7.393978774049685E-004
   150.0000     -6.753402841911399E-004
   151.0000     -6.150924013060448E-004
   152.0000     -5.585295658827615E-004
   153.0000     -5.055283853070934E-004
   154.0000     -4.559666908931104E-004
   155.0000     -4.097234923068835E-004
   156.0000     -3.666789327741654E-004
   157.0000     -3.267142451181678E-004
   158.0000     -2.897117086819783E-004
   159.0000     -2.555546072138813E-004
   160.0000     -2.241271878148274E-004
   161.0000     -1.953146210893773E-004
   162.0000     -1.690029626959258E-004
   163.0000     -1.450791165785017E-004
   164.0000     -1.234308002878403E-004
   165.0000     -1.039465130000763E-004
   166.0000     -8.651550715299646E-005
   167.0000     -7.102776513002869E-005
   168.0000     -5.737398327812601E-005
   169.0000     -4.544556703294819E-005
   170.0000     -3.513464363217899E-005
   171.0000     -2.633410407383188E-005
   172.0000     -1.893769652307307E-005
   173.0000     -1.284021660363489E-005
   174.0000     -7.937896636928019E-006
   175.0000     -4.129254259256265E-006
   176.0000     -1.317203071093231E-006
