  0.0000000E+00 -0.112089974457015     
   1.000000     -0.110423496839371     
   2.000000     -0.108772746500946     
   3.000000     -0.107137665172864     
   4.000000     -0.105518194397486     
   5.000000     -0.103914275527188     
   6.000000     -0.102325849723265     
   7.000000     -0.100752857954793     
   8.000000     -9.919524099745979E-002
   9.000000     -9.765293943243777E-002
   10.00000     -9.612589364520838E-002
   11.00000     -9.461404382440262E-002
   12.00000     -9.311732996062061E-002
   13.00000     -9.163569184527703E-002
   14.00000     -9.016906906937366E-002
   15.00000     -8.871740102235499E-002
   16.00000     -8.728062689088167E-002
   17.00000     -8.585868565764648E-002
   18.00000     -8.445151610013801E-002
   19.00000     -8.305905678946501E-002
   20.00000     -8.168124608909938E-002
   21.00000     -8.031802215368633E-002
   22.00000     -7.896932292777947E-002
   23.00000     -7.763508614458564E-002
   24.00000     -7.631524932457884E-002
   25.00000     -7.500974977486785E-002
   26.00000     -7.371852458960704E-002
   27.00000     -7.244151064439969E-002
   28.00000     -7.117864457693318E-002
   29.00000     -6.992986280561969E-002
   30.00000     -6.869510168090137E-002
   31.00000     -6.747429748205014E-002
   32.00000     -6.626738544279587E-002
   33.00000     -6.507429889962757E-002
   34.00000     -6.389497393070942E-002
   35.00000     -6.272935803030116E-002
   36.00000     -6.157739578314186E-002
   37.00000     -6.043897659294822E-002
   38.00000     -5.931394702527282E-002
   39.00000     -5.820233060596208E-002
   40.00000     -5.710449047618860E-002
   41.00000     -5.602051155260479E-002
   42.00000     -5.494908335155613E-002
   43.00000     -5.388838900056364E-002
   44.00000     -5.284015887684201E-002
   45.00000     -5.181133281183195E-002
   46.00000     -5.080465042913251E-002
   47.00000     -4.980505965518867E-002
   48.00000     -4.879340766493004E-002
   49.00000     -4.777836734897078E-002
   50.00000     -4.681039776514823E-002
   51.00000     -4.594768945777242E-002
   52.00000     -4.508077912111103E-002
   53.00000     -4.409973664494157E-002
   54.00000     -4.305888785322734E-002
   55.00000     -4.201651850897231E-002
   56.00000     -4.114476792580168E-002
   57.00000     -4.068354125667054E-002
   58.00000     -3.976800346574921E-002
   59.00000     -3.873651848133330E-002
   60.00000     -3.770320646675254E-002
   61.00000     -3.668091682526162E-002
   62.00000     -3.567503841409780E-002
   63.00000     -3.479061930533725E-002
   64.00000     -3.462304548241180E-002
   65.00000     -3.369236811415943E-002
   66.00000     -3.273573798254192E-002
   67.00000     -3.179503286547428E-002
   68.00000     -3.087185348678192E-002
   69.00000     -2.996665789851241E-002
   70.00000     -2.907966748581405E-002
   71.00000     -2.821111976308457E-002
   72.00000     -2.736444047528989E-002
   73.00000     -2.718803986126242E-002
   74.00000     -2.652576293913253E-002
   75.00000     -2.571196829533642E-002
   76.00000     -2.491564095567113E-002
   77.00000     -2.413703088723814E-002
   78.00000     -2.337604418022621E-002
   79.00000     -2.263252519014045E-002
   80.00000     -2.190629235502738E-002
   81.00000     -2.119714850016544E-002
   82.00000     -2.050488644897549E-002
   83.00000     -1.982929639959614E-002
   84.00000     -1.917019719548476E-002
   85.00000     -1.852851748227509E-002
   86.00000     -1.842118645340899E-002
   87.00000     -1.789959486732000E-002
   88.00000     -1.728841535076169E-002
   89.00000     -1.669257966275281E-002
   90.00000     -1.611193269197023E-002
   91.00000     -1.554624053686662E-002
   92.00000     -1.499525723777079E-002
   93.00000     -1.445873340080099E-002
   94.00000     -1.393641856512997E-002
   95.00000     -1.342806222907400E-002
   96.00000     -1.293341445757064E-002
   97.00000     -1.245222631660431E-002
   98.00000     -1.198425021786925E-002
   99.00000     -1.152924020908194E-002
   100.0000     -1.108695223055036E-002
   101.0000     -1.065714435825042E-002
   102.0000     -1.023957706987567E-002
   103.0000     -9.834013635103613E-003
   104.0000     -9.440221016311513E-003
   105.0000     -9.057973443844576E-003
   106.0000     -8.687084712835693E-003
   107.0000     -8.425829433627482E-003
   108.0000     -8.326742703834451E-003
   109.0000     -7.977970535537832E-003
   110.0000     -7.639603630915259E-003
   111.0000     -7.311631487155577E-003
   112.0000     -6.993852198413733E-003
   113.0000     -6.686056571044848E-003
   114.0000     -6.388036291253370E-003
   115.0000     -6.099585358066722E-003
   116.0000     -5.820500471370308E-003
   117.0000     -5.550581159018207E-003
   118.0000     -5.289629817211506E-003
   119.0000     -5.037451715158850E-003
   120.0000     -4.793854982111313E-003
   121.0000     -4.558650584230511E-003
   122.0000     -4.331652294795844E-003
   123.0000     -4.112676659610135E-003
   124.0000     -3.901542958708602E-003
   125.0000     -3.698073165107150E-003
   126.0000     -3.502091901105843E-003
   127.0000     -3.313426392565810E-003
   128.0000     -3.131906421484304E-003
   129.0000     -2.957364277152371E-003
   130.0000     -2.789634706129796E-003
   131.0000     -2.628554861257109E-003
   132.0000     -2.473964249887670E-003
   133.0000     -2.325704681509850E-003
   134.0000     -2.183620214912083E-003
   135.0000     -2.047557105024987E-003
   136.0000     -1.917363749565684E-003
   137.0000     -1.792890635595290E-003
   138.0000     -1.673990286092926E-003
   139.0000     -1.560517206635672E-003
   140.0000     -1.452327832272916E-003
   141.0000     -1.349280474669523E-003
   142.0000     -1.251235269591038E-003
   143.0000     -1.158054124797849E-003
   144.0000     -1.069600668409317E-003
   145.0000     -9.857401978008962E-004
   146.0000     -9.063396290902288E-004
   147.0000     -8.312674472718783E-004
   148.0000     -7.603936570621321E-004
   149.0000     -6.935897345163968E-004
   150.0000     -6.307285794920777E-004
   151.0000     -5.716844690367220E-004
   152.0000     -5.163330117974468E-004
   153.0000     -4.645511035696662E-004
   154.0000     -4.162168841290449E-004
   155.0000     -3.712096955342266E-004
   156.0000     -3.294100421447874E-004
   157.0000     -2.906995526776647E-004
   158.0000     -2.549609447427299E-004
   159.0000     -2.220779924620861E-004
   160.0000     -1.919354980227024E-004
   161.0000     -1.644192683735818E-004
   162.0000     -1.394160988334988E-004
   163.0000     -1.168137662381642E-004
   164.0000     -9.650103564217686E-005
   165.0000     -7.836768688619376E-005
   166.0000     -6.230457128224587E-005
   167.0000     -4.820371574967595E-005
   168.0000     -3.595850511492872E-005
   169.0000     -2.546400026651191E-005
   170.0000     -1.661750876763508E-005
   171.0000     -9.319667347765378E-006
   172.0000     -3.476695266469442E-006
