  0.0000000E+00 -0.103588083078828     
   1.000000     -0.101953685873676     
   2.000000     -0.100335114848176     
   3.000000     -9.873231234026722E-002
   4.000000     -9.714522050405069E-002
   5.000000     -9.557378130870739E-002
   6.000000     -9.401793653743010E-002
   7.000000     -9.247762778633932E-002
   8.000000     -9.095279646338576E-002
   9.000000     -8.944338378727705E-002
   10.00000     -8.794933078635007E-002
   11.00000     -8.647057829749343E-002
   12.00000     -8.500706696503267E-002
   13.00000     -8.355873723961225E-002
   14.00000     -8.212552937708538E-002
   15.00000     -8.070738343738064E-002
   16.00000     -7.930423928339496E-002
   17.00000     -7.791603657984707E-002
   18.00000     -7.654271479215173E-002
   19.00000     -7.518421318527739E-002
   20.00000     -7.384047082261107E-002
   21.00000     -7.251142656480102E-002
   22.00000     -7.119701906862151E-002
   23.00000     -6.989718678583266E-002
   24.00000     -6.861186796202910E-002
   25.00000     -6.734100063525715E-002
   26.00000     -6.608452263463875E-002
   27.00000     -6.484237158114141E-002
   28.00000     -6.361448489031794E-002
   29.00000     -6.240079975953954E-002
   30.00000     -6.120125312576327E-002
   31.00000     -6.001578170284569E-002
   32.00000     -5.884432228725298E-002
   33.00000     -5.768681185238830E-002
   34.00000     -5.654318593574284E-002
   35.00000     -5.541337643212199E-002
   36.00000     -5.429731714922706E-002
   37.00000     -5.319495996434989E-002
   38.00000     -5.210626845905306E-002
   39.00000     -5.103114586398275E-002
   40.00000     -4.996938162001244E-002
   41.00000     -4.892085215392250E-002
   42.00000     -4.788592147696205E-002
   43.00000     -4.686524116421997E-002
   44.00000     -4.585831331990242E-002
   45.00000     -4.486253680190722E-002
   46.00000     -4.387604571401441E-002
   47.00000     -4.290305386308005E-002
   48.00000     -4.195364696926668E-002
   49.00000     -4.102964173369092E-002
   50.00000     -4.010938595238878E-002
   51.00000     -3.917032178208457E-002
   52.00000     -3.822100318939906E-002
   53.00000     -3.730765826394328E-002
   54.00000     -3.651694601245023E-002
   55.00000     -3.577521678435636E-002
   56.00000     -3.490225355564081E-002
   57.00000     -3.395440457729915E-002
   58.00000     -3.299084132697702E-002
   59.00000     -3.204327977012567E-002
   60.00000     -3.131788883207035E-002
   61.00000     -3.093092256427205E-002
   62.00000     -3.006074282950669E-002
   63.00000     -2.913765010788649E-002
   64.00000     -2.822206990448076E-002
   65.00000     -2.732042937521434E-002
   66.00000     -2.643487429787985E-002
   67.00000     -2.556751122363365E-002
   68.00000     -2.482697587368009E-002
   69.00000     -2.468222708902558E-002
   70.00000     -2.387170957773462E-002
   71.00000     -2.305568439057983E-002
   72.00000     -2.225617172374789E-002
   73.00000     -2.147397605567710E-002
   74.00000     -2.070923780278785E-002
   75.00000     -1.996194945292366E-002
   76.00000     -1.923204579996977E-002
   77.00000     -1.851944477484594E-002
   78.00000     -1.782415475941993E-002
   79.00000     -1.715206754120069E-002
   80.00000     -1.707898236790017E-002
   81.00000     -1.648217761604743E-002
   82.00000     -1.583728112395718E-002
   83.00000     -1.520848493714364E-002
   84.00000     -1.459579426516587E-002
   85.00000     -1.399903243567633E-002
   86.00000     -1.341798988044918E-002
   87.00000     -1.285244483598725E-002
   88.00000     -1.230216908448568E-002
   89.00000     -1.176693039747922E-002
   90.00000     -1.124649395961901E-002
   91.00000     -1.074062341652649E-002
   92.00000     -1.024908183515062E-002
   93.00000     -9.771632917052379E-003
   94.00000     -9.308043551731609E-003
   95.00000     -8.858094081834850E-003
   96.00000     -8.421690276993347E-003
   97.00000     -8.175200864511825E-003
   98.00000     -7.997387281327772E-003
   99.00000     -7.587142697632904E-003
   100.0000     -7.189297362051464E-003
   101.0000     -6.803861479669880E-003
   102.0000     -6.430630040047133E-003
   103.0000     -6.069383408456076E-003
   104.0000     -5.719900713639326E-003
   105.0000     -5.381962520034062E-003
   106.0000     -5.055351676344193E-003
   107.0000     -4.739853685195108E-003
   108.0000     -4.435256907944565E-003
   109.0000     -4.141352700001933E-003
   110.0000     -3.857935511706177E-003
   111.0000     -3.584802969927540E-003
   112.0000     -3.321755948077403E-003
   113.0000     -3.068598629130423E-003
   114.0000     -2.825138564925752E-003
   115.0000     -2.591186734438619E-003
   116.0000     -2.366557603544845E-003
   117.0000     -2.151069188846564E-003
   118.0000     -1.944543128354815E-003
   119.0000     -1.746804762209540E-003
   120.0000     -1.557683227182065E-003
   121.0000     -1.377011569485883E-003
   122.0000     -1.204626881496193E-003
   123.0000     -1.040370469445018E-003
   124.0000     -8.840880611729136E-004
   125.0000     -7.356300658282889E-004
   126.0000     -5.948519013487380E-004
   127.0000     -4.616144112157961E-004
   128.0000     -3.357844002235232E-004
   129.0000     -2.172353312946145E-004
   130.0000     -1.058482441649056E-004
   131.0000     -1.512986297922738E-006
