  0.0000000E+00 -7.998717435428519E-002
   1.000000     -7.905455588530434E-002
   2.000000     -7.812881689086555E-002
   3.000000     -7.720993753585122E-002
   4.000000     -7.629789793502723E-002
   5.000000     -7.539267815288049E-002
   6.000000     -7.449425820332796E-002
   7.000000     -7.360261804950437E-002
   8.000000     -7.271773760352115E-002
   9.000000     -7.183959672622943E-002
   10.00000     -7.096817522697960E-002
   11.00000     -7.010345286338356E-002
   12.00000     -6.924540934107333E-002
   13.00000     -6.839402431345563E-002
   14.00000     -6.754927738144369E-002
   15.00000     -6.671114809340749E-002
   16.00000     -6.587961594511368E-002
   17.00000     -6.505466037473040E-002
   18.00000     -6.423626076891593E-002
   19.00000     -6.342439653328419E-002
   20.00000     -6.261904687775348E-002
   21.00000     -6.182019021796323E-002
   22.00000     -6.102780763597953E-002
   23.00000     -6.024188468509803E-002
   24.00000     -5.946237655208138E-002
   25.00000     -5.868923352786123E-002
   26.00000     -5.792264319479250E-002
   27.00000     -5.716262056609062E-002
   28.00000     -5.640788657281330E-002
   29.00000     -5.565915077173215E-002
   30.00000     -5.492236672336539E-002
   31.00000     -5.419102916720638E-002
   32.00000     -5.344574179714817E-002
   33.00000     -5.271916879293349E-002
   34.00000     -5.206813152551009E-002
   35.00000     -5.135626839795331E-002
   36.00000     -5.053384380693401E-002
   37.00000     -4.984405311172938E-002
   38.00000     -4.942790893000261E-002
   39.00000     -4.858451763949671E-002
   40.00000     -4.765005924010503E-002
   41.00000     -4.675926463222638E-002
   42.00000     -4.661853266878403E-002
   43.00000     -4.573000010861861E-002
   44.00000     -4.477707558031423E-002
   45.00000     -4.382669903169463E-002
   46.00000     -4.292194841896160E-002
   47.00000     -4.286378256565197E-002
   48.00000     -4.194251727541272E-002
   49.00000     -4.101411357906126E-002
   50.00000     -4.009535666174265E-002
   51.00000     -3.918733298442385E-002
   52.00000     -3.845317444014681E-002
   53.00000     -3.828937933261847E-002
   54.00000     -3.740539801933409E-002
   55.00000     -3.653310505270168E-002
   56.00000     -3.567360248498965E-002
   57.00000     -3.482724363531708E-002
   58.00000     -3.399431408431088E-002
   59.00000     -3.333059684980432E-002
   60.00000     -3.317456067925575E-002
   61.00000     -3.236921400062753E-002
   62.00000     -3.157749701531761E-002
   63.00000     -3.079970872928791E-002
   64.00000     -3.003590027941455E-002
   65.00000     -2.928608588568193E-002
   66.00000     -2.855025410448352E-002
   67.00000     -2.782839402422076E-002
   68.00000     -2.750692184288760E-002
   69.00000     -2.712027723374863E-002
   70.00000     -2.642609532295542E-002
   71.00000     -2.574560185410732E-002
   72.00000     -2.507870850144577E-002
   73.00000     -2.442529711164253E-002
   74.00000     -2.378523667173144E-002
   75.00000     -2.315838601063080E-002
   76.00000     -2.254459541015895E-002
   77.00000     -2.194370825627510E-002
   78.00000     -2.135556617393915E-002
   79.00000     -2.093413736339896E-002
   80.00000     -2.077992332890218E-002
   81.00000     -2.021676996946893E-002
   82.00000     -1.966580294536964E-002
   83.00000     -1.912686909129808E-002
   84.00000     -1.859978650115778E-002
   85.00000     -1.808436994277736E-002
   86.00000     -1.758043244518952E-002
   87.00000     -1.708778595394415E-002
   88.00000     -1.660624180648490E-002
   89.00000     -1.613561113447812E-002
   90.00000     -1.567570522087415E-002
   91.00000     -1.522633582642760E-002
   92.00000     -1.478731550936779E-002
   93.00000     -1.435845803645772E-002
   94.00000     -1.393957978552091E-002
   95.00000     -1.355336626092349E-002
   96.00000     -1.353037604691663E-002
   97.00000     -1.313100090684498E-002
   98.00000     -1.274095581923430E-002
   99.00000     -1.236016018763476E-002
   100.0000     -1.198843865799533E-002
   101.0000     -1.162561690398251E-002
   102.0000     -1.127152261291055E-002
   103.0000     -1.092598569831268E-002
   104.0000     -1.058883840092277E-002
   105.0000     -1.025991535613096E-002
   106.0000     -9.939053644642315E-003
   107.0000     -9.626092831553986E-003
   108.0000     -9.320874996119456E-003
   109.0000     -9.023244753509756E-003
   110.0000     -8.733049269502061E-003
   111.0000     -8.450138268833075E-003
   112.0000     -8.174364037861623E-003
   113.0000     -7.905581422107866E-003
   114.0000     -7.643647819189104E-003
   115.0000     -7.388423167640465E-003
   116.0000     -7.139769932088232E-003
   117.0000     -6.897553085266578E-003
   118.0000     -6.661640087466713E-003
   119.0000     -6.431900864324451E-003
   120.0000     -6.208207784897821E-003
   121.0000     -5.990435645863445E-003
   122.0000     -5.778461686347670E-003
   123.0000     -5.572165798792173E-003
   124.0000     -5.371434600703775E-003
   125.0000     -5.297064742298597E-003
   126.0000     -5.176125932338314E-003
   127.0000     -4.986164514671090E-003
   128.0000     -4.801418667144769E-003
   129.0000     -4.621781158716008E-003
   130.0000     -4.447145064940831E-003
   131.0000     -4.277405347712711E-003
   132.0000     -4.112458968410049E-003
   133.0000     -3.952204881028504E-003
   134.0000     -3.796544002607940E-003
   135.0000     -3.645379177439857E-003
   136.0000     -3.498615139169291E-003
   137.0000     -3.356158472133503E-003
   138.0000     -3.217917572457996E-003
   139.0000     -3.083802609158604E-003
   140.0000     -2.953725485389851E-003
   141.0000     -2.827599799926484E-003
   142.0000     -2.705340808944013E-003
   143.0000     -2.586865388145883E-003
   144.0000     -2.472091995278391E-003
   145.0000     -2.360940633065921E-003
   146.0000     -2.253332812599087E-003
   147.0000     -2.149191517193714E-003
   148.0000     -2.048441166748897E-003
   149.0000     -1.951007582617750E-003
   150.0000     -1.856817953009549E-003
   151.0000     -1.765800798934635E-003
   152.0000     -1.677885940705645E-003
   153.0000     -1.593004465003422E-003
   154.0000     -1.511088692517370E-003
   155.0000     -1.432072146166389E-003
   156.0000     -1.355889519906968E-003
   157.0000     -1.282476648133125E-003
   158.0000     -1.211770475673926E-003
   159.0000     -1.143709028391254E-003
   160.0000     -1.078231384382565E-003
   161.0000     -1.015277645793334E-003
   162.0000     -9.547889112416760E-004
   163.0000     -8.967072488619370E-004
   164.0000     -8.409756699724708E-004
   165.0000     -7.875381033738635E-004
   166.0000     -7.363393702891991E-004
   167.0000     -6.873251599554830E-004
   168.0000     -6.404420058816265E-004
   169.0000     -5.956372627933167E-004
   170.0000     -5.528590842844999E-004
   171.0000     -5.120564012100091E-004
   172.0000     -4.731789008532238E-004
   173.0000     -4.361770069187615E-004
   174.0000     -4.010018604103085E-004
   175.0000     -3.676053014703715E-004
   176.0000     -3.359398522804557E-004
   177.0000     -3.059587011465775E-004
   178.0000     -2.776156879312477E-004
   179.0000     -2.508652910397133E-004
   180.0000     -2.256626162313259E-004
   181.0000     -2.019633876104694E-004
   182.0000     -1.797239412675300E-004
   183.0000     -1.589012221989060E-004
   184.0000     -1.394527853592318E-004
   185.0000     -1.213368020184217E-004
   186.0000     -1.045120730597568E-004
   187.0000     -8.893805154717353E-005
   188.0000     -7.457487793761208E-005
   189.0000     -6.138343295436869E-005
   190.0000     -4.932541577567080E-005
   191.0000     -3.836345959530140E-005
   192.0000     -2.846130426693178E-005
   193.0000     -1.958405973487650E-005
   194.0000     -1.169862110815121E-005
   195.0000     -4.774353065384670E-006
