  0.0000000E+00 -7.609022992933258E-002
   1.000000     -7.516905690772199E-002
   2.000000     -7.425479066885363E-002
   3.000000     -7.334741150546885E-002
   4.000000     -7.244689966098906E-002
   5.000000     -7.155323532928914E-002
   6.000000     -7.066639865448035E-002
   7.000000     -6.978636973066978E-002
   8.000000     -6.891312860173397E-002
   9.000000     -6.804665526108314E-002
   10.00000     -6.718692965143228E-002
   11.00000     -6.633393166457398E-002
   12.00000     -6.548764114111520E-002
   13.00000     -6.464803787028461E-002
   14.00000     -6.381510158965190E-002
   15.00000     -6.298881198484430E-002
   16.00000     -6.216914868986047E-002
   17.00000     -6.135609128693172E-002
   18.00000     -6.054961929527175E-002
   19.00000     -5.974971218882270E-002
   20.00000     -5.895634953800016E-002
   21.00000     -5.816951056113417E-002
   22.00000     -5.738917303315742E-002
   23.00000     -5.661531954836350E-002
   24.00000     -5.584794104356983E-002
   25.00000     -5.508697911261047E-002
   26.00000     -5.433235606810795E-002
   27.00000     -5.358435822981344E-002
   28.00000     -5.284313110521369E-002
   29.00000     -5.210687343331910E-002
   30.00000     -5.137578968480911E-002
   31.00000     -5.065825498673585E-002
   32.00000     -4.994963812930525E-002
   33.00000     -4.922199564484189E-002
   34.00000     -4.849991896359574E-002
   35.00000     -4.787462324044964E-002
   36.00000     -4.721497418531270E-002
   37.00000     -4.641324102381834E-002
   38.00000     -4.562741150684995E-002
   39.00000     -4.528238599574198E-002
   40.00000     -4.454837399573865E-002
   41.00000     -4.364485995918598E-002
   42.00000     -4.272863969952751E-002
   43.00000     -4.226450388168318E-002
   44.00000     -4.179010686287878E-002
   45.00000     -4.087314006389644E-002
   46.00000     -3.995729161102570E-002
   47.00000     -3.904798386763632E-002
   48.00000     -3.841308112170918E-002
   49.00000     -3.814344281179775E-002
   50.00000     -3.725234468226226E-002
   51.00000     -3.637012287632915E-002
   52.00000     -3.549871981078850E-002
   53.00000     -3.463888664334477E-002
   54.00000     -3.389969520914630E-002
   55.00000     -3.378970465126124E-002
   56.00000     -3.295528291881918E-002
   57.00000     -3.213272934937569E-002
   58.00000     -3.132322119645927E-002
   59.00000     -3.052700660743825E-002
   60.00000     -2.974426643490177E-002
   61.00000     -2.897521479008769E-002
   62.00000     -2.872043879862345E-002
   63.00000     -2.821949516456608E-002
   64.00000     -2.747777926268437E-002
   65.00000     -2.674977698474953E-002
   66.00000     -2.603551050060211E-002
   67.00000     -2.533495381702543E-002
   68.00000     -2.464805716089841E-002
   69.00000     -2.397475234810505E-002
   70.00000     -2.331496296106113E-002
   71.00000     -2.284291999687810E-002
   72.00000     -2.266844695783457E-002
   73.00000     -2.203539127890876E-002
   74.00000     -2.141544057150237E-002
   75.00000     -2.080850980867167E-002
   76.00000     -2.021445740359637E-002
   77.00000     -1.963313169017414E-002
   78.00000     -1.906437393828543E-002
   79.00000     -1.850801965766652E-002
   80.00000     -1.796389958984669E-002
   81.00000     -1.743184066162359E-002
   82.00000     -1.691166747294626E-002
   83.00000     -1.640321609098276E-002
   84.00000     -1.621646932346893E-002
   85.00000     -1.590622193610688E-002
   86.00000     -1.542062322138819E-002
   87.00000     -1.494617248285693E-002
   88.00000     -1.448269148478878E-002
   89.00000     -1.402999609351825E-002
   90.00000     -1.358790163228357E-002
   91.00000     -1.315622366934351E-002
   92.00000     -1.273477840172172E-002
   93.00000     -1.232338293963139E-002
   94.00000     -1.192185554521556E-002
   95.00000     -1.153001584060222E-002
   96.00000     -1.114768499155720E-002
   97.00000     -1.077468587068580E-002
   98.00000     -1.041084320421279E-002
   99.00000     -1.005598370943348E-002
   100.0000     -9.709936244558175E-003
   101.0000     -9.372532081345485E-003
   102.0000     -9.043606482869084E-003
   103.0000     -8.782280403425236E-003
   104.0000     -8.722952202306967E-003
   105.0000     -8.410508395118324E-003
   106.0000     -8.106031376186054E-003
   107.0000     -7.809385325966075E-003
   108.0000     -7.520416451000872E-003
   109.0000     -7.238972737629386E-003
   110.0000     -6.964904564273742E-003
   111.0000     -6.698064809789943E-003
   112.0000     -6.438308884043118E-003
   113.0000     -6.185494736229404E-003
   114.0000     -5.939482853250181E-003
   115.0000     -5.700136251956566E-003
   116.0000     -5.467320466848586E-003
   117.0000     -5.240903534072045E-003
   118.0000     -5.020755972277637E-003
   119.0000     -4.806750760766918E-003
   120.0000     -4.598763315286121E-003
   121.0000     -4.396671461777879E-003
   122.0000     -4.200355408370740E-003
   123.0000     -4.009697715867000E-003
   124.0000     -3.824583266951850E-003
   125.0000     -3.644899234356453E-003
   126.0000     -3.470535048163769E-003
   127.0000     -3.301382362454287E-003
   128.0000     -3.137335021468642E-003
   129.0000     -2.978289025450920E-003
   130.0000     -2.824142496341688E-003
   131.0000     -2.674795643467664E-003
   132.0000     -2.530150729383307E-003
   133.0000     -2.390112036008551E-003
   134.0000     -2.254585831213512E-003
   135.0000     -2.123480335992624E-003
   136.0000     -1.996705692385691E-003
   137.0000     -1.874173932299485E-003
   138.0000     -1.755798947402266E-003
   139.0000     -1.641496460267664E-003
   140.0000     -1.531183996972872E-003
   141.0000     -1.424780861372694E-003
   142.0000     -1.322208111310312E-003
   143.0000     -1.223388537068083E-003
   144.0000     -1.128246642434972E-003
   145.0000     -1.036708628873428E-003
   146.0000     -9.487023834708516E-004
   147.0000     -8.641574718014503E-004
   148.0000     -7.830051380254293E-004
   149.0000     -7.051783187598852E-004
   150.0000     -6.306116975457149E-004
   151.0000     -5.592419884601866E-004
   152.0000     -4.910140012412108E-004
   153.0000     -4.725021046130724E-004
   154.0000     -4.258364255361142E-004
   155.0000     -3.636919255280201E-004
   156.0000     -3.045045739384300E-004
   157.0000     -2.482211844678616E-004
   158.0000     -1.947894135303710E-004
   159.0000     -1.441589861001353E-004
   160.0000     -9.628201013846706E-005
   161.0000     -5.111326505327446E-005
   162.0000     -8.610559466890445E-006
