  0.0000000E+00 -8.037208888404448E-002
   1.000000     -7.943834771863613E-002
   2.000000     -7.851148341006678E-002
   3.000000     -7.759147611173732E-002
   4.000000     -7.667830592686638E-002
   5.000000     -7.577195290834489E-002
   6.000000     -7.487239705843531E-002
   7.000000     -7.397961832856197E-002
   8.000000     -7.309359661907047E-002
   9.000000     -7.221431177898811E-002
   10.00000     -7.134174360578766E-002
   11.00000     -7.047587184514512E-002
   12.00000     -6.961667619069997E-002
   13.00000     -6.876413628380934E-002
   14.00000     -6.791823171328311E-002
   15.00000     -6.707894201535856E-002
   16.00000     -6.624624667347001E-002
   17.00000     -6.542012511309954E-002
   18.00000     -6.460055671155196E-002
   19.00000     -6.378752086407465E-002
   20.00000     -6.298099672043350E-002
   21.00000     -6.218096272644234E-002
   22.00000     -6.138739865979741E-002
   23.00000     -6.060029441550266E-002
   24.00000     -5.981959615504415E-002
   25.00000     -5.904526863340166E-002
   26.00000     -5.827751507385569E-002
   27.00000     -5.751625121921521E-002
   28.00000     -5.676018275768812E-002
   29.00000     -5.601058511232890E-002
   30.00000     -5.527311193232341E-002
   31.00000     -5.453891525310801E-002
   32.00000     -5.379112996418247E-002
   33.00000     -5.307027217149092E-002
   34.00000     -5.241881950576497E-002
   35.00000     -5.168942298823094E-002
   36.00000     -5.086208746088393E-002
   37.00000     -5.022616494845277E-002
   38.00000     -4.976464661026964E-002
   39.00000     -4.889453337776985E-002
   40.00000     -4.795515944773283E-002
   41.00000     -4.715128942134161E-002
   42.00000     -4.696000243643998E-002
   43.00000     -4.602748928187986E-002
   44.00000     -4.507115264976133E-002
   45.00000     -4.411795552550001E-002
   46.00000     -4.335145669346127E-002
   47.00000     -4.316515407422034E-002
   48.00000     -4.222817016702313E-002
   49.00000     -4.129706697185558E-002
   50.00000     -4.037572724806782E-002
   51.00000     -3.946523059922816E-002
   52.00000     -3.890159718994207E-002
   53.00000     -3.856520959776354E-002
   54.00000     -3.767831503687601E-002
   55.00000     -3.680360466864254E-002
   56.00000     -3.594173104905726E-002
   57.00000     -3.509303840560620E-002
   58.00000     -3.425783016480776E-002
   59.00000     -3.378497709823658E-002
   60.00000     -3.343593982095290E-002
   61.00000     -3.262818383406998E-002
   62.00000     -3.183424201602988E-002
   63.00000     -3.105425920476457E-002
   64.00000     -3.028828230254857E-002
   65.00000     -2.953632442280267E-002
   66.00000     -2.879837511087957E-002
   67.00000     -2.807452506648376E-002
   68.00000     -2.796675475615126E-002
   69.00000     -2.736423514887473E-002
   70.00000     -2.666798524694741E-002
   71.00000     -2.598545623932516E-002
   72.00000     -2.531654851795477E-002
   73.00000     -2.466114256025036E-002
   74.00000     -2.401910665935411E-002
   75.00000     -2.339029911653510E-002
   76.00000     -2.277456984389889E-002
   77.00000     -2.217176253807088E-002
   78.00000     -2.158173562340315E-002
   79.00000     -2.139934459657689E-002
   80.00000     -2.100420918201389E-002
   81.00000     -2.043915968729136E-002
   82.00000     -1.988633496994527E-002
   83.00000     -1.934555976784109E-002
   84.00000     -1.881665091857571E-002
   85.00000     -1.829942263844821E-002
   86.00000     -1.779368752272988E-002
   87.00000     -1.729925711988045E-002
   88.00000     -1.681594238857911E-002
   89.00000     -1.634355409557856E-002
   90.00000     -1.588190317458917E-002
   91.00000     -1.543080106528663E-002
   92.00000     -1.499006008981206E-002
   93.00000     -1.455949425413718E-002
   94.00000     -1.413893191653458E-002
   95.00000     -1.402377723452126E-002
   96.00000     -1.372812502340937E-002
   97.00000     -1.332697525381053E-002
   98.00000     -1.293526206975468E-002
   99.00000     -1.255280938177621E-002
   100.0000     -1.217944060504519E-002
   101.0000     -1.181498095360189E-002
   102.0000     -1.145925776704583E-002
   103.0000     -1.111210064152949E-002
   104.0000     -1.077334151279205E-002
   105.0000     -1.044281471822577E-002
   106.0000     -1.012035704551525E-002
   107.0000     -9.805807770821146E-003
   108.0000     -9.499008688081061E-003
   109.0000     -9.199804130500052E-003
   110.0000     -8.908040985052872E-003
   111.0000     -8.623568700716375E-003
   112.0000     -8.346239291042093E-003
   113.0000     -8.075907331655816E-003
   114.0000     -7.812429953211636E-003
   115.0000     -7.555666830342857E-003
   116.0000     -7.305480167192873E-003
   117.0000     -7.061734680319653E-003
   118.0000     -6.824297580398530E-003
   119.0000     -6.593038556419739E-003
   120.0000     -6.367829775733954E-003
   121.0000     -6.148545972024471E-003
   122.0000     -5.935065431514350E-003
   123.0000     -5.772901530493807E-003
   124.0000     -5.727243488339776E-003
   125.0000     -5.525016001792581E-003
   126.0000     -5.328223320972857E-003
   127.0000     -5.136761998095762E-003
   128.0000     -4.950520845241449E-003
   129.0000     -4.769390417828840E-003
   130.0000     -4.593263316142309E-003
   131.0000     -4.422034204114588E-003
   132.0000     -4.255599785792206E-003
   133.0000     -4.093858771427018E-003
   134.0000     -3.936711840211781E-003
   135.0000     -3.784061601729977E-003
   136.0000     -3.635812556886844E-003
   137.0000     -3.491871058661123E-003
   138.0000     -3.352145272860603E-003
   139.0000     -3.216545138993529E-003
   140.0000     -3.084982331338518E-003
   141.0000     -2.957370220272341E-003
   142.0000     -2.833623833906174E-003
   143.0000     -2.713659820072441E-003
   144.0000     -2.597396408697310E-003
   145.0000     -2.484753374590370E-003
   146.0000     -2.375652000678180E-003
   147.0000     -2.270015041703668E-003
   148.0000     -2.167766688411618E-003
   149.0000     -2.068832532237698E-003
   150.0000     -1.973139530514742E-003
   151.0000     -1.880615972207163E-003
   152.0000     -1.791191444186118E-003
   153.0000     -1.704796798049518E-003
   154.0000     -1.621364117496913E-003
   155.0000     -1.540826686259991E-003
   156.0000     -1.463118956594598E-003
   157.0000     -1.388176518334646E-003
   158.0000     -1.315936068509027E-003
   159.0000     -1.246335381520855E-003
   160.0000     -1.179313279887717E-003
   161.0000     -1.114809605541684E-003
   162.0000     -1.052765191684346E-003
   163.0000     -9.931218351953378E-004
   164.0000     -9.358222695902446E-004
   165.0000     -8.808101385217446E-004
   166.0000     -8.280299698225390E-004
   167.0000     -7.774271500824037E-004
   168.0000     -7.289478997564352E-004
   169.0000     -6.825392487994613E-004
   170.0000     -6.381490128216874E-004
   171.0000     -5.957257697619430E-004
   172.0000     -5.552188370747837E-004
   173.0000     -5.165782494290043E-004
   174.0000     -4.797547369153149E-004
   175.0000     -4.446997037633327E-004
   176.0000     -4.113652075686514E-004
   177.0000     -3.797039390339905E-004
   178.0000     -3.496692022300981E-004
   179.0000     -3.212148953871347E-004
   180.0000     -2.942954922298174E-004
   181.0000     -2.688660238780136E-004
   182.0000     -2.448820613393068E-004
   183.0000     -2.222996986325673E-004
   184.0000     -2.010755365927218E-004
   185.0000     -1.811666674254068E-004
   186.0000     -1.625306601028565E-004
   187.0000     -1.451255467241091E-004
   188.0000     -1.289098100060318E-004
   189.0000     -1.138423721310624E-004
   190.0000     -9.988258526420306E-005
   191.0000     -8.699022417179195E-005
   192.0000     -7.512548155500683E-005
   193.0000     -6.424896697613077E-005
   194.0000     -5.432171066299901E-005
   195.0000     -4.530517411427750E-005
   196.0000     -3.716127045703176E-005
   197.0000     -2.985239922624802E-005
   198.0000     -2.334150322332542E-005
   199.0000     -1.759216055570020E-005
   200.0000     -1.256873547304547E-005
   201.0000     -8.236633408985158E-006
   202.0000     -4.562755109267118E-006
   203.0000     -1.516371481481062E-006
