  0.0000000E+00 -7.967368348133629E-002
   1.000000     -7.874197826506739E-002
   2.000000     -7.781715895298154E-002
   3.000000     -7.689919928843783E-002
   4.000000     -7.598808153944347E-002
   5.000000     -7.508378578006729E-002
   6.000000     -7.418629203387619E-002
   7.000000     -7.329558027369687E-002
   8.000000     -7.241163042138418E-002
   9.000000     -7.153442234757941E-002
   10.00000     -7.066393587147363E-002
   11.00000     -6.980015076056532E-002
   12.00000     -6.894304673042576E-002
   13.00000     -6.809260344444629E-002
   14.00000     -6.724880051358133E-002
   15.00000     -6.641161749625496E-002
   16.00000     -6.558103389844518E-002
   17.00000     -6.475702916889005E-002
   18.00000     -6.393958270233191E-002
   19.00000     -6.312867391163583E-002
   20.00000     -6.232428205392375E-002
   21.00000     -6.152638554223179E-002
   22.00000     -6.073496504670318E-002
   23.00000     -5.995000676561903E-002
   24.00000     -5.917146914970056E-002
   25.00000     -5.839929376660697E-002
   26.00000     -5.763365144561269E-002
   27.00000     -5.687463075321487E-002
   28.00000     -5.612099620210082E-002
   29.00000     -5.537301424006485E-002
   30.00000     -5.463670740379468E-002
   31.00000     -5.390753128884286E-002
   32.00000     -5.316466117658738E-002
   33.00000     -5.243404456295656E-002
   34.00000     -5.178142836795298E-002
   35.00000     -5.108392497849189E-002
   36.00000     -5.026753919345449E-002
   37.00000     -4.953823921932570E-002
   38.00000     -4.914640307673698E-002
   39.00000     -4.833151121685261E-002
   40.00000     -4.740159237034600E-002
   41.00000     -4.647989167299062E-002
   42.00000     -4.630017079326310E-002
   43.00000     -4.548750066089147E-002
   44.00000     -4.453748059937890E-002
   45.00000     -4.358945144172541E-002
   46.00000     -4.265232173655223E-002
   47.00000     -4.253795767149387E-002
   48.00000     -4.170978242284962E-002
   49.00000     -4.078360196662148E-002
   50.00000     -3.986695465846116E-002
   51.00000     -3.896096689033565E-002
   52.00000     -3.809237134816935E-002
   53.00000     -3.806015212477223E-002
   54.00000     -3.718306592709218E-002
   55.00000     -3.631274817262096E-002
   56.00000     -3.545517898209991E-002
   57.00000     -3.461072319151543E-002
   58.00000     -3.377966107234368E-002
   59.00000     -3.296803299325395E-002
   60.00000     -3.295403206965122E-002
   61.00000     -3.215825257818034E-002
   62.00000     -3.136835126276256E-002
   63.00000     -3.059235189170278E-002
   64.00000     -2.983031091817810E-002
   65.00000     -2.908224372182616E-002
   66.00000     -2.834813880027211E-002
   67.00000     -2.762797140551305E-002
   68.00000     -2.713227197687529E-002
   69.00000     -2.692152995145461E-002
   70.00000     -2.622905656240149E-002
   71.00000     -2.555022288935473E-002
   72.00000     -2.488497153939613E-002
   73.00000     -2.423318595814662E-002
   74.00000     -2.359473576677873E-002
   75.00000     -2.296948025256249E-002
   76.00000     -2.235727005360068E-002
   77.00000     -2.175794864184405E-002
   78.00000     -2.117135502318024E-002
   79.00000     -2.059745782462312E-002
   80.00000     -2.055492458426085E-002
   81.00000     -2.003562592741399E-002
   82.00000     -1.948617466986054E-002
   83.00000     -1.894874219273135E-002
   84.00000     -1.842314859997526E-002
   85.00000     -1.790920920689880E-002
   86.00000     -1.740673741761783E-002
   87.00000     -1.691554550917186E-002
   88.00000     -1.643544513231003E-002
   89.00000     -1.596624772045965E-002
   90.00000     -1.550776484764751E-002
   91.00000     -1.505980855091131E-002
   92.00000     -1.462219163189271E-002
   93.00000     -1.419472797760925E-002
   94.00000     -1.377723313226452E-002
   95.00000     -1.336952902630893E-002
   96.00000     -1.316994086267478E-002
   97.00000     -1.297139451380880E-002
   98.00000     -1.258271423086862E-002
   99.00000     -1.220327079173413E-002
   100.0000     -1.183289326968058E-002
   101.0000     -1.147140792444983E-002
   102.0000     -1.111864276640684E-002
   103.0000     -1.077442798050578E-002
   104.0000     -1.043859606230742E-002
   105.0000     -1.011098189435218E-002
   106.0000     -9.791422799763696E-003
   107.0000     -9.479758582509018E-003
   108.0000     -9.175831557726995E-003
   109.0000     -8.879486573800647E-003
   110.0000     -8.590571027239462E-003
   111.0000     -8.308934871171958E-003
   112.0000     -8.034430618111068E-003
   113.0000     -7.766913337567971E-003
   114.0000     -7.506240649040354E-003
   115.0000     -7.252272710840483E-003
   116.0000     -7.004872205216322E-003
   117.0000     -6.763904320181180E-003
   118.0000     -6.529236728490910E-003
   119.0000     -6.300739564261634E-003
   120.0000     -6.078285397926219E-003
   121.0000     -5.861749210903274E-003
   122.0000     -5.651008373616553E-003
   123.0000     -5.445942640392580E-003
   124.0000     -5.246434235286232E-003
   125.0000     -5.052368885643164E-003
   126.0000     -4.909457082195100E-003
   127.0000     -4.863610731914602E-003
   128.0000     -4.680097941950188E-003
   129.0000     -4.501682733727554E-003
   130.0000     -4.328267087726372E-003
   131.0000     -4.159746604873379E-003
   132.0000     -3.996018538129022E-003
   133.0000     -3.836982070532042E-003
   134.0000     -3.682538330403679E-003
   135.0000     -3.532590366795554E-003
   136.0000     -3.387043115304443E-003
   137.0000     -3.245803360904344E-003
   138.0000     -3.108779699762983E-003
   139.0000     -2.975882500758583E-003
   140.0000     -2.847023867010808E-003
   141.0000     -2.722117597589315E-003
   142.0000     -2.601079149493789E-003
   143.0000     -2.483825599975933E-003
   144.0000     -2.370275609249379E-003
   145.0000     -2.260349383628233E-003
   146.0000     -2.153968639127624E-003
   147.0000     -2.051056565551389E-003
   148.0000     -1.951537791095297E-003
   149.0000     -1.855338347481792E-003
   150.0000     -1.762385635649815E-003
   151.0000     -1.672608392012284E-003
   152.0000     -1.585936655298516E-003
   153.0000     -1.502301733996052E-003
   154.0000     -1.421636174401486E-003
   155.0000     -1.343873729295788E-003
   156.0000     -1.268949327254153E-003
   157.0000     -1.196799042602737E-003
   158.0000     -1.127360066035172E-003
   159.0000     -1.060570675900443E-003
   160.0000     -9.963702101793133E-004
   161.0000     -9.346990391631860E-004
   162.0000     -8.754985388570365E-004
   163.0000     -8.187110651264948E-004
   164.0000     -7.642799286189766E-004
   165.0000     -7.121493704881624E-004
   166.0000     -6.622645389641567E-004
   167.0000     -6.145714668155145E-004
   168.0000     -5.690170497645149E-004
   169.0000     -5.255490259269797E-004
   170.0000     -4.841159563694063E-004
   171.0000     -4.446672068964730E-004
   172.0000     -4.071529312114200E-004
   173.0000     -3.715240556290959E-004
   174.0000     -3.377322655700960E-004
   175.0000     -3.057299941271610E-004
   176.0000     -2.754704130795082E-004
   177.0000     -2.469074268433310E-004
   178.0000     -2.199956699985151E-004
   179.0000     -1.946905092408486E-004
   180.0000     -1.709480509013274E-004
   181.0000     -1.487251555852317E-004
   182.0000     -1.279794620799486E-004
   183.0000     -1.086694235541599E-004
   184.0000     -9.075436038778771E-005
   185.0000     -7.419453600310474E-005
   186.0000     -5.895126529535071E-005
   187.0000     -4.498707056827833E-005
   188.0000     -3.226590895585009E-005
   189.0000     -2.075351157864256E-005
   190.0000     -1.041790554364717E-005
   191.0000     -1.230252687650458E-006
