  0.0000000E+00 -8.063557431734708E-002
   1.000000     -7.970106542949038E-002
   2.000000     -7.877343161459059E-002
   3.000000     -7.785265301829063E-002
   4.000000     -7.693870973603437E-002
   5.000000     -7.603158181288246E-002
   6.000000     -7.513124924323954E-002
   7.000000     -7.423769197063512E-002
   8.000000     -7.335088988748363E-002
   9.000000     -7.247082283484160E-002
   10.00000     -7.159747060218749E-002
   11.00000     -7.073081292714044E-002
   12.00000     -6.987082949527385E-002
   13.00000     -6.901749993982748E-002
   14.00000     -6.817080384146250E-002
   15.00000     -6.733072072824862E-002
   16.00000     -6.649723007530690E-002
   17.00000     -6.567031129962771E-002
   18.00000     -6.484994377245373E-002
   19.00000     -6.403610688086543E-002
   20.00000     -6.322877973268393E-002
   21.00000     -6.242794081235042E-002
   22.00000     -6.163357202890555E-002
   23.00000     -6.084565696424925E-002
   24.00000     -6.006414504477053E-002
   25.00000     -5.928900901687419E-002
   26.00000     -5.852045915412455E-002
   27.00000     -5.775833884889986E-002
   28.00000     -5.700136981474585E-002
   29.00000     -5.625121956917135E-002
   30.00000     -5.551319539241650E-002
   31.00000     -5.477693328222553E-002
   32.00000     -5.402778173424895E-002
   33.00000     -5.331119878632493E-002
   34.00000     -5.265792273745590E-002
   35.00000     -5.191680796063817E-002
   36.00000     -5.108796337246990E-002
   37.00000     -5.049018282039491E-002
   38.00000     -4.999080067052433E-002
   39.00000     -4.910641643625380E-002
   40.00000     -4.816409800219373E-002
   41.00000     -4.743726437091943E-002
   42.00000     -4.717575569800286E-002
   43.00000     -4.623099346439311E-002
   44.00000     -4.527239319162234E-002
   45.00000     -4.431731913799644E-002
   46.00000     -4.365292121849143E-002
   47.00000     -4.336382431711647E-002
   48.00000     -4.242364647427976E-002
   49.00000     -4.149070907461429E-002
   50.00000     -4.056760610967102E-002
   51.00000     -3.965544879986470E-002
   52.00000     -3.920866306256510E-002
   53.00000     -3.875376720388862E-002
   54.00000     -3.786509202965158E-002
   55.00000     -3.698873058513139E-002
   56.00000     -3.612523562034273E-002
   57.00000     -3.527494745295593E-002
   58.00000     -3.443820010654380E-002
   59.00000     -3.409599877579318E-002
   60.00000     -3.361474858728961E-002
   61.00000     -3.280542189267911E-002
   62.00000     -3.200995922561304E-002
   63.00000     -3.122847537969759E-002
   64.00000     -3.046101518834701E-002
   65.00000     -2.970759120514493E-002
   66.00000     -2.896819479917585E-002
   67.00000     -2.828216459533027E-002
   68.00000     -2.824227200386295E-002
   69.00000     -2.753120010076805E-002
   70.00000     -2.683354038108619E-002
   71.00000     -2.614961929385634E-002
   72.00000     -2.547933374604613E-002
   73.00000     -2.482256348518105E-002
   74.00000     -2.417917636771336E-002
   75.00000     -2.354903035781591E-002
   76.00000     -2.293197518554331E-002
   77.00000     -2.232785538504919E-002
   78.00000     -2.173685571902619E-002
   79.00000     -2.171741494676739E-002
   80.00000     -2.115771048413587E-002
   81.00000     -2.059137673389662E-002
   82.00000     -2.003728195543900E-002
   83.00000     -1.949524756014355E-002
   84.00000     -1.896508981861805E-002
   85.00000     -1.844662261124769E-002
   86.00000     -1.793965824758460E-002
   87.00000     -1.744400800920583E-002
   88.00000     -1.695948259906828E-002
   89.00000     -1.648589253823129E-002
   90.00000     -1.602304852875724E-002
   91.00000     -1.557076181131520E-002
   92.00000     -1.512884464079660E-002
   93.00000     -1.469711214947760E-002
   94.00000     -1.434584888488384E-002
   95.00000     -1.427532682627551E-002
   96.00000     -1.386342914403683E-002
   97.00000     -1.346113067374731E-002
   98.00000     -1.306827794250952E-002
   99.00000     -1.268469280912132E-002
   100.0000     -1.231019827712079E-002
   101.0000     -1.194461856858473E-002
   102.0000     -1.158778300508202E-002
   103.0000     -1.123951876685063E-002
   104.0000     -1.089965831960684E-002
   105.0000     -1.056803579971755E-002
   106.0000     -1.024448779696735E-002
   107.0000     -9.928853392334545E-003
   108.0000     -9.620974187065987E-003
   109.0000     -9.320694324024471E-003
   110.0000     -9.027860502103852E-003
   111.0000     -8.742321984396728E-003
   112.0000     -8.463930600748217E-003
   113.0000     -8.192540745279517E-003
   114.0000     -7.928009369458141E-003
   115.0000     -7.670195971351637E-003
   116.0000     -7.418962581899198E-003
   117.0000     -7.174173749730264E-003
   118.0000     -6.935696528445057E-003
   119.0000     -6.703400480709418E-003
   120.0000     -6.477157778107027E-003
   121.0000     -6.256844331210727E-003
   122.0000     -6.098537584774338E-003
   123.0000     -6.042314639944138E-003
   124.0000     -5.833495819420747E-003
   125.0000     -5.630232423079445E-003
   126.0000     -5.432416398263205E-003
   127.0000     -5.239934155081473E-003
   128.0000     -5.052673917592355E-003
   129.0000     -4.870525998300295E-003
   130.0000     -4.693382814235749E-003
   131.0000     -4.521138863106402E-003
   132.0000     -4.353690689433151E-003
   133.0000     -4.190936847356296E-003
   134.0000     -4.032777862108127E-003
   135.0000     -3.879116190902100E-003
   136.0000     -3.729856183577343E-003
   137.0000     -3.584904043185729E-003
   138.0000     -3.444167786640526E-003
   139.0000     -3.307557205507335E-003
   140.0000     -3.174983827010759E-003
   141.0000     -3.046360875304738E-003
   142.0000     -2.921603233056686E-003
   143.0000     -2.800627403384320E-003
   144.0000     -2.683351472178637E-003
   145.0000     -2.569695070843978E-003
   146.0000     -2.459579339479987E-003
   147.0000     -2.352926890530733E-003
   148.0000     -2.249661772916532E-003
   149.0000     -2.149709436666957E-003
   150.0000     -2.052996698071263E-003
   151.0000     -1.959451705352336E-003
   152.0000     -1.869003904878401E-003
   153.0000     -1.781584007918591E-003
   154.0000     -1.697123957946651E-003
   155.0000     -1.615556898499257E-003
   156.0000     -1.536817141588172E-003
   157.0000     -1.460840136672387E-003
   158.0000     -1.387562440184895E-003
   159.0000     -1.316921685616294E-003
   160.0000     -1.248856554153066E-003
   161.0000     -1.183306745865369E-003
   162.0000     -1.120212951442062E-003
   163.0000     -1.059516824468971E-003
   164.0000     -1.001160954242668E-003
   165.0000     -9.450888391166805E-004
   166.0000     -8.912448603711786E-004
   167.0000     -8.395742566012031E-004
   168.0000     -7.900230986146699E-004
   169.0000     -7.425382648335336E-004
   170.0000     -6.970674171890200E-004
   171.0000     -6.535589775031381E-004
   172.0000     -6.119621043480507E-004
   173.0000     -5.722266703739018E-004
   174.0000     -5.343032400965099E-004
   175.0000     -4.981430481357421E-004
   176.0000     -4.636979778949490E-004
   177.0000     -4.309205406725997E-004
   178.0000     -3.997638551960222E-004
   179.0000     -3.701816275685302E-004
   180.0000     -3.421281316192130E-004
   181.0000     -3.155581896469737E-004
   182.0000     -2.904271535484874E-004
   183.0000     -2.666908863206538E-004
   184.0000     -2.443057439280147E-004
   185.0000     -2.232285575256841E-004
   186.0000     -2.034166160279262E-004
   187.0000     -1.848276490136742E-004
   188.0000     -1.674198099586372E-004
   189.0000     -1.511516597858865E-004
   190.0000     -1.359821507249222E-004
   191.0000     -1.218706104707000E-004
   192.0000     -1.087767266338172E-004
   193.0000     -9.666053147316157E-005
   194.0000     -8.548238690310566E-005
   195.0000     -7.520296976716821E-005
   196.0000     -6.578325737111946E-005
   197.0000     -5.718451326899191E-005
   198.0000     -4.936827329681333E-005
   199.0000     -4.229633185011903E-005
   200.0000     -3.593072840414627E-005
   201.0000     -3.023373427894654E-005
   202.0000     -2.516783965748185E-005
   203.0000     -2.069574087388898E-005
   204.0000     -1.678032800432059E-005
   205.0000     -1.338467281853248E-005
   206.0000     -1.047201719622086E-005
   207.0000     -8.005762197102317E-006
   208.0000     -5.949458138504633E-006
   209.0000     -4.266796374769250E-006
   210.0000     -2.921604228594338E-006
   211.0000     -1.877846361458566E-006
   212.0000     -1.099640902547452E-006
   213.0000     -5.513149091844312E-007
   214.0000     -1.975913539145387E-007
   215.0000     -4.459414851011865E-009
