  0.0000000E+00 -7.400413866259403E-002
   1.000000     -7.308915305743369E-002
   2.000000     -7.218108948252962E-002
   3.000000     -7.127992830835737E-002
   4.000000     -7.038564985665245E-002
   5.000000     -6.949823440019824E-002
   6.000000     -6.861766216260369E-002
   7.000000     -6.774391331807385E-002
   8.000000     -6.687696799121765E-002
   9.000000     -6.601680625674733E-002
   10.00000     -6.516340813935260E-002
   11.00000     -6.431675361340150E-002
   12.00000     -6.347682260273972E-002
   13.00000     -6.264359498046326E-002
   14.00000     -6.181705056869106E-002
   15.00000     -6.099716913825310E-002
   16.00000     -6.018393040862301E-002
   17.00000     -5.937731404921672E-002
   18.00000     -5.857729967319380E-002
   19.00000     -5.778386682084234E-002
   20.00000     -5.699699364654654E-002
   21.00000     -5.621666413754000E-002
   22.00000     -5.544285228180384E-002
   23.00000     -5.467553757386398E-002
   24.00000     -5.391471147074869E-002
   25.00000     -5.316035498010391E-002
   26.00000     -5.241235408727947E-002
   27.00000     -5.167074458761509E-002
   28.00000     -5.093607130931149E-002
   29.00000     -5.020770351475914E-002
   30.00000     -4.948309480932051E-002
   31.00000     -4.876638721068395E-002
   32.00000     -4.806706887838540E-002
   33.00000     -4.736560487810357E-002
   34.00000     -4.663838116443422E-002
   35.00000     -4.595201052142092E-002
   36.00000     -4.536805711493234E-002
   37.00000     -4.466420164371959E-002
   38.00000     -4.384361849805866E-002
   39.00000     -4.315997246210939E-002
   40.00000     -4.282619100269643E-002
   41.00000     -4.200040553216330E-002
   42.00000     -4.110374063292544E-002
   43.00000     -4.020482406022934E-002
   44.00000     -3.988586283617861E-002
   45.00000     -3.928605620938857E-002
   46.00000     -3.838761601355672E-002
   47.00000     -3.749329292659864E-002
   48.00000     -3.660662690180206E-002
   49.00000     -3.600158090026473E-002
   50.00000     -3.572599665334461E-002
   51.00000     -3.485874550453563E-002
   52.00000     -3.400108928829615E-002
   53.00000     -3.315464076064273E-002
   54.00000     -3.232003299819197E-002
   55.00000     -3.149990762998376E-002
   56.00000     -3.145298352017993E-002
   57.00000     -3.068755642801559E-002
   58.00000     -2.989073558838548E-002
   59.00000     -2.910700143357037E-002
   60.00000     -2.833656835228825E-002
   61.00000     -2.757957783671329E-002
   62.00000     -2.683614211525326E-002
   63.00000     -2.624757140019315E-002
   64.00000     -2.610596305867330E-002
   65.00000     -2.538990207224459E-002
   66.00000     -2.468727128604493E-002
   67.00000     -2.399821804932245E-002
   68.00000     -2.332270331365852E-002
   69.00000     -2.266066284438298E-002
   70.00000     -2.201201459952953E-002
   71.00000     -2.137666235618484E-002
   72.00000     -2.075450593152588E-002
   73.00000     -2.034070726397778E-002
   74.00000     -2.014529799060687E-002
   75.00000     -1.954915757161095E-002
   76.00000     -1.896576086621135E-002
   77.00000     -1.839499532676792E-002
   78.00000     -1.783670744790196E-002
   79.00000     -1.729073593236521E-002
   80.00000     -1.675691420595717E-002
   81.00000     -1.623507150574333E-002
   82.00000     -1.572503368928042E-002
   83.00000     -1.522662395217422E-002
   84.00000     -1.473966358514669E-002
   85.00000     -1.426397344473115E-002
   86.00000     -1.379939797986857E-002
   87.00000     -1.368559025924951E-002
   88.00000     -1.334564120692048E-002
   89.00000     -1.290266603049995E-002
   90.00000     -1.247022359918035E-002
   91.00000     -1.204813592258228E-002
   92.00000     -1.163622197960207E-002
   93.00000     -1.123430117888059E-002
   94.00000     -1.084219394457909E-002
   95.00000     -1.045972200149877E-002
   96.00000     -1.008670858251184E-002
   97.00000     -9.722978599895730E-003
   98.00000     -9.368358792499957E-003
   99.00000     -9.022677853632949E-003
   100.0000     -8.685766542429908E-003
   101.0000     -8.357457780748822E-003
   102.0000     -8.037586737466157E-003
   103.0000     -7.725990902477537E-003
   104.0000     -7.422510154499003E-003
   105.0000     -7.126986834061096E-003
   106.0000     -6.839265870104226E-003
   107.0000     -6.559195315405891E-003
   108.0000     -6.286639543941226E-003
   109.0000     -6.222773087532375E-003
   110.0000     -6.021388685654082E-003
   111.0000     -5.763376553273222E-003
   112.0000     -5.512425139259642E-003
   113.0000     -5.268396642445363E-003
   114.0000     -5.031153934007796E-003
   115.0000     -4.800562184616167E-003
   116.0000     -4.576489038021695E-003
   117.0000     -4.358804639202808E-003
   118.0000     -4.147381631164498E-003
   119.0000     -3.942095141275396E-003
   120.0000     -3.742822762756040E-003
   121.0000     -3.549444533315491E-003
   122.0000     -3.361842911878876E-003
   123.0000     -3.179902753953589E-003
   124.0000     -3.003511286038756E-003
   125.0000     -2.832558079409929E-003
   126.0000     -2.666935023575653E-003
   127.0000     -2.506536299691291E-003
   128.0000     -2.351258354205268E-003
   129.0000     -2.200999873019440E-003
   130.0000     -2.055661756449607E-003
   131.0000     -1.915147095288067E-003
   132.0000     -1.779361148293165E-003
   133.0000     -1.648211321455122E-003
   134.0000     -1.521607149431016E-003
   135.0000     -1.399460279586423E-003
   136.0000     -1.281684459147218E-003
   137.0000     -1.168195526044135E-003
   138.0000     -1.058911404136304E-003
   139.0000     -9.537521036289508E-004
   140.0000     -8.526397276686192E-004
   141.0000     -7.554984863122772E-004
   142.0000     -6.622547193460879E-004
   143.0000     -5.728369297895533E-004
   144.0000     -4.871758303959746E-004
   145.0000     -4.052044060944130E-004
   146.0000     -3.268579961662824E-004
   147.0000     -2.520744011074821E-004
   148.0000     -1.807940207260060E-004
   149.0000     -1.129600322682346E-004
   150.0000     -4.851862057413302E-005
