  0.0000000E+00 -7.601576504981156E-002
   1.000000     -7.509481034143316E-002
   2.000000     -7.418076658348455E-002
   3.000000     -7.327360862461901E-002
   4.000000     -7.237331852651802E-002
   5.000000     -7.147987648575062E-002
   6.000000     -7.059326264914449E-002
   7.000000     -6.971345711353950E-002
   8.000000     -6.884043992556459E-002
   9.000000     -6.797419108140614E-002
   10.00000     -6.711469052656839E-002
   11.00000     -6.626191815565904E-002
   12.00000     -6.541585381211518E-002
   13.00000     -6.457647728802222E-002
   14.00000     -6.374376832382193E-002
   15.00000     -6.291770660803708E-002
   16.00000     -6.209827177756692E-002
   17.00000     -6.128544341763444E-002
   18.00000     -6.047920105060389E-002
   19.00000     -5.967952415213951E-002
   20.00000     -5.888639229454266E-002
   21.00000     -5.809978471754865E-002
   22.00000     -5.731967918998682E-002
   23.00000     -5.654605812071162E-002
   24.00000     -5.577891272438070E-002
   25.00000     -5.501818595714840E-002
   26.00000     -5.426379682183894E-002
   27.00000     -5.351602462996446E-002
   28.00000     -5.277504063431290E-002
   29.00000     -5.203906616369230E-002
   30.00000     -5.130815882419559E-002
   31.00000     -5.059066288025153E-002
   32.00000     -4.988259389280704E-002
   33.00000     -4.915578128451346E-002
   34.00000     -4.843274793417267E-002
   35.00000     -4.780604276868226E-002
   36.00000     -4.715040473226141E-002
   37.00000     -4.635102871662777E-002
   38.00000     -4.555948400333637E-002
   39.00000     -4.521003782845576E-002
   40.00000     -4.448850058028807E-002
   41.00000     -4.358631174914530E-002
   42.00000     -4.267045468660519E-002
   43.00000     -4.218089889161263E-002
   44.00000     -4.173262009905572E-002
   45.00000     -4.081658690558039E-002
   46.00000     -3.990131333519441E-002
   47.00000     -3.899251246875596E-002
   48.00000     -3.832739996877032E-002
   49.00000     -3.808829614823557E-002
   50.00000     -3.719793333536329E-002
   51.00000     -3.631621451084536E-002
   52.00000     -3.544529838687744E-002
   53.00000     -3.458593745125452E-002
   54.00000     -3.381307790581298E-002
   55.00000     -3.373672508824497E-002
   56.00000     -3.290327077494843E-002
   57.00000     -3.208117680123316E-002
   58.00000     -3.127211926359014E-002
   59.00000     -3.047634880249536E-002
   60.00000     -2.969404629430680E-002
   61.00000     -2.892540886800167E-002
   62.00000     -2.863225475573003E-002
   63.00000     -2.817013178519359E-002
   64.00000     -2.742884435250117E-002
   65.00000     -2.670126111356097E-002
   66.00000     -2.598740871247900E-002
   67.00000     -2.528726160973307E-002
   68.00000     -2.460077020966335E-002
   69.00000     -2.392786634003987E-002
   70.00000     -2.326847211385841E-002
   71.00000     -2.275369935162446E-002
   72.00000     -2.262232609732261E-002
   73.00000     -2.198968519506162E-002
   74.00000     -2.137012118254390E-002
   75.00000     -2.076357310439273E-002
   76.00000     -2.016989988413282E-002
   77.00000     -1.958895001732943E-002
   78.00000     -1.902056488571140E-002
   79.00000     -1.846458009501136E-002
   80.00000     -1.792082647030493E-002
   81.00000     -1.738913099323536E-002
   82.00000     -1.686931815481577E-002
   83.00000     -1.636121931790561E-002
   84.00000     -1.612620479776048E-002
   85.00000     -1.586458326076955E-002
   86.00000     -1.537933983915933E-002
   87.00000     -1.490523947367940E-002
   88.00000     -1.444210622631114E-002
   89.00000     -1.398975617931186E-002
   90.00000     -1.354800475944826E-002
   91.00000     -1.311666761842678E-002
   92.00000     -1.269556103062935E-002
   93.00000     -1.228450218092438E-002
   94.00000     -1.188330940448534E-002
   95.00000     -1.149180239523697E-002
   96.00000     -1.110980238960616E-002
   97.00000     -1.073713232957667E-002
   98.00000     -1.037361700883411E-002
   99.00000     -1.001908320811013E-002
   100.0000     -9.673359836880405E-003
   101.0000     -9.336278160954796E-003
   102.0000     -9.007672827556644E-003
   103.0000     -8.691391252507239E-003
   104.0000     -8.686935949143481E-003
   105.0000     -8.375213538242509E-003
   106.0000     -8.071054405772698E-003
   107.0000     -7.774724611625181E-003
   108.0000     -7.486070817838524E-003
   109.0000     -7.204941130052359E-003
   110.0000     -6.931186006808331E-003
   111.0000     -6.664658398334671E-003
   112.0000     -6.405213783223335E-003
   113.0000     -6.152710178498087E-003
   114.0000     -5.907008138629532E-003
   115.0000     -5.667970748075310E-003
   116.0000     -5.435463609152462E-003
   117.0000     -5.209354826152991E-003
   118.0000     -4.989514986306284E-003
   119.0000     -4.775817138020007E-003
   120.0000     -4.568136766766457E-003
   121.0000     -4.366351768933520E-003
   122.0000     -4.170342423915361E-003
   123.0000     -3.979991364707078E-003
   124.0000     -3.795183547235337E-003
   125.0000     -3.615806218643320E-003
   126.0000     -3.441748884736469E-003
   127.0000     -3.272903276777736E-003
   128.0000     -3.109163317811978E-003
   129.0000     -2.950425088690970E-003
   130.0000     -2.796586793962700E-003
   131.0000     -2.647548727778842E-003
   132.0000     -2.503213239977563E-003
   133.0000     -2.363484702490173E-003
   134.0000     -2.228269476220413E-003
   135.0000     -2.097475878553906E-003
   136.0000     -1.971014151649490E-003
   137.0000     -1.848796431678062E-003
   138.0000     -1.730736719187164E-003
   139.0000     -1.616750850773601E-003
   140.0000     -1.506756472280239E-003
   141.0000     -1.400673013746257E-003
   142.0000     -1.298421666380869E-003
   143.0000     -1.199925361871723E-003
   144.0000     -1.105108754400637E-003
   145.0000     -1.013898205820287E-003
   146.0000     -9.262217745742172E-004
   147.0000     -8.420092091562411E-004
   148.0000     -7.611919473363144E-004
   149.0000     -6.837031234726081E-004
   150.0000     -6.094775898153594E-004
   151.0000     -5.384519739723328E-004
   152.0000     -4.705649132494291E-004
   153.0000     -4.057603315299561E-004
   154.0000     -3.801868988790701E-004
   155.0000     -3.439579297702170E-004
   156.0000     -2.851351173223204E-004
   157.0000     -2.292194891722676E-004
   158.0000     -1.761610958159777E-004
   159.0000     -1.259104947556832E-004
   160.0000     -7.842058475960133E-005
   161.0000     -3.364704339175006E-005
