  0.0000000E+00 -7.669893484830576E-002
   1.000000     -7.577596443281730E-002
   2.000000     -7.485989643545640E-002
   3.000000     -7.395071112753622E-002
   4.000000     -7.304838873092262E-002
   5.000000     -7.215290764292696E-002
   6.000000     -7.126425331034125E-002
   7.000000     -7.038240048072368E-002
   8.000000     -6.950733095063262E-002
   9.000000     -6.863902469116441E-002
   10.00000     -6.777746162255857E-002
   11.00000     -6.692262161398510E-002
   12.00000     -6.607448270840771E-002
   13.00000     -6.523302999666035E-002
   14.00000     -6.439823786864933E-002
   15.00000     -6.357008776159496E-002
   16.00000     -6.274855928616752E-002
   17.00000     -6.193363200045933E-002
   18.00000     -6.112528539866657E-002
   19.00000     -6.032349894213952E-002
   20.00000     -5.952825217995545E-002
   21.00000     -5.873952414999245E-002
   22.00000     -5.795729276296327E-002
   23.00000     -5.718154072177008E-002
   24.00000     -5.641226001780150E-002
   25.00000     -5.564937807920302E-002
   26.00000     -5.489285091669818E-002
   27.00000     -5.414301006140592E-002
   28.00000     -5.339976621350824E-002
   29.00000     -5.266122026192888E-002
   30.00000     -5.192885167334494E-002
   31.00000     -5.121081821959762E-002
   32.00000     -5.049719803889056E-002
   33.00000     -4.976353003252323E-002
   34.00000     -4.905134835885457E-002
   35.00000     -4.843311361106967E-002
   36.00000     -4.773998532132075E-002
   37.00000     -4.692226598774967E-002
   38.00000     -4.620385172076585E-002
   39.00000     -4.585118686792006E-002
   40.00000     -4.503629346015535E-002
   41.00000     -4.412320991474191E-002
   42.00000     -4.320748338234714E-002
   43.00000     -4.294526817710979E-002
   44.00000     -4.225873128040466E-002
   45.00000     -4.133523555685457E-002
   46.00000     -4.041474955201967E-002
   47.00000     -3.950154701678817E-002
   48.00000     -3.911409021577729E-002
   49.00000     -3.859305510554674E-002
   50.00000     -3.769699347482931E-002
   51.00000     -3.681067993992311E-002
   52.00000     -3.593530566647589E-002
   53.00000     -3.507165833265782E-002
   54.00000     -3.461086786791615E-002
   55.00000     -3.421932741946929E-002
   56.00000     -3.338034727374552E-002
   57.00000     -3.255404807773095E-002
   58.00000     -3.174086062811017E-002
   59.00000     -3.094101938133209E-002
   60.00000     -3.015470954040726E-002
   61.00000     -2.944211213864341E-002
   62.00000     -2.938127933684387E-002
   63.00000     -2.862291225209896E-002
   64.00000     -2.787771675745315E-002
   65.00000     -2.714629298126416E-002
   66.00000     -2.642864452821492E-002
   67.00000     -2.572474255502483E-002
   68.00000     -2.503453611610242E-002
   69.00000     -2.435795806572305E-002
   70.00000     -2.369500694553633E-002
   71.00000     -2.357215476583940E-002
   72.00000     -2.304524168142525E-002
   73.00000     -2.240895530720654E-002
   74.00000     -2.178584842955051E-002
   75.00000     -2.117579258197202E-002
   76.00000     -2.057864352209322E-002
   77.00000     -1.999424844309807E-002
   78.00000     -1.942244774910065E-002
   79.00000     -1.886307619808305E-002
   80.00000     -1.831596391790091E-002
   81.00000     -1.778093771710066E-002
   82.00000     -1.725782754390736E-002
   83.00000     -1.695425752854410E-002
   84.00000     -1.674638858986601E-002
   85.00000     -1.624655773544292E-002
   86.00000     -1.575807270822328E-002
   87.00000     -1.528076237745835E-002
   88.00000     -1.481444261648780E-002
   89.00000     -1.435892810981505E-002
   90.00000     -1.391403343082857E-002
   91.00000     -1.347957349431825E-002
   92.00000     -1.305536387836429E-002
   93.00000     -1.264122109200493E-002
   94.00000     -1.223696280834746E-002
   95.00000     -1.184240807084218E-002
   96.00000     -1.145737747751583E-002
   97.00000     -1.108169334839776E-002
   98.00000     -1.071517988695993E-002
   99.00000     -1.035766337502118E-002
   100.0000     -1.000897265272611E-002
   101.0000     -9.668944887476601E-003
   102.0000     -9.528356608078974E-003
   103.0000     -9.337372524110982E-003
   104.0000     -9.014152100538931E-003
   105.0000     -8.699087006981509E-003
   106.0000     -8.392020985505868E-003
   107.0000     -8.092796758581922E-003
   108.0000     -7.801259182992426E-003
   109.0000     -7.517255547377353E-003
   110.0000     -7.240635645230766E-003
   111.0000     -6.971251801615105E-003
   112.0000     -6.708958883457160E-003
   113.0000     -6.453614301101696E-003
   114.0000     -6.205078003832765E-003
   115.0000     -5.963212470611745E-003
   116.0000     -5.727882696796341E-003
   117.0000     -5.498956177371903E-003
   118.0000     -5.276302887125476E-003
   119.0000     -5.059795258136615E-003
   120.0000     -4.849308154907593E-003
   121.0000     -4.644718847426086E-003
   122.0000     -4.445906982431874E-003
   123.0000     -4.252754553127315E-003
   124.0000     -4.065145867565861E-003
   125.0000     -3.882967515918343E-003
   126.0000     -3.706108336816586E-003
   127.0000     -3.534459382951818E-003
   128.0000     -3.367913886096400E-003
   129.0000     -3.206367221705037E-003
   130.0000     -3.049716873243552E-003
   131.0000     -2.897862396387680E-003
   132.0000     -2.750705383223226E-003
   133.0000     -2.608149426581215E-003
   134.0000     -2.470100084640412E-003
   135.0000     -2.336464845926482E-003
   136.0000     -2.207153094863438E-003
   137.0000     -2.082076078050683E-003
   138.0000     -1.961146871521849E-003
   139.0000     -1.844280349414565E-003
   140.0000     -1.731393154991282E-003
   141.0000     -1.622403676583857E-003
   142.0000     -1.517232037613539E-003
   143.0000     -1.415800146477026E-003
   144.0000     -1.318032229891096E-003
   145.0000     -1.227076031214814E-003
   146.0000     -1.223759012580503E-003
   147.0000     -1.133177306697786E-003
   148.0000     -1.045954414203357E-003
   149.0000     -9.621030810816213E-004
   150.0000     -8.815553611140436E-004
   151.0000     -8.042442795891063E-004
   152.0000     -7.301043007902838E-004
   153.0000     -6.590713964094792E-004
   154.0000     -5.910830678226695E-004
   155.0000     -5.260783636708841E-004
   156.0000     -4.639979023707392E-004
   157.0000     -4.047839036644558E-004
   158.0000     -3.483802323754155E-004
   159.0000     -2.947324578233593E-004
   160.0000     -2.437879332229139E-004
   161.0000     -1.954959007842275E-004
   162.0000     -1.498076302913650E-004
   163.0000     -1.066766019762511E-004
   164.0000     -6.605874906105670E-005
   165.0000     -2.791278233911555E-005
