  0.0000000E+00 -7.793119466512280E-002
   1.000000     -7.700459658255526E-002
   2.000000     -7.608489219618179E-002
   3.000000     -7.517206173565720E-002
   4.000000     -7.426608538088449E-002
   5.000000     -7.336694326181634E-002
   6.000000     -7.247461545821274E-002
   7.000000     -7.158908199942363E-002
   8.000000     -7.071032286411229E-002
   9.000000     -6.983831798007900E-002
   10.00000     -6.897304722397514E-002
   11.00000     -6.811449042108765E-002
   12.00000     -6.726262734509572E-002
   13.00000     -6.641743771783269E-002
   14.00000     -6.557890120901479E-002
   15.00000     -6.474699743604588E-002
   16.00000     -6.392170596443100E-002
   17.00000     -6.310300630514017E-002
   18.00000     -6.229087790624382E-002
   19.00000     -6.148529848933665E-002
   20.00000     -6.068625268193370E-002
   21.00000     -5.989371400775177E-002
   22.00000     -5.910766286157584E-002
   23.00000     -5.832808565104001E-002
   24.00000     -5.755496006060095E-002
   25.00000     -5.678820713711807E-002
   26.00000     -5.602786924300679E-002
   27.00000     -5.527428126859437E-002
   28.00000     -5.452680629568073E-002
   29.00000     -5.378390391397882E-002
   30.00000     -5.304966687154928E-002
   31.00000     -5.232907294168157E-002
   32.00000     -5.160327569770994E-002
   33.00000     -5.086324210182052E-002
   34.00000     -5.017893892131474E-002
   35.00000     -4.954771118859314E-002
   36.00000     -4.879138376547972E-002
   37.00000     -4.796323565631608E-002
   38.00000     -4.744614327468488E-002
   39.00000     -4.690902268056024E-002
   40.00000     -4.601866773792047E-002
   41.00000     -4.509104647455831E-002
   42.00000     -4.437023171031428E-002
   43.00000     -4.412865955234189E-002
   44.00000     -4.320409410592903E-002
   45.00000     -4.226976486056040E-002
   46.00000     -4.134021523639934E-002
   47.00000     -4.054070934527946E-002
   48.00000     -4.041164565843749E-002
   49.00000     -3.950126342629147E-002
   50.00000     -3.859647032327924E-002
   51.00000     -3.770194889593519E-002
   52.00000     -3.681860190973697E-002
   53.00000     -3.605277400558354E-002
   54.00000     -3.594540068980242E-002
   55.00000     -3.508708408260298E-002
   56.00000     -3.424031136176543E-002
   57.00000     -3.340646785272770E-002
   58.00000     -3.258585331801307E-002
   59.00000     -3.177869539019372E-002
   60.00000     -3.098557418373385E-002
   61.00000     -3.089941765192793E-002
   62.00000     -3.020515248443617E-002
   63.00000     -2.943913372119887E-002
   64.00000     -2.868694125671729E-002
   65.00000     -2.794860869226948E-002
   66.00000     -2.722412901617824E-002
   67.00000     -2.651347013469099E-002
   68.00000     -2.581658195922523E-002
   69.00000     -2.513353795375720E-002
   70.00000     -2.504769138305376E-002
   71.00000     -2.446372229530079E-002
   72.00000     -2.380762752836706E-002
   73.00000     -2.316490207167304E-002
   74.00000     -2.253542483946309E-002
   75.00000     -2.191905853102587E-002
   76.00000     -2.131565625409340E-002
   77.00000     -2.072506336715810E-002
   78.00000     -2.014711873584182E-002
   79.00000     -1.958165595807626E-002
   80.00000     -1.902850578357364E-002
   81.00000     -1.848762003775448E-002
   82.00000     -1.844664230765610E-002
   83.00000     -1.795839547625180E-002
   84.00000     -1.744110876356852E-002
   85.00000     -1.693540775665318E-002
   86.00000     -1.644111073918035E-002
   87.00000     -1.595803228602334E-002
   88.00000     -1.548598593942842E-002
   89.00000     -1.502478489408327E-002
   90.00000     -1.457424241718734E-002
   91.00000     -1.413417218522185E-002
   92.00000     -1.370438857520519E-002
   93.00000     -1.328470692304342E-002
   94.00000     -1.287494375624806E-002
   95.00000     -1.247491700996736E-002
   96.00000     -1.208444625023438E-002
   97.00000     -1.170335302248545E-002
   98.00000     -1.133146259189336E-002
   99.00000     -1.103780918031716E-002
   100.0000     -1.096855581993821E-002
   101.0000     -1.061456374077088E-002
   102.0000     -1.026922997965674E-002
   103.0000     -9.932407749252690E-003
   104.0000     -9.603931927764492E-003
   105.0000     -9.283639013988773E-003
   106.0000     -8.971367793385535E-003
   107.0000     -8.666959478488449E-003
   108.0000     -8.370257765836317E-003
   109.0000     -8.081108867433223E-003
   110.0000     -7.799361529737696E-003
   111.0000     -7.524867044329189E-003
   112.0000     -7.257479252037880E-003
   113.0000     -6.997054541550956E-003
   114.0000     -6.743451843192088E-003
   115.0000     -6.496532618432522E-003
   116.0000     -6.256160845594574E-003
   117.0000     -6.022203002163463E-003
   118.0000     -5.794528044077449E-003
   119.0000     -5.573007382329964E-003
   120.0000     -5.357514857192380E-003
   121.0000     -5.147926710340573E-003
   122.0000     -4.944121555139270E-003
   123.0000     -4.745980345331963E-003
   124.0000     -4.553386342357340E-003
   125.0000     -4.366225081506222E-003
   126.0000     -4.184384337134756E-003
   127.0000     -4.007754087153750E-003
   128.0000     -3.836226477073856E-003
   129.0000     -3.669695784026360E-003
   130.0000     -3.508058381602786E-003
   131.0000     -3.351212707732830E-003
   132.0000     -3.199059243180027E-003
   133.0000     -3.051500536402641E-003
   134.0000     -2.908441564962725E-003
   135.0000     -2.769809919654295E-003
   136.0000     -2.753324432355351E-003
   137.0000     -2.635437977232937E-003
   138.0000     -2.505321165660953E-003
   139.0000     -2.379337944833091E-003
   140.0000     -2.257402840595296E-003
   141.0000     -2.139431246916311E-003
   142.0000     -2.025340112600213E-003
   143.0000     -1.915047998661769E-003
   144.0000     -1.808475066083378E-003
   145.0000     -1.705543049446998E-003
   146.0000     -1.606175227061285E-003
   147.0000     -1.510296390445599E-003
   148.0000     -1.417832814166632E-003
   149.0000     -1.328712226460251E-003
   150.0000     -1.242863780884890E-003
   151.0000     -1.160218029185712E-003
   152.0000     -1.080706895532556E-003
   153.0000     -1.004263652298870E-003
   154.0000     -9.308228975673926E-004
   155.0000     -8.603205345771210E-004
   156.0000     -7.926937533659325E-004
   157.0000     -7.278810149144455E-004
   158.0000     -6.658220381618917E-004
   159.0000     -6.064577903521124E-004
   160.0000     -5.497304812750261E-004
   161.0000     -4.955835621148191E-004
   162.0000     -4.439617298006291E-004
   163.0000     -3.948109380058401E-004
   164.0000     -3.480784162736982E-004
   165.0000     -3.037126991969755E-004
   166.0000     -2.616636681990181E-004
   167.0000     -2.218826093267142E-004
   168.0000     -1.843222916923947E-004
   169.0000     -1.489370729729595E-004
   170.0000     -1.156830409941575E-004
   171.0000     -8.451820438752693E-005
   172.0000     -5.540275146665164E-005
   173.0000     -2.829940634440138E-005
   174.0000     -3.173927742027605E-006
