  0.0000000E+00 -7.673338912105832E-002
   1.000000     -7.581031707604466E-002
   2.000000     -7.489414720322926E-002
   3.000000     -7.398485977273371E-002
   4.000000     -7.308243500521096E-002
   5.000000     -7.218685307161808E-002
   6.000000     -7.129809409298256E-002
   7.000000     -7.041613814017376E-002
   8.000000     -6.954096523366897E-002
   9.000000     -6.867255534331682E-002
   10.00000     -6.781088838810757E-002
   11.00000     -6.695594423594461E-002
   12.00000     -6.610770270337590E-002
   13.00000     -6.526614355540714E-002
   14.00000     -6.443124650520374E-002
   15.00000     -6.360299121384042E-002
   16.00000     -6.278135729069018E-002
   17.00000     -6.196632429249336E-002
   18.00000     -6.115787171207166E-002
   19.00000     -6.035597901013639E-002
   20.00000     -5.956062573421226E-002
   21.00000     -5.877179091181105E-002
   22.00000     -5.798945246605199E-002
   23.00000     -5.721359455308563E-002
   24.00000     -5.644420483030564E-002
   25.00000     -5.568121434861761E-002
   26.00000     -5.492457983865300E-002
   27.00000     -5.417463465705217E-002
   28.00000     -5.343127510541602E-002
   29.00000     -5.269260153889155E-002
   30.00000     -5.196016831798898E-002
   31.00000     -5.124209472650858E-002
   32.00000     -5.052816585336295E-002
   33.00000     -4.979420368277241E-002
   34.00000     -4.908268406897914E-002
   35.00000     -4.846459168112292E-002
   36.00000     -4.776956756624624E-002
   37.00000     -4.695112498667302E-002
   38.00000     -4.623755390746904E-002
   39.00000     -4.588219896671542E-002
   40.00000     -4.506384422200496E-002
   41.00000     -4.415027502640093E-002
   42.00000     -4.323493277590631E-002
   43.00000     -4.298346171454590E-002
   44.00000     -4.228520957947710E-002
   45.00000     -4.136138161898011E-002
   46.00000     -4.044063618193881E-002
   47.00000     -3.952723654947131E-002
   48.00000     -3.915375954781312E-002
   49.00000     -3.861847279675641E-002
   50.00000     -3.772215499374028E-002
   51.00000     -3.683561074459921E-002
   52.00000     -3.596001220618434E-002
   53.00000     -3.509615316301590E-002
   54.00000     -3.465114132220244E-002
   55.00000     -3.424360670516798E-002
   56.00000     -3.340440166480194E-002
   57.00000     -3.257789093272030E-002
   58.00000     -3.176449544032798E-002
   59.00000     -3.096444912604756E-002
   60.00000     -3.017793781342962E-002
   61.00000     -2.948275422311525E-002
   62.00000     -2.940445631294030E-002
   63.00000     -2.864574198378959E-002
   64.00000     -2.790035025283513E-002
   65.00000     -2.716873299998736E-002
   66.00000     -2.645089327058888E-002
   67.00000     -2.574680209330408E-002
   68.00000     -2.505640847273941E-002
   69.00000     -2.437964542397388E-002
   70.00000     -2.371653335928845E-002
   71.00000     -2.361340556298002E-002
   72.00000     -2.306656423488721E-002
   73.00000     -2.243009709385207E-002
   74.00000     -2.180681178275280E-002
   75.00000     -2.119657920852482E-002
   76.00000     -2.059925502520862E-002
   77.00000     -2.001468636822502E-002
   78.00000     -1.944271359486926E-002
   79.00000     -1.888317142256071E-002
   80.00000     -1.833588994981116E-002
   81.00000     -1.780069601042734E-002
   82.00000     -1.727742057520066E-002
   83.00000     -1.699600235961417E-002
   84.00000     -1.676581741132823E-002
   85.00000     -1.626582027985416E-002
   86.00000     -1.577717232493581E-002
   87.00000     -1.529970035140359E-002
   88.00000     -1.483322011138432E-002
   89.00000     -1.437754623883349E-002
   90.00000     -1.393249326800306E-002
   91.00000     -1.349787607782884E-002
   92.00000     -1.307351021195827E-002
   93.00000     -1.265921214584787E-002
   94.00000     -1.225479951968254E-002
   95.00000     -1.186009134461737E-002
   96.00000     -1.147490818715067E-002
   97.00000     -1.109907233706374E-002
   98.00000     -1.073240797068565E-002
   99.00000     -1.037474135404401E-002
   100.0000     -1.002590138520902E-002
   101.0000     -9.685727693404544E-003
   102.0000     -9.570573522246956E-003
   103.0000     -9.354005471465417E-003
   104.0000     -9.030636739913932E-003
   105.0000     -8.715424825365112E-003
   106.0000     -8.408212647792072E-003
   107.0000     -8.108842845545205E-003
   108.0000     -7.817160234619199E-003
   109.0000     -7.533012070540680E-003
   110.0000     -7.256248115820423E-003
   111.0000     -6.986720665303869E-003
   112.0000     -6.724284556025067E-003
   113.0000     -6.468797168579842E-003
   114.0000     -6.220118422555702E-003
   115.0000     -5.978110767215892E-003
   116.0000     -5.742639168177643E-003
   117.0000     -5.513571090607221E-003
   118.0000     -5.290776479362880E-003
   119.0000     -5.074127736454542E-003
   120.0000     -4.863499696139238E-003
   121.0000     -4.658769597951484E-003
   122.0000     -4.459817057933908E-003
   123.0000     -4.266524038309963E-003
   124.0000     -4.078774815831116E-003
   125.0000     -3.896455949000584E-003
   126.0000     -3.719456244369404E-003
   127.0000     -3.547666722084719E-003
   128.0000     -3.380980580857131E-003
   129.0000     -3.219293162500813E-003
   130.0000     -3.062501916200959E-003
   131.0000     -2.910506362639689E-003
   132.0000     -2.763208058123098E-003
   133.0000     -2.620510558835196E-003
   134.0000     -2.482319385354004E-003
   135.0000     -2.348541987564508E-003
   136.0000     -2.219087710126901E-003
   137.0000     -2.093867758691433E-003
   138.0000     -1.972795167156568E-003
   139.0000     -1.855784766514137E-003
   140.0000     -1.742753156568098E-003
   141.0000     -1.633618684380904E-003
   142.0000     -1.528301444652893E-003
   143.0000     -1.426723391509105E-003
   144.0000     -1.328809799046031E-003
   145.0000     -1.269687519901087E-003
   146.0000     -1.234467099399357E-003
   147.0000     -1.143657134389917E-003
   148.0000     -1.056283982212640E-003
   149.0000     -9.722817859225215E-004
   150.0000     -8.915821855606620E-004
   151.0000     -8.141180736226857E-004
   152.0000     -7.398238111400954E-004
   153.0000     -6.686352670775852E-004
   154.0000     -6.004898335444059E-004
   155.0000     -5.353264401925180E-004
   156.0000     -4.730855742941816E-004
   157.0000     -4.137093097875065E-004
   158.0000     -3.571413481178104E-004
   159.0000     -3.033270740888626E-004
   160.0000     -2.522136307900850E-004
   161.0000     -2.037500189856188E-004
   162.0000     -1.578872282771996E-004
   163.0000     -1.145784101848717E-004
   164.0000     -7.377910751388096E-005
   165.0000     -3.544756083258425E-005
