  0.0000000E+00 -8.064709058832793E-002
   1.000000     -7.971254605643857E-002
   2.000000     -7.878488072686762E-002
   3.000000     -7.786406843414674E-002
   4.000000     -7.695009137697391E-002
   5.000000     -7.604292960006923E-002
   6.000000     -7.514256309749716E-002
   7.000000     -7.424897181244396E-002
   8.000000     -7.336213563697845E-002
   9.000000     -7.248203441181204E-002
   10.00000     -7.160864792607609E-002
   11.00000     -7.074195591704056E-002
   12.00000     -6.988193806992750E-002
   13.00000     -6.902857401762512E-002
   14.00000     -6.818184334044046E-002
   15.00000     -6.734172556608971E-002
   16.00000     -6.650820016933112E-002
   17.00000     -6.568124656678956E-002
   18.00000     -6.486084412944776E-002
   19.00000     -6.404697224400849E-002
   20.00000     -6.323961001645240E-002
   21.00000     -6.243873593325147E-002
   22.00000     -6.164433191743200E-002
   23.00000     -6.085638150825593E-002
   24.00000     -6.007483404555061E-002
   25.00000     -5.929966272294611E-002
   26.00000     -5.853107804817819E-002
   27.00000     -5.776892018839601E-002
   28.00000     -5.701191207043260E-002
   29.00000     -5.626173831315101E-002
   30.00000     -5.552368842310892E-002
   31.00000     -5.478733434877450E-002
   32.00000     -5.403812998872084E-002
   33.00000     -5.332173890115728E-002
   34.00000     -5.266835466882514E-002
   35.00000     -5.192673546342320E-002
   36.00000     -5.109786359383313E-002
   37.00000     -5.050174594970252E-002
   38.00000     -5.000061973377508E-002
   39.00000     -4.911567189678620E-002
   40.00000     -4.817323308338740E-002
   41.00000     -4.744990015694656E-002
   42.00000     -4.718504077145300E-002
   43.00000     -4.623988585451067E-002
   44.00000     -4.528118775235634E-002
   45.00000     -4.432603297390699E-002
   46.00000     -4.366611609197402E-002
   47.00000     -4.337248420307587E-002
   48.00000     -4.243218915433155E-002
   49.00000     -4.149917179296463E-002
   50.00000     -4.057599185265583E-002
   51.00000     -3.966376294155904E-002
   52.00000     -3.922208317241745E-002
   53.00000     -3.876200639029740E-002
   54.00000     -3.787325479139857E-002
   55.00000     -3.699682124068831E-002
   56.00000     -3.613325544217343E-002
   57.00000     -3.528289758032687E-002
   58.00000     -3.444608371397110E-002
   59.00000     -3.410959107610096E-002
   60.00000     -3.362256275802852E-002
   61.00000     -3.281316788028690E-002
   62.00000     -3.201763877424989E-002
   63.00000     -3.123608934328100E-002
   64.00000     -3.046856434117608E-002
   65.00000     -2.971507630103377E-002
   66.00000     -2.897561670663849E-002
   67.00000     -2.829585727666041E-002
   68.00000     -2.824969500690517E-002
   69.00000     -2.753849717314726E-002
   70.00000     -2.684077589569395E-002
   71.00000     -2.615679398670932E-002
   72.00000     -2.548644823711761E-002
   73.00000     -2.482961836516163E-002
   74.00000     -2.418617220879274E-002
   75.00000     -2.355596771795820E-002
   76.00000     -2.293885461666723E-002
   77.00000     -2.233467749723347E-002
   78.00000     -2.174383311798485E-002
   79.00000     -2.173111785477116E-002
   80.00000     -2.116441926934307E-002
   81.00000     -2.059802946811995E-002
   82.00000     -2.004387920462465E-002
   83.00000     -1.950178979611193E-002
   84.00000     -1.897157749139265E-002
   85.00000     -1.845305615669257E-002
   86.00000     -1.794603808923502E-002
   87.00000     -1.745033455901401E-002
   88.00000     -1.696575625787476E-002
   89.00000     -1.649211369622613E-002
   90.00000     -1.602921756618968E-002
   91.00000     -1.557687910033226E-002
   92.00000     -1.513491055385663E-002
   93.00000     -1.470312715682248E-002
   94.00000     -1.435991804664594E-002
   95.00000     -1.428129473944455E-002
   96.00000     -1.386934295881685E-002
   97.00000     -1.346699436161802E-002
   98.00000     -1.307409185981776E-002
   99.00000     -1.269045726348911E-002
   100.0000     -1.231591356113176E-002
   101.0000     -1.195028569912448E-002
   102.0000     -1.159340078455871E-002
   103.0000     -1.124508819345296E-002
   104.0000     -1.090517964765359E-002
   105.0000     -1.057350927479110E-002
   106.0000     -1.024991365604764E-002
   107.0000     -9.934231863916872E-003
   108.0000     -9.626305491270906E-003
   109.0000     -9.325978672702358E-003
   110.0000     -9.033098098933497E-003
   111.0000     -8.747513024985509E-003
   112.0000     -8.469075272730737E-003
   113.0000     -8.197639228418135E-003
   114.0000     -7.933061835752172E-003
   115.0000     -7.675202585167596E-003
   116.0000     -7.423923500151822E-003
   117.0000     -7.179089122198143E-003
   118.0000     -6.940566498515191E-003
   119.0000     -6.708225187830920E-003
   120.0000     -6.481937370622928E-003
   121.0000     -6.261579146461854E-003
   122.0000     -6.112766601576882E-003
   123.0000     -6.047006101169305E-003
   124.0000     -5.838140699332562E-003
   125.0000     -5.634832528303772E-003
   126.0000     -5.436971867442926E-003
   127.0000     -5.244445081303865E-003
   128.0000     -5.057140380826992E-003
   129.0000     -4.874948069967547E-003
   130.0000     -4.697760558358749E-003
   131.0000     -4.525472336723734E-003
   132.0000     -4.357979942792273E-003
   133.0000     -4.195181924032150E-003
   134.0000     -4.036978799085744E-003
   135.0000     -3.883273018645518E-003
   136.0000     -3.733968926088838E-003
   137.0000     -3.588972718061510E-003
   138.0000     -3.448192405120481E-003
   139.0000     -3.311537772525254E-003
   140.0000     -3.178920341239839E-003
   141.0000     -3.050253329203137E-003
   142.0000     -2.925451612910859E-003
   143.0000     -2.804431689350685E-003
   144.0000     -2.687111638324093E-003
   145.0000     -2.573411085184710E-003
   146.0000     -2.463251164019697E-003
   147.0000     -2.356554481296273E-003
   148.0000     -2.253245079993080E-003
   149.0000     -2.153248404232423E-003
   150.0000     -2.056491264427454E-003
   151.0000     -1.962901802956457E-003
   152.0000     -1.872409460373178E-003
   153.0000     -1.784944942159882E-003
   154.0000     -1.700440186030759E-003
   155.0000     -1.618828329787816E-003
   156.0000     -1.540043679733683E-003
   157.0000     -1.464021679639555E-003
   158.0000     -1.390698880272709E-003
   159.0000     -1.320012909477901E-003
   160.0000     -1.251902442813893E-003
   161.0000     -1.186307174740198E-003
   162.0000     -1.123167790350581E-003
   163.0000     -1.062425937649259E-003
   164.0000     -1.004024200363858E-003
   165.0000     -9.479060712890787E-004
   166.0000     -8.940159261556867E-004
   167.0000     -8.422989980161391E-004
   168.0000     -7.927013521413748E-004
   169.0000     -7.451698614199789E-004
   170.0000     -6.996521822512775E-004
   171.0000     -6.560967309251923E-004
   172.0000     -6.144526604793204E-004
   173.0000     -5.746698380246571E-004
   174.0000     -5.366988225310141E-004
   175.0000     -5.004908430629244E-004
   176.0000     -4.659977774565334E-004
   177.0000     -4.331721314285359E-004
   178.0000     -4.019670181069549E-004
   179.0000     -3.723361379749167E-004
   180.0000     -3.442337592174729E-004
   181.0000     -3.176146984614859E-004
   182.0000     -2.924343018995198E-004
   183.0000     -2.686484267879678E-004
   184.0000     -2.462134233092300E-004
   185.0000     -2.250861167889466E-004
   186.0000     -2.052237902582783E-004
   187.0000     -1.865841673516770E-004
   188.0000     -1.691253955308826E-004
   189.0000     -1.528060296253971E-004
   190.0000     -1.375850156799493E-004
   191.0000     -1.234216750996446E-004
   192.0000     -1.102756890836245E-004
   193.0000     -9.810708333765119E-005
   194.0000     -8.687621305661678E-005
   195.0000     -7.654374816782479E-005
   196.0000     -6.707065882578865E-005
   197.0000     -5.841820114985194E-005
   198.0000     -5.054790319530027E-005
   199.0000     -4.342155114963264E-005
   200.0000     -3.700117574485515E-005
   201.0000     -3.124903887740959E-005
   202.0000     -2.612762042737959E-005
   203.0000     -2.159960526870588E-005
   204.0000     -1.762787046291777E-005
   205.0000     -1.417547262908870E-005
   206.0000     -1.120563548433550E-005
   207.0000     -8.681737550801737E-006
   208.0000     -6.567300029099319E-006
   209.0000     -4.825974845418015E-006
   210.0000     -3.421532895299727E-006
   211.0000     -2.317852542008602E-006
   212.0000     -1.478908514142657E-006
   213.0000     -8.687615856199559E-007
   214.0000     -4.515501850727715E-007
   215.0000     -1.914881128843943E-007
   216.0000     -5.288954982468274E-008
