  0.0000000E+00 -7.431351296131244E-002
   1.000000     -7.339760702228300E-002
   2.000000     -7.248862082348101E-002
   3.000000     -7.158653472342502E-002
   4.000000     -7.069132903178958E-002
   5.000000     -6.980298400920447E-002
   6.000000     -6.892147986702983E-002
   7.000000     -6.804679676712330E-002
   8.000000     -6.717891482163292E-002
   9.000000     -6.631781223083121E-002
   10.00000     -6.546347459247567E-002
   11.00000     -6.461587628245000E-002
   12.00000     -6.377499907365086E-002
   13.00000     -6.294082282620982E-002
   14.00000     -6.211332734916693E-002
   15.00000     -6.129249240017196E-002
   16.00000     -6.047829768544515E-002
   17.00000     -5.967072286101871E-002
   18.00000     -5.886974752548713E-002
   19.00000     -5.807535120685037E-002
   20.00000     -5.728751349170090E-002
   21.00000     -5.650621402226112E-002
   22.00000     -5.573143093695547E-002
   23.00000     -5.496314281843331E-002
   24.00000     -5.420134187262769E-002
   25.00000     -5.344600380827168E-002
   26.00000     -5.269701296208677E-002
   27.00000     -5.195444393122847E-002
   28.00000     -5.121882653716401E-002
   29.00000     -5.048931655381279E-002
   30.00000     -4.976356721410185E-002
   31.00000     -4.904665083764201E-002
   32.00000     -4.834673254000446E-002
   33.00000     -4.764138697414408E-002
   34.00000     -4.691231460278086E-002
   35.00000     -4.623558084860732E-002
   36.00000     -4.564752977591389E-002
   37.00000     -4.492519026704327E-002
   38.00000     -4.410014108212557E-002
   39.00000     -4.347364629174462E-002
   40.00000     -4.309303575587357E-002
   41.00000     -4.224503131684881E-002
   42.00000     -4.134461491050852E-002
   43.00000     -4.044778107440396E-002
   44.00000     -4.023152750838901E-002
   45.00000     -3.952193960921438E-002
   46.00000     -3.862061153107402E-002
   47.00000     -3.772399630720627E-002
   48.00000     -3.683531873447734E-002
   49.00000     -3.635858561051160E-002
   50.00000     -3.595283295282485E-002
   51.00000     -3.508304619472047E-002
   52.00000     -3.422333311095528E-002
   53.00000     -3.337488690056392E-002
   54.00000     -3.253833432239617E-002
   55.00000     -3.181895180488858E-002
   56.00000     -3.171279108795205E-002
   57.00000     -3.090201091424594E-002
   58.00000     -3.010329604643155E-002
   59.00000     -2.931770565569746E-002
   60.00000     -2.854544221427452E-002
   61.00000     -2.778664592181659E-002
   62.00000     -2.704144311512560E-002
   63.00000     -2.661442317565132E-002
   64.00000     -2.630960218057424E-002
   65.00000     -2.559167308376019E-002
   66.00000     -2.488731089989024E-002
   67.00000     -2.419654764362396E-002
   68.00000     -2.351934111991517E-002
   69.00000     -2.285562614580583E-002
   70.00000     -2.220532019131076E-002
   71.00000     -2.156832742711902E-002
   72.00000     -2.094456570326049E-002
   73.00000     -2.071196751462982E-002
   74.00000     -2.033375147131609E-002
   75.00000     -1.973598632950578E-002
   76.00000     -1.915100438838642E-002
   77.00000     -1.857866851424619E-002
   78.00000     -1.801882375288127E-002
   79.00000     -1.747130821803199E-002
   80.00000     -1.693595489282337E-002
   81.00000     -1.641259262091366E-002
   82.00000     -1.590104690089623E-002
   83.00000     -1.540114062846186E-002
   84.00000     -1.491269501944018E-002
   85.00000     -1.443553294800808E-002
   86.00000     -1.406124336391681E-002
   87.00000     -1.396939753972383E-002
   88.00000     -1.351428055808834E-002
   89.00000     -1.306985585078675E-002
   90.00000     -1.263597616474582E-002
   91.00000     -1.221246049852959E-002
   92.00000     -1.179912720452379E-002
   93.00000     -1.139579529736591E-002
   94.00000     -1.100228485798105E-002
   95.00000     -1.061841728479884E-002
   96.00000     -1.024401549190923E-002
   97.00000     -9.878904077118764E-003
   98.00000     -9.522909467731331E-003
   99.00000     -9.175860047782246E-003
   100.0000     -8.837586269186385E-003
   101.0000     -8.507920748879049E-003
   102.0000     -8.186698354280143E-003
   103.0000     -7.873756280953775E-003
   104.0000     -7.568934132461928E-003
   105.0000     -7.272074042539412E-003
   106.0000     -6.983021110104517E-003
   107.0000     -6.701630434853125E-003
   108.0000     -6.602603824044986E-003
   109.0000     -6.427708649879608E-003
   110.0000     -6.161169231513914E-003
   111.0000     -5.901835083561246E-003
   112.0000     -5.649566399263427E-003
   113.0000     -5.404223246014811E-003
   114.0000     -5.165667938387699E-003
   115.0000     -4.933765260261435E-003
   116.0000     -4.708382503101100E-003
   117.0000     -4.489389466834505E-003
   118.0000     -4.276658448573830E-003
   119.0000     -4.070064225712299E-003
   120.0000     -3.869484035659171E-003
   121.0000     -3.674797553235487E-003
   122.0000     -3.485886866320698E-003
   123.0000     -3.302636450165617E-003
   124.0000     -3.124933140701348E-003
   125.0000     -2.952666107143719E-003
   126.0000     -2.785726824154596E-003
   127.0000     -2.624009043827576E-003
   128.0000     -2.467408767742100E-003
   129.0000     -2.315824219344493E-003
   130.0000     -2.169155816906145E-003
   131.0000     -2.027306147329033E-003
   132.0000     -1.890179941076125E-003
   133.0000     -1.757684048526761E-003
   134.0000     -1.629727418086349E-003
   135.0000     -1.506221076412592E-003
   136.0000     -1.387078111169697E-003
   137.0000     -1.272213656780973E-003
   138.0000     -1.161544883724447E-003
   139.0000     -1.054990992013911E-003
   140.0000     -9.524732096295368E-004
   141.0000     -8.539147968179416E-004
   142.0000     -7.592410573849846E-004
   143.0000     -6.683793583592656E-004
   144.0000     -5.812591597476605E-004
   145.0000     -4.978120565439922E-004
   146.0000     -4.179718357446447E-004
   147.0000     -3.416745519138422E-004
   148.0000     -2.688586259207674E-004
   149.0000     -1.994649729540790E-004
   150.0000     -1.334371680019598E-004
   151.0000     -7.072165995471011E-005
   152.0000     -1.126804980685549E-005
