  0.0000000E+00 -1.994821154890102E-002
   1.000000     -1.930417985314998E-002
   2.000000     -1.867345641565527E-002
   3.000000     -1.805593204512254E-002
   4.000000     -1.745149677029630E-002
   5.000000     -1.686003982978327E-002
   6.000000     -1.628144966174942E-002
   7.000000     -1.571561389349796E-002
   8.000000     -1.516241933093471E-002
   9.000000     -1.462175194790853E-002
   10.00000     -1.409349687544492E-002
   11.00000     -1.357753839086536E-002
   12.00000     -1.307375990680331E-002
   13.00000     -1.258204396011146E-002
   14.00000     -1.210227220067572E-002
   15.00000     -1.163432538012866E-002
   16.00000     -1.117808334047674E-002
   17.00000     -1.073342500264025E-002
   18.00000     -1.030022835492235E-002
   19.00000     -9.878370441395397E-003
   20.00000     -9.467727350235686E-003
   21.00000     -9.068174201994902E-003
   22.00000     -8.679585137825855E-003
   23.00000     -8.301833307675791E-003
   24.00000     -7.934790858445577E-003
   25.00000     -7.578328922140467E-003
   26.00000     -7.232317604014726E-003
   27.00000     -6.896625970724442E-003
   28.00000     -6.571122038510726E-003
   29.00000     -6.255672761413877E-003
   30.00000     -5.950144019554312E-003
   31.00000     -5.654400607477042E-003
   32.00000     -5.368306222596463E-003
   33.00000     -5.091723453751040E-003
   34.00000     -4.824513769894140E-003
   35.00000     -4.566537508941231E-003
   36.00000     -4.317653866804356E-003
   37.00000     -4.077720886630062E-003
   38.00000     -3.846595448280232E-003
   39.00000     -3.624133258077505E-003
   40.00000     -3.410188838850452E-003
   41.00000     -3.204615520312727E-003
   42.00000     -3.007265429810222E-003
   43.00000     -2.817989483473767E-003
   44.00000     -2.636637377821556E-003
   45.00000     -2.463057581846808E-003
   46.00000     -2.297097329641189E-003
   47.00000     -2.138602613598578E-003
   48.00000     -1.987418178247373E-003
   49.00000     -1.843387514765938E-003
   50.00000     -1.706352856234315E-003
   51.00000     -1.576155173677838E-003
   52.00000     -1.452634172965930E-003
   53.00000     -1.335628292625977E-003
   54.00000     -1.224974702636888E-003
   55.00000     -1.120509304273484E-003
   56.00000     -1.022066731067584E-003
   57.00000     -9.294803509642508E-004
   58.00000     -8.425822697440559E-004
   59.00000     -7.612033357933347E-004
   60.00000     -6.851731463013356E-004
   61.00000     -6.143200549685936E-004
   62.00000     -5.484711813108636E-004
   63.00000     -4.874524216472255E-004
   64.00000     -4.310884618603802E-004
   65.00000     -3.792027920212916E-004
   66.00000     -3.316177229698249E-004
   67.00000     -2.881544049445748E-004
   68.00000     -2.486328483567912E-004
   69.00000     -2.128719468018889E-004
   70.00000     -1.806895024045546E-004
   71.00000     -1.519022535910872E-004
   72.00000     -1.263259053837239E-004
   73.00000     -1.037751623107842E-004
   74.00000     -8.406376402711425E-005
   75.00000     -6.700452374004750E-005
   76.00000     -5.240936954118740E-005
   77.00000     -4.008938875466142E-005
   78.00000     -2.985487543723873E-005
   79.00000     -2.151538122136637E-005
   80.00000     -1.487976981974617E-005
   81.00000     -9.756275824783023E-006
   82.00000     -5.952569269592298E-006
   83.00000     -3.275829936819487E-006
   84.00000     -1.532844481286600E-006
   85.00000     -5.301826362726431E-007
   86.00000     -7.485823672945109E-008
