  0.0000000E+00 -1.713610744927340E-002
   1.000000     -1.651555046355481E-002
   2.000000     -1.590846517188886E-002
   3.000000     -1.531474476012772E-002
   4.000000     -1.473428168653484E-002
   5.000000     -1.416696767353229E-002
   6.000000     -1.361269369944352E-002
   7.000000     -1.307134999026805E-002
   8.000000     -1.254282601149035E-002
   9.000000     -1.202701045994928E-002
   10.00000     -1.152379125578704E-002
   11.00000     -1.103305553450300E-002
   12.00000     -1.055468963913612E-002
   13.00000     -1.008857911261425E-002
   14.00000     -9.634608690302308E-003
   15.00000     -9.192662292784768E-003
   16.00000     -8.762623018937390E-003
   17.00000     -8.344373139337153E-003
   18.00000     -7.937794090067280E-003
   19.00000     -7.542766466991305E-003
   20.00000     -7.159170020571418E-003
   21.00000     -6.786883651325885E-003
   22.00000     -6.425785406027022E-003
   23.00000     -6.075752474762023E-003
   24.00000     -5.736661189002412E-003
   25.00000     -5.408387020838916E-003
   26.00000     -5.090804583582268E-003
   27.00000     -4.783787633947589E-003
   28.00000     -4.487209076095876E-003
   29.00000     -4.200940967843497E-003
   30.00000     -3.924854529409401E-003
   31.00000     -3.658820155156652E-003
   32.00000     -3.402707428855912E-003
   33.00000     -3.156385143117691E-003
   34.00000     -2.919721323786635E-003
   35.00000     -2.692583260246473E-003
   36.00000     -2.474837542825179E-003
   37.00000     -2.266350108755973E-003
   38.00000     -2.066986298525101E-003
   39.00000     -1.876610924897980E-003
   40.00000     -1.695088357551850E-003
   41.00000     -1.522282627051707E-003
   42.00000     -1.358057553036673E-003
   43.00000     -1.202276902979046E-003
   44.00000     -1.054804589990555E-003
   45.00000     -9.155049210769026E-004
   46.00000     -7.842429114611043E-004
   47.00000     -6.608846867172756E-004
   48.00000     -5.452980035996998E-004
   49.00000     -4.373529344069530E-004
   50.00000     -3.369227816509343E-004
   51.00000     -2.438853253958934E-004
   52.00000     -1.581245656447656E-004
   53.00000     -7.953322794516207E-005
   54.00000     -8.016497225855271E-006
