  0.0000000E+00 -1.061197964034635E-002
   1.000000     -1.004981779870701E-002
   2.000000     -9.501640376689335E-003
   3.000000     -8.967352973429304E-003
   4.000000     -8.446861062776296E-003
   5.000000     -7.940070033724734E-003
   6.000000     -7.446885236402482E-003
   7.000000     -6.967212034432803E-003
   8.000000     -6.500955864644965E-003
   9.000000     -6.048022305279330E-003
   10.00000     -5.608317154050739E-003
   11.00000     -5.181746517700540E-003
   12.00000     -4.768216914996981E-003
   13.00000     -4.367635395545106E-003
   14.00000     -3.979909677279959E-003
   15.00000     -3.604948306159353E-003
   16.00000     -3.242660842383402E-003
   17.00000     -2.892958078511287E-003
   18.00000     -2.555752296199925E-003
   19.00000     -2.230957570043374E-003
   20.00000     -1.918490129326666E-003
   21.00000     -1.618268791612060E-003
   22.00000     -1.330215486284950E-003
   23.00000     -1.054255891966701E-003
   24.00000     -7.903202197598788E-004
   25.00000     -5.383441857241551E-004
   26.00000     -2.982702325264991E-004
   27.00000     -7.004908465942984E-005
