  0.0000000E+00 -1.559350260293600E-002
   1.000000     -1.498622144344795E-002
   2.000000     -1.439251412795108E-002
   3.000000     -1.381227572062177E-002
   4.000000     -1.324540062090634E-002
   5.000000     -1.269178255889972E-002
   6.000000     -1.215131459102714E-002
   7.000000     -1.162388909611264E-002
   8.000000     -1.110939777187310E-002
   9.000000     -1.060773163189687E-002
   10.00000     -1.011878100320370E-002
   11.00000     -9.642435524446736E-003
   12.00000     -9.178584144862608E-003
   13.00000     -8.727115124084490E-003
   14.00000     -8.287916032932397E-003
   15.00000     -7.860873755337703E-003
   16.00000     -7.445874491561831E-003
   17.00000     -7.042803762912983E-003
   18.00000     -6.651546418174750E-003
   19.00000     -6.271986642025199E-003
   20.00000     -5.904007965739603E-003
   21.00000     -5.547493280555894E-003
   22.00000     -5.202324854117165E-003
   23.00000     -4.868384350502368E-003
   24.00000     -4.545552854451284E-003
   25.00000     -4.233710900497697E-003
   26.00000     -3.932738507878653E-003
   27.00000     -3.642515222266421E-003
   28.00000     -3.362920165587355E-003
   29.00000     -3.093832095487830E-003
   30.00000     -2.835129476350130E-003
   31.00000     -2.586690564237348E-003
   32.00000     -2.348393508717113E-003
   33.00000     -2.120116475308779E-003
   34.00000     -1.901737793289769E-003
   35.00000     -1.693136134963756E-003
   36.00000     -1.494190734303765E-003
   37.00000     -1.304781655372044E-003
   38.00000     -1.124790124361459E-003
   39.00000     -9.540989439597332E-004
   40.00000     -7.925930156979480E-004
   41.00000     -6.401600061477231E-004
   42.00000     -4.966912080968744E-004
   43.00000     -3.620826713151694E-004
   44.00000     -2.362367146770433E-004
   45.00000     -1.190639922774885E-004
   46.00000     -1.048638992681289E-005
