  0.0000000E+00 -1.763833819447461E-002
   1.000000     -1.701352204124187E-002
   2.000000     -1.640214636115881E-002
   3.000000     -1.580410382586767E-002
   4.000000     -1.521928636502826E-002
   5.000000     -1.464758515736251E-002
   6.000000     -1.408889062164955E-002
   7.000000     -1.354309240768546E-002
   8.000000     -1.301007938721464E-002
   9.000000     -1.248973964484782E-002
   10.00000     -1.198196046898004E-002
   11.00000     -1.148662834271593E-002
   12.00000     -1.100362893483240E-002
   13.00000     -1.053284709078732E-002
   14.00000     -1.007416682380164E-002
   15.00000     -9.627471306038566E-003
   16.00000     -9.192642859908009E-003
   17.00000     -8.769562949525253E-003
   18.00000     -8.358112172370025E-003
   19.00000     -7.958170251173256E-003
   20.00000     -7.569616026092235E-003
   21.00000     -7.192327447221774E-003
   22.00000     -6.826181567501780E-003
   23.00000     -6.471054536101865E-003
   24.00000     -6.126821592352485E-003
   25.00000     -5.793357060328403E-003
   26.00000     -5.470534344189239E-003
   27.00000     -5.158225924405274E-003
   28.00000     -4.856303355020426E-003
   29.00000     -4.564637262121689E-003
   30.00000     -4.283097343725812E-003
   31.00000     -4.011552371320515E-003
   32.00000     -3.749870193348935E-003
   33.00000     -3.497917740978093E-003
   34.00000     -3.255561036560241E-003
   35.00000     -3.022665205277197E-003
   36.00000     -2.799094490565971E-003
   37.00000     -2.584712274047860E-003
   38.00000     -2.379381100852807E-003
   39.00000     -2.182962711435212E-003
   40.00000     -1.995318081251000E-003
   41.00000     -1.816307470009336E-003
   42.00000     -1.645790482672513E-003
   43.00000     -1.483626144979368E-003
   44.00000     -1.329672997078331E-003
   45.00000     -1.183789209951371E-003
   46.00000     -1.045832730823293E-003
   47.00000     -9.156614658540521E-004
   48.00000     -7.931335114056407E-004
   49.00000     -6.781074495072185E-004
   50.00000     -5.704427295274022E-004
   51.00000     -4.700001677380234E-004
   52.00000     -3.766426114572071E-004
   53.00000     -2.902358384917999E-004
   54.00000     -2.106498024450790E-004
   55.00000     -1.377604033371618E-004
   56.00000     -7.145208807991906E-005
   57.00000     -1.162182660827800E-005
