  0.0000000E+00 -1.993641784732597E-002
   1.000000     -1.929248276752393E-002
   2.000000     -1.866185657712567E-002
   3.000000     -1.804443009250874E-002
   4.000000     -1.744009335018645E-002
   5.000000     -1.684873559663307E-002
   6.000000     -1.627024527797924E-002
   7.000000     -1.570451002959248E-002
   8.000000     -1.515141666553513E-002
   9.000000     -1.461085116791338E-002
   10.00000     -1.408269867610276E-002
   11.00000     -1.356684347587344E-002
   12.00000     -1.306316898840021E-002
   13.00000     -1.257155775916986E-002
   14.00000     -1.209189144679531E-002
   15.00000     -1.162405081172633E-002
   16.00000     -1.116791570487630E-002
   17.00000     -1.072336505616010E-002
   18.00000     -1.029027686295730E-002
   19.00000     -9.868528178503755E-003
   20.00000     -9.457995100217016E-003
   21.00000     -9.058552757967344E-003
   22.00000     -8.670075302299926E-003
   23.00000     -8.292435892625677E-003
   24.00000     -7.925506685375252E-003
   25.00000     -7.569158822147657E-003
   26.00000     -7.223262417845414E-003
   27.00000     -6.887686548829992E-003
   28.00000     -6.562299241091791E-003
   29.00000     -6.246967458464553E-003
   30.00000     -5.941557090896154E-003
   31.00000     -5.645932942788183E-003
   32.00000     -5.359958721433878E-003
   33.00000     -5.083497025562319E-003
   34.00000     -4.816409334023641E-003
   35.00000     -4.558555994627681E-003
   36.00000     -4.309796213165286E-003
   37.00000     -4.069988042639527E-003
   38.00000     -3.838988372734899E-003
   39.00000     -3.616652919549901E-003
   40.00000     -3.402836215632003E-003
   41.00000     -3.197391600342497E-003
   42.00000     -3.000171210590149E-003
   43.00000     -2.811025971970569E-003
   44.00000     -2.629805590351836E-003
   45.00000     -2.456358543947664E-003
   46.00000     -2.290532075924283E-003
   47.00000     -2.132172187584896E-003
   48.00000     -1.981123632186554E-003
   49.00000     -1.837229909434616E-003
   50.00000     -1.700333260715698E-003
   51.00000     -1.570274665121985E-003
   52.00000     -1.446893836328249E-003
   53.00000     -1.330029220385196E-003
   54.00000     -1.219517994492344E-003
   55.00000     -1.115196066820295E-003
   56.00000     -1.016898077451761E-003
   57.00000     -9.244574005163170E-004
   58.00000     -8.377061475943694E-004
   59.00000     -7.564751724685536E-004
   60.00000     -6.805940773063748E-004
   61.00000     -6.098912203552630E-004
   62.00000     -5.441937252396126E-004
   63.00000     -4.833274919470153E-004
   64.00000     -4.271172095961098E-004
   65.00000     -3.753863710794584E-004
   66.00000     -3.279572896792389E-004
   67.00000     -2.846511177531338E-004
   68.00000     -2.452878675943106E-004
   69.00000     -2.096864345711070E-004
   70.00000     -1.776646226591534E-004
   71.00000     -1.490391724844693E-004
   72.00000     -1.236257920124864E-004
   73.00000     -1.012391900355058E-004
   74.00000     -8.169311264951646E-005
   75.00000     -6.480038297331731E-005
   76.00000     -5.037294448031840E-005
   77.00000     -3.822190853139705E-005
   78.00000     -2.815760713798330E-005
   79.00000     -1.998965290943522E-005
   80.00000     -1.352701024169612E-005
   81.00000     -8.578087036679662E-006
   82.00000     -4.950870936513589E-006
   83.00000     -2.453182880969548E-006
   84.00000     -8.933305888340556E-007
   85.00000     -8.292288896557370E-008
