  0.0000000E+00 -1.523508812376423E-002
   1.000000     -1.463093500145346E-002
   2.000000     -1.404038090782363E-002
   3.000000     -1.346332141599240E-002
   4.000000     -1.289965145374320E-002
   5.000000     -1.234926530014467E-002
   6.000000     -1.181205658260625E-002
   7.000000     -1.128791827443684E-002
   8.000000     -1.077674269298008E-002
   9.000000     -1.027842149840577E-002
   10.00000     -9.792845693253253E-003
   11.00000     -9.319905622837014E-003
   12.00000     -8.859490976634873E-003
   13.00000     -8.411490790803704E-003
   14.00000     -7.975793451986526E-003
   15.00000     -7.552286702599034E-003
   16.00000     -7.140857647816129E-003
   17.00000     -6.741392764517547E-003
   18.00000     -6.353777912480279E-003
   19.00000     -5.977898348182455E-003
   20.00000     -5.613638741614448E-003
   21.00000     -5.260883196587358E-003
   22.00000     -4.919515275116735E-003
   23.00000     -4.589418026558136E-003
   24.00000     -4.270474022315338E-003
   25.00000     -3.962565397105404E-003
   26.00000     -3.665573897970300E-003
   27.00000     -3.379380942481406E-003
   28.00000     -3.103867687913627E-003
   29.00000     -2.838915113571807E-003
   30.00000     -2.584404118988561E-003
   31.00000     -2.340215641392197E-003
   32.00000     -2.106230796743571E-003
   33.00000     -1.882331049812932E-003
   34.00000     -1.668398420351580E-003
   35.00000     -1.464315734541327E-003
   36.00000     -1.269966933821754E-003
   37.00000     -1.085237457270446E-003
   38.00000     -9.100147194584295E-004
   39.00000     -7.441887140118112E-004
   40.00000     -5.876527853314777E-004
   41.00000     -4.403046293617456E-004
   42.00000     -3.020476128500046E-004
   43.00000     -1.727925461392327E-004
   44.00000     -5.246012001033684E-005
