  0.0000000E+00 -1.680287392802831E-002
   1.000000     -1.618515970633035E-002
   2.000000     -1.558093842645317E-002
   3.000000     -1.499010364028330E-002
   4.000000     -1.441254818317373E-002
   5.000000     -1.384816416626923E-002
   6.000000     -1.329684296887348E-002
   7.000000     -1.275847523090251E-002
   8.000000     -1.223295084542927E-002
   9.000000     -1.172015895135001E-002
   10.00000     -1.121998792620757E-002
   11.00000     -1.073232537919138E-002
   12.00000     -1.025705814436040E-002
   13.00000     -9.794072274137460E-003
   14.00000     -9.343253033099812E-003
   15.00000     -8.904484892147662E-003
   16.00000     -8.477651523095686E-003
   17.00000     -8.062635793765562E-003
   18.00000     -7.659319763656765E-003
   19.00000     -7.267584680301908E-003
   20.00000     -6.887310976394282E-003
   21.00000     -6.518378267837976E-003
   22.00000     -6.160665352847280E-003
   23.00000     -5.814050212272377E-003
   24.00000     -5.478410011350875E-003
   25.00000     -5.153621103115046E-003
   26.00000     -4.839559033723112E-003
   27.00000     -4.536098550044990E-003
   28.00000     -4.243113609877208E-003
   29.00000     -3.960477395242318E-003
   30.00000     -3.688062329323135E-003
   31.00000     -3.425740097675907E-003
   32.00000     -3.173381674526577E-003
   33.00000     -2.930857355107219E-003
   34.00000     -2.698036795219818E-003
   35.00000     -2.474789059485306E-003
   36.00000     -2.260982680093645E-003
   37.00000     -2.056485728327601E-003
   38.00000     -1.861165901737333E-003
   39.00000     -1.674890630630511E-003
   40.00000     -1.497527208607715E-003
   41.00000     -1.328942953301993E-003
   42.00000     -1.169005405452112E-003
   43.00000     -1.017582577173500E-003
   44.00000     -8.745432641714085E-004
   45.00000     -7.397574422280445E-004
   46.00000     -6.130967765341219E-004
   47.00000     -4.944352848355654E-004
   48.00000     -3.836502145688545E-004
   49.00000     -2.806232247740834E-004
   50.00000     -1.852420141449498E-004
   51.00000     -9.740262361159674E-005
   52.00000     -1.701279914433229E-005
