  0.0000000E+00 -1.839480582446185E-002
   1.000000     -1.775582553716852E-002
   2.000000     -1.713057733961758E-002
   3.000000     -1.651894905511166E-002
   4.000000     -1.592082770854696E-002
   5.000000     -1.533609951610890E-002
   6.000000     -1.476464987486507E-002
   7.000000     -1.420636335225715E-002
   8.000000     -1.366112367549610E-002
   9.000000     -1.312881372087078E-002
   10.00000     -1.260931550297103E-002
   11.00000     -1.210251016383850E-002
   12.00000     -1.160827796204880E-002
   13.00000     -1.112649826173675E-002
   14.00000     -1.065704952157823E-002
   15.00000     -1.019980928373488E-002
   16.00000     -9.754654162787126E-003
   17.00000     -9.321459834654553E-003
   18.00000     -8.900101025540110E-003
   19.00000     -8.490451500903995E-003
   20.00000     -8.092384054498473E-003
   21.00000     -7.705770497486515E-003
   22.00000     -7.330481647675429E-003
   23.00000     -6.966387318896188E-003
   24.00000     -6.613356310570218E-003
   25.00000     -6.271256397502394E-003
   26.00000     -5.939954319954613E-003
   27.00000     -5.619315774052552E-003
   28.00000     -5.309205402590759E-003
   29.00000     -5.009486786310679E-003
   30.00000     -4.720022435740726E-003
   31.00000     -4.440673783688517E-003
   32.00000     -4.171301178512291E-003
   33.00000     -3.911763878295361E-003
   34.00000     -3.661920046086742E-003
   35.00000     -3.421626746393411E-003
   36.00000     -3.190739943139968E-003
   37.00000     -2.969114499359098E-003
   38.00000     -2.756604178927666E-003
   39.00000     -2.553061650716971E-003
   40.00000     -2.358338495621365E-003
   41.00000     -2.172285217014980E-003
   42.00000     -1.994751255324125E-003
   43.00000     -1.825585007559446E-003
   44.00000     -1.664633852868688E-003
   45.00000     -1.511744185442588E-003
   46.00000     -1.366761456475117E-003
   47.00000     -1.229530227360935E-003
   48.00000     -1.099894236976532E-003
   49.00000     -9.776964867868473E-004
   50.00000     -8.627793487753846E-004
   51.00000     -7.549847029644244E-004
   52.00000     -6.541541138341642E-004
   53.00000     -5.601290586830119E-004
   54.00000     -4.727512265649913E-004
   55.00000     -3.918629150446331E-004
   56.00000     -3.173075656183731E-004
   57.00000     -2.489305009080435E-004
   58.00000     -1.865799645392889E-004
   59.00000     -1.301086318325949E-004
   60.00000     -7.937588563193377E-005
   61.00000     -3.425140499440012E-005
