  0.0000000E+00 -7.270814126577116E-003
   1.000000     -6.734704992858410E-003
   2.000000     -6.213314278829823E-003
   3.000000     -5.706558169458107E-003
   4.000000     -5.214353766521809E-003
   5.000000     -4.736619250885371E-003
   6.000000     -4.273274069102489E-003
   7.000000     -3.824239148837066E-003
   8.000000     -3.389437148625192E-003
   9.000000     -2.968792748800721E-003
   10.00000     -2.562232992103412E-003
   11.00000     -2.169687684694236E-003
   12.00000     -1.791089871197642E-003
   13.00000     -1.426376401253741E-003
   14.00000     -1.075488610274863E-003
   15.00000     -7.383731442249400E-004
   16.00000     -4.149829681423939E-004
   17.00000     -1.052786121084870E-004
