  0.0000000E+00 -9.385997476834745E-003
   1.000000     -8.828763528782188E-003
   2.000000     -8.285994666782313E-003
   3.000000     -7.757597197407567E-003
   4.000000     -7.243477584692550E-003
   5.000000     -6.743542523130879E-003
   6.000000     -6.257699020842248E-003
   7.000000     -5.785854494556555E-003
   8.000000     -5.327916878371197E-003
   9.000000     -4.883794748639619E-003
   10.00000     -4.453397467848861E-003
   11.00000     -4.036635350948797E-003
   12.00000     -3.633419858396601E-003
   13.00000     -3.243663821162894E-003
   14.00000     -2.867281704228246E-003
   15.00000     -2.504189916761150E-003
   16.00000     -2.154307179340440E-003
   17.00000     -1.817554961464855E-003
   18.00000     -1.493858006455322E-003
   19.00000     -1.183144966111796E-003
   20.00000     -8.853491747200190E-004
   21.00000     -6.004096021655509E-004
   22.00000     -3.282720403951227E-004
   23.00000     -6.889059856418492E-005
