  0.0000000E+00 -1.521904829758396E-002
   1.000000     -1.460757495982790E-002
   2.000000     -1.401004391414940E-002
   3.000000     -1.342634674352426E-002
   4.000000     -1.285637435311224E-002
   5.000000     -1.230001696672144E-002
   6.000000     -1.175716412375583E-002
   7.000000     -1.122770467671202E-002
   8.000000     -1.071152678930740E-002
   9.000000     -1.020851793533203E-002
   10.00000     -9.718564898329911E-003
   11.00000     -9.241553772231178E-003
   12.00000     -8.777369963066651E-003
   13.00000     -8.325898191939322E-003
   14.00000     -7.887022499419286E-003
   15.00000     -7.460626251589902E-003
   16.00000     -7.046592147984694E-003
   17.00000     -6.644802231707513E-003
   18.00000     -6.255137902075496E-003
   19.00000     -5.877479930177787E-003
   20.00000     -5.511708477821882E-003
   21.00000     -5.157703120422182E-003
   22.00000     -4.815342874489327E-003
   23.00000     -4.484506230505055E-003
   24.00000     -4.165071192138427E-003
   25.00000     -3.856915322937447E-003
   26.00000     -3.559915801889529E-003
   27.00000     -3.273949489550980E-003
   28.00000     -2.998893006831185E-003
   29.00000     -2.734622829026416E-003
   30.00000     -2.481015398339295E-003
   31.00000     -2.237947258959191E-003
   32.00000     -2.005295219894351E-003
   33.00000     -1.782936552208495E-003
   34.00000     -1.570749229307548E-003
   35.00000     -1.368612221624818E-003
   36.00000     -1.176405860814491E-003
   37.00000     -9.940122938420545E-004
   38.00000     -8.213160549567041E-004
   39.00000     -6.582047946183283E-004
   40.00000     -5.045702210845290E-004
   41.00000     -3.603093358922000E-004
   42.00000     -2.253260848783116E-004
   43.00000     -9.953361254102522E-005
