  0.0000000E+00 -1.974726041421301E-002
   1.000000     -1.909693009344803E-002
   2.000000     -1.846025381171009E-002
   3.000000     -1.783711831876332E-002
   4.000000     -1.722740954590071E-002
   5.000000     -1.663101259511150E-002
   6.000000     -1.604781172811368E-002
   7.000000     -1.547769035525818E-002
   8.000000     -1.492053102430320E-002
   9.000000     -1.437621540906299E-002
   10.00000     -1.384462429792962E-002
   11.00000     -1.332563758227941E-002
   12.00000     -1.281913424475797E-002
   13.00000     -1.232499234745418E-002
   14.00000     -1.184308901996328E-002
   15.00000     -1.137330044734898E-002
   16.00000     -1.091550185800405E-002
   17.00000     -1.046956751142082E-002
   18.00000     -1.003537068587829E-002
   19.00000     -9.612783666044105E-003
   20.00000     -9.201677730516257E-003
   21.00000     -8.801923139295779E-003
   22.00000     -8.413389121212015E-003
   23.00000     -8.035943861309186E-003
   24.00000     -7.669454488198007E-003
   25.00000     -7.313787061398636E-003
   26.00000     -6.968806558675072E-003
   27.00000     -6.634376863384093E-003
   28.00000     -6.310360751852014E-003
   29.00000     -5.996619880797254E-003
   30.00000     -5.693014774815377E-003
   31.00000     -5.399404813950727E-003
   32.00000     -5.115648221371581E-003
   33.00000     -4.841602051174254E-003
   34.00000     -4.577122176342922E-003
   35.00000     -4.322063276888929E-003
   36.00000     -4.076278828198638E-003
   37.00000     -3.839621089624236E-003
   38.00000     -3.611941093344954E-003
   39.00000     -3.393088633538836E-003
   40.00000     -3.182912255902743E-003
   41.00000     -2.981259247555633E-003
   42.00000     -2.787975627377499E-003
   43.00000     -2.602906136823289E-003
   44.00000     -2.425894231266604E-003
   45.00000     -2.256782071924102E-003
   46.00000     -2.095410518419555E-003
   47.00000     -1.941619122051470E-003
   48.00000     -1.795246119828950E-003
   49.00000     -1.656128429350681E-003
   50.00000     -1.524101644606165E-003
   51.00000     -1.399000032784757E-003
   52.00000     -1.280656532191715E-003
   53.00000     -1.168902751371697E-003
   54.00000     -1.063568969564098E-003
   55.00000     -9.644841386199632E-004
   56.00000     -8.714758865367387E-004
   57.00000     -7.843705227877929E-004
   58.00000     -7.029930456589205E-004
   59.00000     -6.271671518449925E-004
   60.00000     -5.567152486186005E-004
   61.00000     -4.914584689634346E-004
   62.00000     -4.312166901731474E-004
   63.00000     -3.758085565787762E-004
   64.00000     -3.250515072955731E-004
   65.00000     -2.787618102216534E-004
   66.00000     -2.367546040403778E-004
   67.00000     -1.988439507795934E-004
   68.00000     -1.648429027679450E-004
   69.00000     -1.345635899406306E-004
   70.00000     -1.078173370529796E-004
   71.00000     -8.441482676601358E-005
   72.00000     -6.416633651699780E-005
   73.00000     -4.688210072170207E-005
   74.00000     -3.237290012327048E-005
   75.00000     -2.045109743202139E-005
   76.00000     -1.093264845437761E-005
   77.00000     -3.641596646623096E-006
