  0.0000000E+00 -1.602849818244037E-002
   1.000000     -1.540989314738918E-002
   2.000000     -1.480517284083881E-002
   3.000000     -1.421422769150567E-002
   4.000000     -1.363694740691712E-002
   5.000000     -1.307322096710373E-002
   6.000000     -1.252293661851890E-002
   7.000000     -1.198598186822252E-002
   8.000000     -1.146224347836447E-002
   9.000000     -1.095160746104018E-002
   10.00000     -1.045395907355307E-002
   11.00000     -9.969182814173532E-003
   12.00000     -9.497162418453409E-003
   13.00000     -9.037780856195434E-003
   14.00000     -8.590920329172793E-003
   15.00000     -8.156462269715828E-003
   16.00000     -7.734287340299554E-003
   17.00000     -7.324275434287640E-003
   18.00000     -6.926305678008019E-003
   19.00000     -6.540256434373551E-003
   20.00000     -6.166005308283403E-003
   21.00000     -5.803429154096263E-003
   22.00000     -5.452404085507867E-003
   23.00000     -5.112805488217657E-003
   24.00000     -4.784508035868045E-003
   25.00000     -4.467385709796106E-003
   26.00000     -4.161311823272702E-003
   27.00000     -3.866159051023265E-003
   28.00000     -3.581799464998473E-003
   29.00000     -3.308104577568628E-003
   30.00000     -3.044945393580521E-003
   31.00000     -2.792192473049637E-003
   32.00000     -2.549716006684013E-003
   33.00000     -2.317385906993273E-003
   34.00000     -2.095071918451581E-003
   35.00000     -1.882643751133568E-003
   36.00000     -1.679971243505598E-003
   37.00000     -1.486924561756458E-003
   38.00000     -1.303374445391002E-003
   39.00000     -1.129192512036510E-003
   40.00000     -9.642516389891716E-004
   41.00000     -8.084264455849456E-004
   42.00000     -6.615939101120953E-004
   43.00000     -5.236341694231134E-004
   44.00000     -3.944315716596323E-004
   45.00000     -2.738760877964987E-004
   46.00000     -1.618652456739129E-004
   47.00000     -5.830684925580617E-005
