  0.0000000E+00 -8.956342461915671E-003
   1.000000     -8.805037266705340E-003
   2.000000     -8.655357256229328E-003
   3.000000     -8.507295562746505E-003
   4.000000     -8.360845293148978E-003
   5.000000     -8.215999528789552E-003
   6.000000     -8.072751325307534E-003
   7.000000     -7.931093712455609E-003
   8.000000     -7.791019693922827E-003
   9.000000     -7.652522247157892E-003
   10.00000     -7.515594323192123E-003
   11.00000     -7.380228846459152E-003
   12.00000     -7.246418714615793E-003
   13.00000     -7.114156798360512E-003
   14.00000     -6.983435941251697E-003
   15.00000     -6.854248959523176E-003
   16.00000     -6.726588641901412E-003
   17.00000     -6.600447749419466E-003
   18.00000     -6.475819015230234E-003
   19.00000     -6.352695144420380E-003
   20.00000     -6.231068813820403E-003
   21.00000     -6.110932671816989E-003
   22.00000     -5.992279338161873E-003
   23.00000     -5.875101403780882E-003
   24.00000     -5.759391430581831E-003
   25.00000     -5.645141951262093E-003
   26.00000     -5.532345469113957E-003
   27.00000     -5.420994457830590E-003
   28.00000     -5.311081361310839E-003
   29.00000     -5.202598593461689E-003
   30.00000     -5.095538538003006E-003
   31.00000     -4.989893548268272E-003
   32.00000     -4.885655947007156E-003
   33.00000     -4.782818026185729E-003
   34.00000     -4.681372046786511E-003
   35.00000     -4.581310238608859E-003
   36.00000     -4.482624800067224E-003
   37.00000     -4.385307897989792E-003
   38.00000     -4.289351667416581E-003
   39.00000     -4.194748211397047E-003
   40.00000     -4.101489600786428E-003
   41.00000     -4.009567874043006E-003
   42.00000     -3.918975037024736E-003
   43.00000     -3.829703062784806E-003
   44.00000     -3.741743891367489E-003
   45.00000     -3.655089429604008E-003
   46.00000     -3.569731550907956E-003
   47.00000     -3.485662095070856E-003
   48.00000     -3.402872868057632E-003
   49.00000     -3.321355641801842E-003
   50.00000     -3.241102154001895E-003
   51.00000     -3.162104107916024E-003
   52.00000     -3.084353172159117E-003
   53.00000     -3.007840980498677E-003
   54.00000     -2.932559131652054E-003
   55.00000     -2.858499189082760E-003
   56.00000     -2.785652680799777E-003
   57.00000     -2.714011099154580E-003
   58.00000     -2.643565900641337E-003
   59.00000     -2.574308505696202E-003
   60.00000     -2.506230298499039E-003
   61.00000     -2.439322626774553E-003
   62.00000     -2.373576801596240E-003
   63.00000     -2.308984097189780E-003
   64.00000     -2.245535750738995E-003
   65.00000     -2.183222962193383E-003
   66.00000     -2.122036894075758E-003
   67.00000     -2.061968671293164E-003
   68.00000     -2.003009380948678E-003
   69.00000     -1.945150072155625E-003
   70.00000     -1.888381755852972E-003
   71.00000     -1.832695404624265E-003
   72.00000     -1.778081952517770E-003
   73.00000     -1.724532294869174E-003
   74.00000     -1.672037288127771E-003
   75.00000     -1.620587749684553E-003
   76.00000     -1.570174457703571E-003
   77.00000     -1.520788150956089E-003
   78.00000     -1.472419528658576E-003
   79.00000     -1.425059250313793E-003
   80.00000     -1.378697935555361E-003
   81.00000     -1.333326163996258E-003
   82.00000     -1.288934475081538E-003
   83.00000     -1.245513367944904E-003
   84.00000     -1.203053301269797E-003
   85.00000     -1.161544693155053E-003
   86.00000     -1.120977920985650E-003
   87.00000     -1.081343321307869E-003
   88.00000     -1.042631189710314E-003
   89.00000     -1.004831780710070E-003
   90.00000     -9.679353076447715E-004
   91.00000     -9.319319425704364E-004
   92.00000     -8.968118161656162E-004
   93.00000     -8.625650176421246E-004
   94.00000     -8.291815946624008E-004
   95.00000     -7.966515532635202E-004
   96.00000     -7.649648577893122E-004
   97.00000     -7.341114308292211E-004
   98.00000     -7.040811531654611E-004
   99.00000     -6.748638637279848E-004
   100.0000     -6.464493595584971E-004
   101.0000     -6.188273957822597E-004
   102.0000     -5.919876855901875E-004
   103.0000     -5.659199002290626E-004
   104.0000     -5.406136690024652E-004
   105.0000     -5.160585792814612E-004
   106.0000     -4.922441765251653E-004
   107.0000     -4.691599643131968E-004
   108.0000     -4.467954043880433E-004
   109.0000     -4.251399167096882E-004
   110.0000     -4.041828795219151E-004
   111.0000     -3.839136294307601E-004
   112.0000     -3.643214614955249E-004
   113.0000     -3.453956293332171E-004
   114.0000     -3.271253452358562E-004
   115.0000     -3.094997803019789E-004
   116.0000     -2.925080645824889E-004
   117.0000     -2.761392872408188E-004
   118.0000     -2.603824967285314E-004
   119.0000     -2.452267009763871E-004
   120.0000     -2.306608676012926E-004
   121.0000     -2.166739241300649E-004
   122.0000     -2.032547582397706E-004
   123.0000     -1.903922180157708E-004
   124.0000     -1.780751122275852E-004
   125.0000     -1.662922106232062E-004
   126.0000     -1.550322442425113E-004
   127.0000     -1.442839057500240E-004
   128.0000     -1.340358497879248E-004
   129.0000     -1.242766933497450E-004
   130.0000     -1.149950161752928E-004
   131.0000     -1.061793611677951E-004
   132.0000     -9.781823483354744E-005
   133.0000     -8.990010774533287E-005
   134.0000     -8.241341503007555E-005
   135.0000     -7.534655688204179E-005
   136.0000     -6.868789910240287E-005
   137.0000     -6.242577366669368E-005
   138.0000     -5.654847932161547E-005
   139.0000     -5.104428221288957E-005
   140.0000     -4.590141654661652E-005
   141.0000     -4.110808528664324E-005
   142.0000     -3.665246089171547E-005
   143.0000     -3.252268609679208E-005
   144.0000     -2.870687474451462E-005
   145.0000     -2.519311267480270E-005
   146.0000     -2.196945868342497E-005
   147.0000     -1.902394556444930E-005
   148.0000     -1.634458125781988E-005
   149.0000     -1.391935013238187E-005
   150.0000     -1.173621444897613E-005
   151.0000     -9.783116070889785E-006
   152.0000     -8.047978524970404E-006
   153.0000     -6.518709577707762E-006
   154.0000     -5.183204595494302E-006
   155.0000     -4.029351147572953E-006
   156.0000     -3.045035668543427E-006
   157.0000     -2.218153716900899E-006
   158.0000     -1.536626920088621E-006
   159.0000     -9.884333799928403E-007
   160.0000     -5.616681925521126E-007
   161.0000     -2.446823460293983E-007
   162.0000     -2.648258158628829E-008
