  0.0000000E+00 -8.831702420840359E-003
   1.000000     -8.680928312939627E-003
   2.000000     -8.531781201897888E-003
   3.000000     -8.384254231653192E-003
   4.000000     -8.238340520860612E-003
   5.000000     -8.094033162721124E-003
   6.000000     -7.951325224806493E-003
   7.000000     -7.810209748887876E-003
   8.000000     -7.670679750758399E-003
   9.000000     -7.532728220055764E-003
   10.00000     -7.396348120087595E-003
   11.00000     -7.261532387649505E-003
   12.00000     -7.128273932847123E-003
   13.00000     -6.996565638914600E-003
   14.00000     -6.866400362032453E-003
   15.00000     -6.737770931145525E-003
   16.00000     -6.610670147776513E-003
   17.00000     -6.485090785843539E-003
   18.00000     -6.361025591472841E-003
   19.00000     -6.238467282810751E-003
   20.00000     -6.117408549837090E-003
   21.00000     -5.997842054174307E-003
   22.00000     -5.879760428899687E-003
   23.00000     -5.763156278351576E-003
   24.00000     -5.648022177939249E-003
   25.00000     -5.534350673949318E-003
   26.00000     -5.422134283352603E-003
   27.00000     -5.311365493608214E-003
   28.00000     -5.202036762469275E-003
   29.00000     -5.094140517786181E-003
   30.00000     -4.987669157308876E-003
   31.00000     -4.882615048490429E-003
   32.00000     -4.778970528287275E-003
   33.00000     -4.676727902960077E-003
   34.00000     -4.575879447874438E-003
   35.00000     -4.476417407299133E-003
   36.00000     -4.378333994206482E-003
   37.00000     -4.281621390068780E-003
   38.00000     -4.186271744657558E-003
   39.00000     -4.092277175840228E-003
   40.00000     -3.999629769376485E-003
   41.00000     -3.908321578715307E-003
   42.00000     -3.818344624790670E-003
   43.00000     -3.729690895817704E-003
   44.00000     -3.642352347087491E-003
   45.00000     -3.556320900762712E-003
   46.00000     -3.471588445673370E-003
   47.00000     -3.388146837110916E-003
   48.00000     -3.305987896624108E-003
   49.00000     -3.225103411813140E-003
   50.00000     -3.145485136126567E-003
   51.00000     -3.067124788654636E-003
   52.00000     -2.990014053926457E-003
   53.00000     -2.914144581705627E-003
   54.00000     -2.839507986786016E-003
   55.00000     -2.766095848789331E-003
   56.00000     -2.693899711962305E-003
   57.00000     -2.622911084974777E-003
   58.00000     -2.553121440718671E-003
   59.00000     -2.484522216107603E-003
   60.00000     -2.417104811877441E-003
   61.00000     -2.350860592388258E-003
   62.00000     -2.285780885426892E-003
   63.00000     -2.221856982011291E-003
   64.00000     -2.159080136196158E-003
   65.00000     -2.097441564879691E-003
   66.00000     -2.036932447612307E-003
   67.00000     -1.977543926407495E-003
   68.00000     -1.919267105553267E-003
   69.00000     -1.862093051427624E-003
   70.00000     -1.806012792314645E-003
   71.00000     -1.751017318223121E-003
   72.00000     -1.697097580708472E-003
   73.00000     -1.644244492696995E-003
   74.00000     -1.592448928312181E-003
   75.00000     -1.541701722705463E-003
   76.00000     -1.491993671889145E-003
   77.00000     -1.443315532573124E-003
   78.00000     -1.395658022004917E-003
   79.00000     -1.349011817814471E-003
   80.00000     -1.303367557861635E-003
   81.00000     -1.258715840089184E-003
   82.00000     -1.215047222379683E-003
   83.00000     -1.172352222417293E-003
   84.00000     -1.130621317554910E-003
   85.00000     -1.089844944686183E-003
   86.00000     -1.050013500123716E-003
   87.00000     -1.011117339482889E-003
   88.00000     -9.731467775716992E-004
   89.00000     -9.360920882882598E-004
   90.00000     -8.999435045240545E-004
   91.00000     -8.646912180752819E-004
   92.00000     -8.303253795618814E-004
   93.00000     -7.968360983548105E-004
   94.00000     -7.642134425115556E-004
   95.00000     -7.324474387217669E-004
   96.00000     -7.015280722614002E-004
   97.00000     -6.714452869581196E-004
   98.00000     -6.421889851668995E-004
   99.00000     -6.137490277575681E-004
   100.0000     -5.861152341141502E-004
   101.0000     -5.592773821476096E-004
   102.0000     -5.332252083219748E-004
   103.0000     -5.079484076955254E-004
   104.0000     -4.834366339773454E-004
   105.0000     -4.596794996010672E-004
   106.0000     -4.366665758160878E-004
   107.0000     -4.143873927985606E-004
   108.0000     -3.928314397831370E-004
   109.0000     -3.719881652170330E-004
   110.0000     -3.518469769386271E-004
   111.0000     -3.323972423826260E-004
   112.0000     -3.136282888140595E-004
   113.0000     -2.955294035942086E-004
   114.0000     -2.780898344811566E-004
   115.0000     -2.612987899691905E-004
   116.0000     -2.451454396708755E-004
   117.0000     -2.296189147469543E-004
   118.0000     -2.147083083899225E-004
   119.0000     -2.004026763681107E-004
   120.0000     -1.866910376382775E-004
   121.0000     -1.735623750367556E-004
   122.0000     -1.610056360604344E-004
   123.0000     -1.490097337521211E-004
   124.0000     -1.375635477069960E-004
   125.0000     -1.266559252214184E-004
   126.0000     -1.162756826101064E-004
   127.0000     -1.064116067234537E-004
   128.0000     -9.705245670591860E-005
   129.0000     -8.818696604578545E-005
   130.0000     -7.980384498197104E-005
   131.0000     -7.189178335081218E-005
   132.0000     -6.443945398221883E-005
   133.0000     -5.743551678802452E-005
   134.0000     -5.086862373318532E-005
   135.0000     -4.472742494757705E-005
   136.0000     -3.900057633093800E-005
   137.0000     -3.367674914288068E-005
   138.0000     -2.874464227576745E-005
   139.0000     -2.419299822230261E-005
   140.0000     -2.001062423905520E-005
   141.0000     -1.618642099630928E-005
   142.0000     -1.270942231858074E-005
   143.0000     -9.568851905224441E-006
   144.0000     -6.754207089353873E-006
   145.0000     -4.255387771793309E-006
   146.0000     -2.062905526738014E-006
   147.0000     -1.682466017900778E-007
