  0.0000000E+00 -8.825360095384878E-003
   1.000000     -8.674613063198571E-003
   2.000000     -8.525493120840125E-003
   3.000000     -8.377993412857408E-003
   4.000000     -8.232107058520600E-003
   5.000000     -8.087827151649435E-003
   6.000000     -7.945146760440691E-003
   7.000000     -7.804058927294141E-003
   8.000000     -7.664556668636134E-003
   9.000000     -7.526632974744471E-003
   10.00000     -7.390280809568496E-003
   11.00000     -7.255493110553475E-003
   12.00000     -7.122262788458304E-003
   13.00000     -6.990582727174870E-003
   14.00000     -6.860445783547224E-003
   15.00000     -6.731844787187673E-003
   16.00000     -6.604772540293748E-003
   17.00000     -6.479221817461014E-003
   18.00000     -6.355185365498875E-003
   19.00000     -6.232655903242727E-003
   20.00000     -6.111626121365519E-003
   21.00000     -5.992088682189669E-003
   22.00000     -5.874036219495039E-003
   23.00000     -5.757461338330252E-003
   24.00000     -5.642356614818583E-003
   25.00000     -5.528714595967175E-003
   26.00000     -5.416527799471132E-003
   27.00000     -5.305788713520565E-003
   28.00000     -5.196489796603930E-003
   29.00000     -5.088623477313139E-003
   30.00000     -4.982182154145078E-003
   31.00000     -4.877158195304460E-003
   32.00000     -4.773543938505551E-003
   33.00000     -4.671331690772025E-003
   34.00000     -4.570513728237795E-003
   35.00000     -4.471082295946692E-003
   36.00000     -4.373029607649530E-003
   37.00000     -4.276347845605286E-003
   38.00000     -4.181029160376349E-003
   39.00000     -4.087065670626612E-003
   40.00000     -3.994449462918666E-003
   41.00000     -3.903172591509697E-003
   42.00000     -3.813227078148291E-003
   43.00000     -3.724604911869082E-003
   44.00000     -3.637298048789513E-003
   45.00000     -3.551298411904354E-003
   46.00000     -3.466597890881471E-003
   47.00000     -3.383188341856217E-003
   48.00000     -3.301061587227385E-003
   49.00000     -3.220209415451994E-003
   50.00000     -3.140623580840819E-003
   51.00000     -3.062295803353177E-003
   52.00000     -2.985217768393332E-003
   53.00000     -2.909381126606556E-003
   54.00000     -2.834777493674987E-003
   55.00000     -2.761398450115127E-003
   56.00000     -2.689235541075304E-003
   57.00000     -2.618280276133862E-003
   58.00000     -2.548524129097924E-003
   59.00000     -2.479958537803183E-003
   60.00000     -2.412574903915362E-003
   61.00000     -2.346364592730910E-003
   62.00000     -2.281318932981225E-003
   63.00000     -2.217429216636133E-003
   64.00000     -2.154686698709776E-003
   65.00000     -2.093082597067810E-003
   66.00000     -2.032608092236651E-003
   67.00000     -1.973254327213662E-003
   68.00000     -1.915012407280007E-003
   69.00000     -1.857873399815046E-003
   70.00000     -1.801828334113780E-003
   71.00000     -1.746868201205426E-003
   72.00000     -1.692983953675588E-003
   73.00000     -1.640166505490806E-003
   74.00000     -1.588406731825732E-003
   75.00000     -1.537695468893692E-003
   76.00000     -1.488023513780572E-003
   77.00000     -1.439381624281667E-003
   78.00000     -1.391760518742967E-003
   79.00000     -1.345150875905418E-003
   80.00000     -1.299543334754406E-003
   81.00000     -1.254928494372570E-003
   82.00000     -1.211296913797694E-003
   83.00000     -1.168639111885667E-003
   84.00000     -1.126945567178305E-003
   85.00000     -1.086206717776477E-003
   86.00000     -1.046412961219679E-003
   87.00000     -1.007554654370586E-003
   88.00000     -9.696221133071683E-004
   89.00000     -9.326056132206805E-004
   90.00000     -8.964953883213599E-004
   91.00000     -8.612816317512527E-004
   92.00000     -8.269544955053979E-004
   93.00000     -7.935040903610928E-004
   94.00000     -7.609204858163670E-004
   95.00000     -7.291937100376125E-004
   96.00000     -6.983137498171471E-004
   97.00000     -6.682705505418172E-004
   98.00000     -6.390540161722674E-004
   99.00000     -6.106540092341794E-004
   100.0000     -5.830603508224400E-004
   101.0000     -5.562628206185544E-004
   102.0000     -5.302511569222832E-004
   103.0000     -5.050150566988936E-004
   104.0000     -4.805441756424809E-004
   105.0000     -4.568281282570998E-004
   106.0000     -4.338564879565764E-004
   107.0000     -4.116187871847546E-004
   108.0000     -3.901045175576657E-004
   109.0000     -3.693031300295243E-004
   110.0000     -3.492040350846146E-004
   111.0000     -3.297966029571826E-004
   112.0000     -3.110701638826104E-004
   113.0000     -2.930140083820622E-004
   114.0000     -2.756173875851178E-004
   115.0000     -2.588695135935060E-004
   116.0000     -2.427595598914433E-004
   117.0000     -2.272766618077720E-004
   118.0000     -2.124099170363694E-004
   119.0000     -1.981483862227989E-004
   120.0000     -1.844810936261951E-004
   121.0000     -1.713970278673560E-004
   122.0000     -1.588851427763014E-004
   123.0000     -1.469343583553977E-004
   124.0000     -1.355335618772606E-004
   125.0000     -1.246716091417807E-004
   126.0000     -1.143373259215240E-004
   127.0000     -1.045195096326193E-004
   128.0000     -9.520693127756175E-005
   129.0000     -8.638833771849897E-005
   130.0000     -7.805245435642251E-005
   131.0000     -7.018798831320237E-005
   132.0000     -6.278363224356964E-005
   133.0000     -5.582806894443270E-005
   134.0000     -4.930997698606014E-005
   135.0000     -4.321803766974818E-005
   136.0000     -3.754094373148927E-005
   137.0000     -3.226741038093398E-005
   138.0000     -2.738618951735589E-005
   139.0000     -2.288608835388196E-005
   140.0000     -1.875599429473171E-005
   141.0000     -1.498490891149113E-005
   142.0000     -1.156199555853764E-005
   143.0000     -8.476648164843878E-006
   144.0000     -5.718594329195880E-006
   145.0000     -3.278056971134293E-006
   146.0000     -1.146022820454416E-006
