  0.0000000E+00 -8.107317741590849E-003
   1.000000     -7.959669056941295E-003
   2.000000     -7.813658487344801E-003
   3.000000     -7.669279257164353E-003
   4.000000     -7.526524566305161E-003
   5.000000     -7.385387590052660E-003
   6.000000     -7.245861478915322E-003
   7.000000     -7.107939358461168E-003
   8.000000     -6.971614329157387E-003
   9.000000     -6.836879466207690E-003
   10.00000     -6.703727819388714E-003
   11.00000     -6.572152412887714E-003
   12.00000     -6.442146245136232E-003
   13.00000     -6.313702288647644E-003
   14.00000     -6.186813489849416E-003
   15.00000     -6.061472768919111E-003
   16.00000     -5.937673019616870E-003
   17.00000     -5.815407109118696E-003
   18.00000     -5.694667877850086E-003
   19.00000     -5.575448139318319E-003
   20.00000     -5.457740679943826E-003
   21.00000     -5.341538258893694E-003
   22.00000     -5.226833607912329E-003
   23.00000     -5.113619431154169E-003
   24.00000     -5.001888405015206E-003
   25.00000     -4.891633177964722E-003
   26.00000     -4.782846370377876E-003
   27.00000     -4.675520574367059E-003
   28.00000     -4.569648353615307E-003
   29.00000     -4.465222243208959E-003
   30.00000     -4.362234749470879E-003
   31.00000     -4.260678349795193E-003
   32.00000     -4.160545492481438E-003
   33.00000     -4.061828596570526E-003
   34.00000     -3.964520051681559E-003
   35.00000     -3.868612217849413E-003
   36.00000     -3.774097425364008E-003
   37.00000     -3.680967974610265E-003
   38.00000     -3.589216135910768E-003
   39.00000     -3.498834149370201E-003
   40.00000     -3.409814224719696E-003
   41.00000     -3.322148541166124E-003
   42.00000     -3.235829247242081E-003
   43.00000     -3.150848460660049E-003
   44.00000     -3.067198268166696E-003
   45.00000     -2.984870725403957E-003
   46.00000     -2.903857856770676E-003
   47.00000     -2.824151655290108E-003
   48.00000     -2.745744082480105E-003
   49.00000     -2.668627068228839E-003
   50.00000     -2.592792510674882E-003
   51.00000     -2.518232276093261E-003
   52.00000     -2.444938198786445E-003
   53.00000     -2.372902080982669E-003
   54.00000     -2.302115692741028E-003
   55.00000     -2.232570771862896E-003
   56.00000     -2.164259023813458E-003
   57.00000     -2.097172121649964E-003
   58.00000     -2.031301705961271E-003
   59.00000     -1.966639384817075E-003
   60.00000     -1.903176733728254E-003
   61.00000     -1.840905295619943E-003
   62.00000     -1.779816580818012E-003
   63.00000     -1.719902067049202E-003
   64.00000     -1.661153199458501E-003
   65.00000     -1.603561390642226E-003
   66.00000     -1.547118020701113E-003
   67.00000     -1.491814437312757E-003
   68.00000     -1.437641955827265E-003
   69.00000     -1.384591859386445E-003
   70.00000     -1.332655399069895E-003
   71.00000     -1.281823794070541E-003
   72.00000     -1.232088231901553E-003
   73.00000     -1.183439868638138E-003
   74.00000     -1.135869829198154E-003
   75.00000     -1.089369207664731E-003
   76.00000     -1.043929067655047E-003
   77.00000     -9.995404427408110E-004
   78.00000     -9.561943369250000E-004
   79.00000     -9.138817251814826E-004
   80.00000     -8.725935540634164E-004
   81.00000     -8.323207423898627E-004
   82.00000     -7.930541820170841E-004
   83.00000     -7.547847387056550E-004
   84.00000     -7.175032530949778E-004
   85.00000     -6.812005417968962E-004
   86.00000     -6.458673986237350E-004
   87.00000     -6.114945959679159E-004
   88.00000     -5.780728863516739E-004
   89.00000     -5.455930041701698E-004
   90.00000     -5.140456676541191E-004
   91.00000     -4.834215810815643E-004
   92.00000     -4.537114372748507E-004
   93.00000     -4.249059204250629E-004
   94.00000     -3.969957092919817E-004
   95.00000     -3.699714808390249E-004
   96.00000     -3.438239143718666E-004
   97.00000     -3.185436962647186E-004
   98.00000     -2.941215253732866E-004
   99.00000     -2.705481192568708E-004
   100.0000     -2.478142213561392E-004
   101.0000     -2.259106093082237E-004
   102.0000     -2.048281046225090E-004
   103.0000     -1.845575839955096E-004
   104.0000     -1.650899926140777E-004
   105.0000     -1.464163598892147E-004
   106.0000     -1.285278181861722E-004
   107.0000     -1.114156252816367E-004
   108.0000     -9.507119150408821E-005
   109.0000     -7.948611282256263E-005
   110.0000     -6.465221158455676E-005
   111.0000     -5.056158722167424E-005
   112.0000     -3.720668014432974E-005
   113.0000     -2.458035338524570E-005
   114.0000     -1.267599859602613E-005
   115.0000     -1.487676206821510E-006
