  0.0000000E+00 -8.478530540049847E-003
   1.000000     -8.329271816169987E-003
   2.000000     -8.181645381173530E-003
   3.000000     -8.035644415405345E-003
   4.000000     -7.891262074253638E-003
   5.000000     -7.748491487979740E-003
   6.000000     -7.607325761550415E-003
   7.000000     -7.467757974466545E-003
   8.000000     -7.329781180590898E-003
   9.000000     -7.193388407976843E-003
   10.00000     -7.058572658692920E-003
   11.00000     -6.925326908650472E-003
   12.00000     -6.793644107425595E-003
   13.00000     -6.663517178084024E-003
   14.00000     -6.534939017003404E-003
   15.00000     -6.407902493693821E-003
   16.00000     -6.282400450619399E-003
   17.00000     -6.158425703017855E-003
   18.00000     -6.035971038717717E-003
   19.00000     -5.915029217958630E-003
   20.00000     -5.795592973206447E-003
   21.00000     -5.677655008970035E-003
   22.00000     -5.561208001616262E-003
   23.00000     -5.446244599186283E-003
   24.00000     -5.332757421206732E-003
   25.00000     -5.220739058505207E-003
   26.00000     -5.110182073021486E-003
   27.00000     -5.001078997619863E-003
   28.00000     -4.893422335900166E-003
   29.00000     -4.787204562008859E-003
   30.00000     -4.682418120448679E-003
   31.00000     -4.579055425888580E-003
   32.00000     -4.477108862972970E-003
   33.00000     -4.376570786130619E-003
   34.00000     -4.277433519382879E-003
   35.00000     -4.179689356152810E-003
   36.00000     -4.083330559072005E-003
   37.00000     -3.988349359790023E-003
   38.00000     -3.894737958780719E-003
   39.00000     -3.802488525150845E-003
   40.00000     -3.711593196448370E-003
   41.00000     -3.622044078469575E-003
   42.00000     -3.533833245068052E-003
   43.00000     -3.446952737963276E-003
   44.00000     -3.361394566549289E-003
   45.00000     -3.277150707704102E-003
   46.00000     -3.194213105601051E-003
   47.00000     -3.112573671518085E-003
   48.00000     -3.032224283650788E-003
   49.00000     -2.953156786924805E-003
   50.00000     -2.875362992809413E-003
   51.00000     -2.798834679133219E-003
   52.00000     -2.723563589900189E-003
   53.00000     -2.649541435108827E-003
   54.00000     -2.576759890571130E-003
   55.00000     -2.505210597734456E-003
   56.00000     -2.434885163507033E-003
   57.00000     -2.365775160082670E-003
   58.00000     -2.297872124770882E-003
   59.00000     -2.231167559828111E-003
   60.00000     -2.165652932293220E-003
   61.00000     -2.101319673825321E-003
   62.00000     -2.038159180546238E-003
   63.00000     -1.976162812885945E-003
   64.00000     -1.915321895433326E-003
   65.00000     -1.855627716790678E-003
   66.00000     -1.797071529434394E-003
   67.00000     -1.739644549579847E-003
   68.00000     -1.683337957053415E-003
   69.00000     -1.628142895170096E-003
   70.00000     -1.574050470619051E-003
   71.00000     -1.521051753355532E-003
   72.00000     -1.469137776502424E-003
   73.00000     -1.418299536259188E-003
   74.00000     -1.368527991821673E-003
   75.00000     -1.319814065312133E-003
   76.00000     -1.272148641719711E-003
   77.00000     -1.225522568854506E-003
   78.00000     -1.179926657314231E-003
   79.00000     -1.135351680465461E-003
   80.00000     -1.091788374441246E-003
   81.00000     -1.049227438155171E-003
   82.00000     -1.007659533334905E-003
   83.00000     -9.670752845759804E-004
   84.00000     -9.274652794180672E-004
   85.00000     -8.888200684458097E-004
   86.00000     -8.511301654166609E-004
   87.00000     -8.143860474183976E-004
   88.00000     -7.785781550589780E-004
   89.00000     -7.436968926923873E-004
   90.00000     -7.097326286844619E-004
   91.00000     -6.766756957220906E-004
   92.00000     -6.445163911710704E-004
   93.00000     -6.132449774884824E-004
   94.00000     -5.828516826947639E-004
   95.00000     -5.533267009133183E-004
   96.00000     -5.246601929851783E-004
   97.00000     -4.968422871683720E-004
   98.00000     -4.698630799324979E-004
   99.00000     -4.437126368602657E-004
   100.0000     -4.183809936714579E-004
   101.0000     -3.938581573849959E-004
   102.0000     -3.701341076386137E-004
   103.0000     -3.471987981896938E-004
   104.0000     -3.250421586235787E-004
   105.0000     -3.036540963015875E-004
   106.0000     -2.830244985871254E-004
   107.0000     -2.631432353948663E-004
   108.0000     -2.440001621187994E-004
   109.0000     -2.255851230049705E-004
   110.0000     -2.078879550504975E-004
   111.0000     -1.908984925282007E-004
   112.0000     -1.746065722596685E-004
   113.0000     -1.590020397899097E-004
   114.0000     -1.440747566555661E-004
   115.0000     -1.298146089896559E-004
   116.0000     -1.162115177734045E-004
   117.0000     -1.032554511365804E-004
   118.0000     -9.093643922994637E-005
   119.0000     -7.924459236245377E-005
   120.0000     -6.817012333197605E-005
   121.0000     -5.770337521273627E-005
   122.0000     -4.783485634833560E-005
   123.0000     -3.855528501651350E-005
   124.0000     -2.985564731921667E-005
   125.0000     -2.172727354443800E-005
   126.0000     -1.416194096618742E-005
   127.0000     -7.152015581678901E-006
   128.0000     -6.906531675947421E-007
