  0.0000000E+00 -8.834819927330819E-003
   1.000000     -8.684032512460815E-003
   2.000000     -8.534872048779271E-003
   3.000000     -8.387331679924786E-003
   4.000000     -8.241404524250623E-003
   5.000000     -8.097083674654042E-003
   6.000000     -7.954362198400964E-003
   7.000000     -7.813233136953585E-003
   8.000000     -7.673689505793535E-003
   9.000000     -7.535724294246631E-003
   10.00000     -7.399330465303806E-003
   11.00000     -7.264500955443101E-003
   12.00000     -7.131228674449503E-003
   13.00000     -6.999506505234604E-003
   14.00000     -6.869327303653668E-003
   15.00000     -6.740683898323100E-003
   16.00000     -6.613569090436523E-003
   17.00000     -6.487975653579002E-003
   18.00000     -6.363896333541391E-003
   19.00000     -6.241323848132746E-003
   20.00000     -6.120250886992822E-003
   21.00000     -6.000670111401605E-003
   22.00000     -5.882574154090678E-003
   23.00000     -5.765955619051183E-003
   24.00000     -5.650807081341810E-003
   25.00000     -5.537121086897116E-003
   26.00000     -5.424890152331906E-003
   27.00000     -5.314106764747373E-003
   28.00000     -5.204763381536135E-003
   29.00000     -5.096852430185436E-003
   30.00000     -4.990366308079303E-003
   31.00000     -4.885297382302659E-003
   32.00000     -4.781637989440373E-003
   33.00000     -4.679380435379652E-003
   34.00000     -4.578516995109396E-003
   35.00000     -4.479039912519410E-003
   36.00000     -4.380941400199664E-003
   37.00000     -4.284213639238465E-003
   38.00000     -4.188848779019440E-003
   39.00000     -4.094838937020061E-003
   40.00000     -4.002176198607302E-003
   41.00000     -3.910852616834091E-003
   42.00000     -3.820860212236385E-003
   43.00000     -3.732190972627488E-003
   44.00000     -3.644836852894244E-003
   45.00000     -3.558789774792716E-003
   46.00000     -3.474041626742550E-003
   47.00000     -3.390584263622642E-003
   48.00000     -3.308409506565527E-003
   49.00000     -3.227509142753163E-003
   50.00000     -3.147874925211976E-003
   51.00000     -3.069498572607430E-003
   52.00000     -2.992371769041050E-003
   53.00000     -2.916486163845179E-003
   54.00000     -2.841833371379892E-003
   55.00000     -2.768404970829570E-003
   56.00000     -2.696192506000563E-003
   57.00000     -2.625187485119055E-003
   58.00000     -2.555381380630359E-003
   59.00000     -2.486765628997325E-003
   60.00000     -2.419331630502247E-003
   61.00000     -2.353070749048104E-003
   62.00000     -2.287974311961091E-003
   63.00000     -2.224033609794908E-003
   64.00000     -2.161239896136130E-003
   65.00000     -2.099584387411226E-003
   66.00000     -2.039058262695227E-003
   67.00000     -1.979652663521727E-003
   68.00000     -1.921358693695289E-003
   69.00000     -1.864167419106342E-003
   70.00000     -1.808069867546320E-003
   71.00000     -1.753057028527723E-003
   72.00000     -1.699119853104661E-003
   73.00000     -1.646249253697344E-003
   74.00000     -1.594436103918378E-003
   75.00000     -1.543671238403129E-003
   76.00000     -1.493945452642226E-003
   77.00000     -1.445249502818225E-003
   78.00000     -1.397574105645844E-003
   79.00000     -1.350909938215712E-003
   80.00000     -1.305247637841899E-003
   81.00000     -1.260577801914608E-003
   82.00000     -1.216890987756687E-003
   83.00000     -1.174177712484701E-003
   84.00000     -1.132428452876300E-003
   85.00000     -1.091633645241106E-003
   86.00000     -1.051783685298520E-003
   87.00000     -1.012868928061095E-003
   88.00000     -9.748796877239510E-004
   89.00000     -9.378062375608680E-004
   90.00000     -9.016388098273836E-004
   91.00000     -8.663675956710759E-004
   92.00000     -8.319827450497398E-004
   93.00000     -7.984743666573243E-004
   94.00000     -7.658325278589093E-004
   95.00000     -7.340472546341636E-004
   96.00000     -7.031085315310909E-004
   97.00000     -6.730063016292785E-004
   98.00000     -6.437304665140317E-004
   99.00000     -6.152708862618618E-004
   100.0000     -5.876173794381177E-004
   101.0000     -5.607597231070910E-004
   102.0000     -5.346876528557515E-004
   103.0000     -5.093908628320324E-004
   104.0000     -4.848590057984365E-004
   105.0000     -4.610816932018280E-004
   106.0000     -4.380484952613017E-004
   107.0000     -4.157489410744392E-004
   108.0000     -3.941725187441117E-004
   109.0000     -3.733086755272420E-004
   110.0000     -3.531468180071341E-004
   111.0000     -3.336763122916457E-004
   112.0000     -3.148864842393444E-004
   113.0000     -2.967666197165603E-004
   114.0000     -2.793059648877562E-004
   115.0000     -2.624937265435569E-004
   116.0000     -2.463190724697030E-004
   117.0000     -2.307711318619947E-004
   118.0000     -2.158389957926702E-004
   119.0000     -2.015117177347722E-004
   120.0000     -1.877783141519323E-004
   121.0000     -1.746277651630185E-004
   122.0000     -1.620490152924735E-004
   123.0000     -1.500309743195553E-004
   124.0000     -1.385625182426169E-004
   125.0000     -1.276324903781129E-004
   126.0000     -1.172297026185920E-004
   127.0000     -1.073429368795384E-004
   128.0000     -9.796094677298922E-005
   129.0000     -8.907245955511785E-005
   130.0000     -8.066617840827867E-005
   131.0000     -7.273078513512581E-005
   132.0000     -6.525494336556478E-005
   133.0000     -5.822730240871265E-005
   134.0000     -5.163650192581252E-005
   135.0000     -4.547117766090584E-005
   136.0000     -3.971996855266822E-005
   137.0000     -3.437152567720128E-005
   138.0000     -2.941452365729265E-005
   139.0000     -2.483767545619981E-005
   140.0000     -2.062975191172804E-005
   141.0000     -1.677960806730169E-005
   142.0000     -1.327621951726741E-005
   143.0000     -1.010873398221227E-005
   144.0000     -7.266546941970912E-006
   145.0000     -4.739417063508208E-006
   146.0000     -2.517651355409334E-006
   147.0000     -5.924219119926880E-007
