  0.0000000E+00 -4.715997302999115E-003
   1.000000     -4.584005793401845E-003
   2.000000     -4.453722191127062E-003
   3.000000     -4.325140559507583E-003
   4.000000     -4.198254957340201E-003
   5.000000     -4.073059439512572E-003
   6.000000     -3.949548057672190E-003
   7.000000     -3.827714860942833E-003
   8.000000     -3.707553896689530E-003
   9.000000     -3.589059211334971E-003
   10.00000     -3.472224851235814E-003
   11.00000     -3.357044863617728E-003
   12.00000     -3.243513297575990E-003
   13.00000     -3.131624205149340E-003
   14.00000     -3.021371642467715E-003
   15.00000     -2.912749670984417E-003
   16.00000     -2.805752358796155E-003
   17.00000     -2.700373782061995E-003
   18.00000     -2.596608026523941E-003
   19.00000     -2.494449189142923E-003
   20.00000     -2.393891379858510E-003
   21.00000     -2.294928723481618E-003
   22.00000     -2.197555361733435E-003
   23.00000     -2.101765455444263E-003
   24.00000     -2.007553186925179E-003
   25.00000     -1.914912762530468E-003
   26.00000     -1.823838415427878E-003
   27.00000     -1.734324408597034E-003
   28.00000     -1.646365038079055E-003
   29.00000     -1.559954636501215E-003
   30.00000     -1.475087576907354E-003
   31.00000     -1.391758276922428E-003
   32.00000     -1.309961203291231E-003
   33.00000     -1.229690876827307E-003
   34.00000     -1.150941877822011E-003
   35.00000     -1.073708851962885E-003
   36.00000     -9.979865168229182E-004
   37.00000     -9.237696689869079E-004
   38.00000     -8.510531918941047E-004
   39.00000     -7.798320644852371E-004
   40.00000     -7.101013707589602E-004
   41.00000     -6.418563103553323E-004
   42.00000     -5.750922103068131E-004
   43.00000     -5.098045381176050E-004
   44.00000     -4.459889163626182E-004
   45.00000     -3.836411390283281E-004
   46.00000     -3.227571898609571E-004
   47.00000     -2.633332630354657E-004
   48.00000     -2.053657865209894E-004
   49.00000     -1.488514485934538E-004
   50.00000     -9.378722804054337E-005
   51.00000     -4.017042872199760E-005
