  0.0000000E+00 -8.176350716861853E-003
   1.000000     -8.028401252898366E-003
   2.000000     -7.882088799226311E-003
   3.000000     -7.737406571547600E-003
   4.000000     -7.594347760997833E-003
   5.000000     -7.452905533987569E-003
   6.000000     -7.313073032037131E-003
   7.000000     -7.174843371615011E-003
   8.000000     -7.038209643973180E-003
   9.000000     -6.903164914983493E-003
   10.00000     -6.769702224969513E-003
   11.00000     -6.637814588542651E-003
   12.00000     -6.507494994434111E-003
   13.00000     -6.378736405327084E-003
   14.00000     -6.251531757688882E-003
   15.00000     -6.125873961601098E-003
   16.00000     -6.001755900591116E-003
   17.00000     -5.879170431461704E-003
   18.00000     -5.758110384119490E-003
   19.00000     -5.638568561405502E-003
   20.00000     -5.520537738922577E-003
   21.00000     -5.404010664863567E-003
   22.00000     -5.288980059840057E-003
   23.00000     -5.175438616708523E-003
   24.00000     -5.063379000399835E-003
   25.00000     -4.952793847744094E-003
   26.00000     -4.843675767299615E-003
   27.00000     -4.736017339179092E-003
   28.00000     -4.629811114877743E-003
   29.00000     -4.525049617099816E-003
   30.00000     -4.421725339586963E-003
   31.00000     -4.319830746945742E-003
   32.00000     -4.219358274476242E-003
   33.00000     -4.120300328001189E-003
   34.00000     -4.022649283695223E-003
   35.00000     -3.926397487915198E-003
   36.00000     -3.831537257032137E-003
   37.00000     -3.738060877262602E-003
   38.00000     -3.645960604502787E-003
   39.00000     -3.555228664162725E-003
   40.00000     -3.465857251003208E-003
   41.00000     -3.377838528973270E-003
   42.00000     -3.291164631049620E-003
   43.00000     -3.205827659079658E-003
   44.00000     -3.121819683623944E-003
   45.00000     -3.039132743804071E-003
   46.00000     -2.957758847151623E-003
   47.00000     -2.877689969460040E-003
   48.00000     -2.798918054641156E-003
   49.00000     -2.721435014583751E-003
   50.00000     -2.645232729016595E-003
   51.00000     -2.570303045376883E-003
   52.00000     -2.496637778681743E-003
   53.00000     -2.424228711405168E-003
   54.00000     -2.353067593361474E-003
   55.00000     -2.283146141593767E-003
   56.00000     -2.214456040269569E-003
   57.00000     -2.146988940582594E-003
   58.00000     -2.080736460663610E-003
   59.00000     -2.015690185498787E-003
   60.00000     -1.951841666856513E-003
   61.00000     -1.889182423226701E-003
   62.00000     -1.827703939766816E-003
   63.00000     -1.767397668263258E-003
   64.00000     -1.708255027103589E-003
   65.00000     -1.650267401262103E-003
   66.00000     -1.593426142302238E-003
   67.00000     -1.537722568393110E-003
   68.00000     -1.483147964345627E-003
   69.00000     -1.429693581666776E-003
   70.00000     -1.377350638635731E-003
   71.00000     -1.326110320402577E-003
   72.00000     -1.275963779112617E-003
   73.00000     -1.226902134057941E-003
   74.00000     -1.178916471859569E-003
   75.00000     -1.131997846682614E-003
   76.00000     -1.086137280487850E-003
   77.00000     -1.041325763323212E-003
   78.00000     -9.975542536597099E-004
   79.00000     -9.548136787757817E-004
   80.00000     -9.130949351955427E-004
   81.00000     -8.723888891866708E-004
   82.00000     -8.326863773236502E-004
   83.00000     -7.939782071254286E-004
   84.00000     -7.562551577737984E-004
   85.00000     -7.195079809230938E-004
   86.00000     -6.837274016118298E-004
   87.00000     -6.489041192883657E-004
   88.00000     -6.150288089645829E-004
   89.00000     -5.820921225144058E-004
   90.00000     -5.500846901347744E-004
   91.00000     -5.189971219918413E-004
   92.00000     -4.888200100769864E-004
   93.00000     -4.595439303016784E-004
   94.00000     -4.311594448666759E-004
   95.00000     -4.036571049444303E-004
   96.00000     -3.770274537239536E-004
   97.00000     -3.512610298739036E-004
   98.00000     -3.263483714916688E-004
   99.00000     -3.022800206198884E-004
   100.0000     -2.790465284280179E-004
   101.0000     -2.566384611772245E-004
   102.0000     -2.350464071140708E-004
   103.0000     -2.142609844706769E-004
   104.0000     -1.942728507918322E-004
   105.0000     -1.750727138640565E-004
   106.0000     -1.566513445935420E-004
   107.0000     -1.389995922719429E-004
   108.0000     -1.221084027950499E-004
   109.0000     -1.059688405662858E-004
   110.0000     -9.057211504584435E-005
   111.0000     -7.590961322347678E-005
   112.0000     -6.197293974009035E-005
   113.0000     -4.875396702309350E-005
   114.0000     -3.624489873923111E-005
   115.0000     -2.443835127362128E-005
   116.0000     -1.332746010338542E-005
   117.0000     -2.906021356510973E-006
