  0.0000000E+00 -6.975370963437172E-003
   1.000000     -6.832747943456797E-003
   2.000000     -6.691782679919960E-003
   3.000000     -6.552468575554683E-003
   4.000000     -6.414799011481404E-003
   5.000000     -6.278767347132177E-003
   6.000000     -6.144366920171737E-003
   7.000000     -6.011591046420131E-003
   8.000000     -5.880433019781195E-003
   9.000000     -5.750886112170239E-003
   10.00000     -5.622943573448029E-003
   11.00000     -5.496598631357873E-003
   12.00000     -5.371844491464965E-003
   13.00000     -5.248674337101984E-003
   14.00000     -5.127081329318330E-003
   15.00000     -5.007058606833580E-003
   16.00000     -4.888599285996749E-003
   17.00000     -4.771696460752049E-003
   18.00000     -4.656343202608043E-003
   19.00000     -4.542532560616317E-003
   20.00000     -4.430257561354465E-003
   21.00000     -4.319511208918805E-003
   22.00000     -4.210286484922227E-003
   23.00000     -4.102576348503760E-003
   24.00000     -3.996373736344836E-003
   25.00000     -3.891671562696454E-003
   26.00000     -3.788462719416966E-003
   27.00000     -3.686740076021273E-003
   28.00000     -3.586496479741317E-003
   29.00000     -3.487724755601143E-003
   30.00000     -3.390417706505418E-003
   31.00000     -3.294568113342914E-003
   32.00000     -3.200168735106606E-003
   33.00000     -3.107212309031258E-003
   34.00000     -3.015691550751470E-003
   35.00000     -2.925599154477302E-003
   36.00000     -2.836927793195024E-003
   37.00000     -2.749670118889571E-003
   38.00000     -2.663818762794467E-003
   39.00000     -2.579366335668222E-003
   40.00000     -2.496305428101438E-003
   41.00000     -2.414628610857554E-003
   42.00000     -2.334328435246954E-003
   43.00000     -2.255397433541340E-003
   44.00000     -2.177828119428569E-003
   45.00000     -2.101612988513511E-003
   46.00000     -2.026744518867397E-003
   47.00000     -1.953215171631532E-003
   48.00000     -1.881017391678770E-003
   49.00000     -1.810143608338841E-003
   50.00000     -1.740586236193886E-003
   51.00000     -1.672337675949301E-003
   52.00000     -1.605390315388616E-003
   53.00000     -1.539736530419340E-003
   54.00000     -1.475368686220442E-003
   55.00000     -1.412279138498868E-003
   56.00000     -1.350460234869025E-003
   57.00000     -1.289904316366283E-003
   58.00000     -1.230603719109588E-003
   59.00000     -1.172550776128067E-003
   60.00000     -1.115737819371237E-003
   61.00000     -1.060157181921680E-003
   62.00000     -1.005801200434631E-003
   63.00000     -9.526622178305409E-004
   64.00000     -9.007325862699310E-004
   65.00000     -8.500046704470621E-004
   66.00000     -8.004708512393976E-004
   67.00000     -7.521235297611401E-004
   68.00000     -7.049551318716623E-004
   69.00000     -6.589581132010535E-004
   70.00000     -6.141249647639643E-004
   71.00000     -5.704482192446392E-004
   72.00000     -5.279204580512970E-004
   73.00000     -4.865343192552006E-004
   74.00000     -4.462825065505967E-004
   75.00000     -4.071577993987974E-004
   76.00000     -3.691530645503813E-004
   77.00000     -3.322612691797557E-004
   78.00000     -2.964754959162020E-004
   79.00000     -2.617889601162836E-004
   80.00000     -2.281950298017854E-004
   81.00000     -1.956872487873636E-004
   82.00000     -1.642593636502176E-004
   83.00000     -1.339053553629770E-004
   84.00000     -1.046194766296980E-004
   85.00000     -7.639629625927241E-005
   86.00000     -4.923075230381897E-005
   87.00000     -2.311821622845378E-005
