  0.0000000E+00 -8.887253307289268E-003
   1.000000     -8.736242262424926E-003
   2.000000     -8.586857403281094E-003
   3.000000     -8.439091868518676E-003
   4.000000     -8.292938771475399E-003
   5.000000     -8.148391199995336E-003
   6.000000     -8.005442216254578E-003
   7.000000     -7.864084856587270E-003
   8.000000     -7.724312131309685E-003
   9.000000     -7.586117024543084E-003
   10.00000     -7.449492494036838E-003
   11.00000     -7.314431470988272E-003
   12.00000     -7.180926859863576E-003
   13.00000     -7.048971538216241E-003
   14.00000     -6.918558356505201E-003
   15.00000     -6.789680137911861E-003
   16.00000     -6.662329678154109E-003
   17.00000     -6.536499745303241E-003
   18.00000     -6.412183079596463E-003
   19.00000     -6.289372393250038E-003
   20.00000     -6.168060370269996E-003
   21.00000     -6.048239666264207E-003
   22.00000     -5.929902908251267E-003
   23.00000     -5.813042694469090E-003
   24.00000     -5.697651594183834E-003
   25.00000     -5.583722147495522E-003
   26.00000     -5.471246865145076E-003
   27.00000     -5.360218228319218E-003
   28.00000     -5.250628688455127E-003
   29.00000     -5.142470667043520E-003
   30.00000     -5.035736555431742E-003
   31.00000     -4.930418714625692E-003
   32.00000     -4.826509475091611E-003
   33.00000     -4.724001136555698E-003
   34.00000     -4.622885967804936E-003
   35.00000     -4.523156206485975E-003
   36.00000     -4.424804058903870E-003
   37.00000     -4.327821699820281E-003
   38.00000     -4.232201272251192E-003
   39.00000     -4.137934887263685E-003
   40.00000     -4.045014623773361E-003
   41.00000     -3.953432528338821E-003
   42.00000     -3.863180614960442E-003
   43.00000     -3.774250864873433E-003
   44.00000     -3.686635226344906E-003
   45.00000     -3.600325614467582E-003
   46.00000     -3.515313910956172E-003
   47.00000     -3.431591963941600E-003
   48.00000     -3.349151587766067E-003
   49.00000     -3.267984562778073E-003
   50.00000     -3.188082635127011E-003
   51.00000     -3.109437516559022E-003
   52.00000     -3.032040884211939E-003
   53.00000     -2.955884380411237E-003
   54.00000     -2.880959612466305E-003
   55.00000     -2.807258152466207E-003
   56.00000     -2.734771537078154E-003
   57.00000     -2.663491267343827E-003
   58.00000     -2.593408808478825E-003
   59.00000     -2.524515589671666E-003
   60.00000     -2.456803003883476E-003
   61.00000     -2.390262407649781E-003
   62.00000     -2.324885120882309E-003
   63.00000     -2.260662426672859E-003
   64.00000     -2.197585571097662E-003
   65.00000     -2.135645763023526E-003
   66.00000     -2.074834173916376E-003
   67.00000     -2.015141937649657E-003
   68.00000     -1.956560150316101E-003
   69.00000     -1.899079870040806E-003
   70.00000     -1.842692116796130E-003
   71.00000     -1.787387872219811E-003
   72.00000     -1.733158079433989E-003
   73.00000     -1.679993642867653E-003
   74.00000     -1.627885428081892E-003
   75.00000     -1.576824261597303E-003
   76.00000     -1.526800930724707E-003
   77.00000     -1.477806183399301E-003
   78.00000     -1.429830728017576E-003
   79.00000     -1.382865233278347E-003
   80.00000     -1.336900328027013E-003
   81.00000     -1.291926601104114E-003
   82.00000     -1.247934601197788E-003
   83.00000     -1.204914836700638E-003
   84.00000     -1.162857775570951E-003
   85.00000     -1.121753845199563E-003
   86.00000     -1.081593432280153E-003
   87.00000     -1.042366882686648E-003
   88.00000     -1.004064501354776E-003
   89.00000     -9.666765521700027E-004
   90.00000     -9.301932578616218E-004
   91.00000     -8.946047999027412E-004
   92.00000     -8.599013184176274E-004
   93.00000     -8.260729120952132E-004
   94.00000     -7.931096381105653E-004
   95.00000     -7.610015120537039E-004
   96.00000     -7.297385078661257E-004
   97.00000     -6.993105577863110E-004
   98.00000     -6.697075523033658E-004
   99.00000     -6.409193401200552E-004
   100.0000     -6.129357281254598E-004
   101.0000     -5.857464813774181E-004
   102.0000     -5.593413230956007E-004
   103.0000     -5.337099346654005E-004
   104.0000     -5.088419556535410E-004
   105.0000     -4.847269838354929E-004
   106.0000     -4.613545752356408E-004
   107.0000     -4.387142441807613E-004
   108.0000     -4.167954633674571E-004
   109.0000     -3.955876639443519E-004
   110.0000     -3.750802356096059E-004
   111.0000     -3.552625267251537E-004
   112.0000     -3.361238444480840E-004
   113.0000     -3.176534548805520E-004
   114.0000     -2.998405832391330E-004
   115.0000     -2.826744140454519E-004
   116.0000     -2.661440913386344E-004
   117.0000     -2.502387189123851E-004
   118.0000     -2.349473605774451E-004
   119.0000     -2.202590404525297E-004
   120.0000     -2.061627432853173E-004
   121.0000     -1.926474148072273E-004
   122.0000     -1.797019621245632E-004
   123.0000     -1.673152541503654E-004
   124.0000     -1.554761220812807E-004
   125.0000     -1.441733599252541E-004
   126.0000     -1.333957250863177E-004
   127.0000     -1.231319390144786E-004
   128.0000     -1.133706879304907E-004
   129.0000     -1.041006236372032E-004
   130.0000     -9.531036443204917E-005
   131.0000     -8.698849613917181E-005
   132.0000     -7.912357328383788E-005
   133.0000     -7.170412043837588E-005
   134.0000     -6.471863377670400E-005
   135.0000     -5.815558288592577E-005
   136.0000     -5.200341289771016E-005
   137.0000     -4.625054702309484E-005
   138.0000     -4.088538960245906E-005
   139.0000     -3.589632982257578E-005
   140.0000     -3.127174631058464E-005
   141.0000     -2.700001289897564E-005
   142.0000     -2.306950598256561E-005
   143.0000     -1.946861408189260E-005
   144.0000     -1.618575053226294E-005
   145.0000     -1.320937071199365E-005
   146.0000     -1.052799605315958E-005
   147.0000     -8.130248532411651E-006
   148.0000     -6.004902014311724E-006
   149.0000     -4.140962049024707E-006
   150.0000     -2.527796743096536E-006
   151.0000     -1.155366892550203E-006
   152.0000     -1.467120253355549E-008
