  0.0000000E+00 -6.681296173921793E-003
   1.000000     -6.540009259894062E-003
   2.000000     -6.400385723799788E-003
   3.000000     -6.262419027826034E-003
   4.000000     -6.126102613726098E-003
   5.000000     -5.991429902778763E-003
   6.000000     -5.858394295748005E-003
   7.000000     -5.726989172849088E-003
   8.000000     -5.597207893719444E-003
   9.000000     -5.469043797394816E-003
   10.00000     -5.342490202290583E-003
   11.00000     -5.217540406189977E-003
   12.00000     -5.094187686237359E-003
   13.00000     -4.972425298940255E-003
   14.00000     -4.852246480176226E-003
   15.00000     -4.733644445210408E-003
   16.00000     -4.616612388720492E-003
   17.00000     -4.501143484828536E-003
   18.00000     -4.387230887147018E-003
   19.00000     -4.274867728830456E-003
   20.00000     -4.164047122642929E-003
   21.00000     -4.054762161032178E-003
   22.00000     -3.947005916221865E-003
   23.00000     -3.840771440314259E-003
   24.00000     -3.736051765408052E-003
   25.00000     -3.632839903733624E-003
   26.00000     -3.531128847803774E-003
   27.00000     -3.430911570582648E-003
   28.00000     -3.332181025676218E-003
   29.00000     -3.234930147541374E-003
   30.00000     -3.139151851719862E-003
   31.00000     -3.044839035095452E-003
   32.00000     -2.951984576178410E-003
   33.00000     -2.860581335417907E-003
   34.00000     -2.770622155545433E-003
   35.00000     -2.682099861951836E-003
   36.00000     -2.595007263099526E-003
   37.00000     -2.509337150974254E-003
   38.00000     -2.425082301578528E-003
   39.00000     -2.342235475471105E-003
   40.00000     -2.260789418356071E-003
   41.00000     -2.180736861725264E-003
   42.00000     -2.102070523559452E-003
   43.00000     -2.024783109093285E-003
   44.00000     -1.948867311649485E-003
   45.00000     -1.874315813549191E-003
   46.00000     -1.801121287103742E-003
   47.00000     -1.729276395698799E-003
   48.00000     -1.658773794975486E-003
   49.00000     -1.589606134122344E-003
   50.00000     -1.521766057284751E-003
   51.00000     -1.455246205106448E-003
   52.00000     -1.390039216416168E-003
   53.00000     -1.326137730073666E-003
   54.00000     -1.263534386991794E-003
   55.00000     -1.202221832355665E-003
   56.00000     -1.142192718057754E-003
   57.00000     -1.083439705375532E-003
   58.00000     -1.025955467917844E-003
   59.00000     -9.697326948726158E-004
   60.00000     -9.147640945917417E-004
   61.00000     -8.610423985534418E-004
   62.00000     -8.085603657511633E-004
   63.00000     -7.573107875626611E-004
   64.00000     -7.072864931625956E-004
   65.00000     -6.584803555529228E-004
   66.00000     -6.108852982959753E-004
   67.00000     -5.644943030505882E-004
   68.00000     -5.193004180301880E-004
   69.00000     -4.752967675203322E-004
   70.00000     -4.324765626226744E-004
   71.00000     -3.908331134205341E-004
   72.00000     -3.503598428038407E-004
   73.00000     -3.110503022368018E-004
   74.00000     -2.728981898144960E-004
   75.00000     -2.358973710299261E-004
   76.00000     -2.000419027707235E-004
   77.00000     -1.653260611880955E-004
   78.00000     -1.317443742422646E-004
   79.00000     -9.929165993710748E-005
   80.00000     -6.796307153404296E-005
   81.00000     -3.775415140399124E-005
   82.00000     -8.660895676926150E-006
