  0.0000000E+00 -8.263943878498155E-003
   1.000000     -8.115613672975072E-003
   2.000000     -7.968919090143762E-003
   3.000000     -7.823853335034364E-003
   4.000000     -7.680409587986802E-003
   5.000000     -7.538581004485989E-003
   6.000000     -7.398360714997884E-003
   7.000000     -7.259741824803311E-003
   8.000000     -7.122717413830900E-003
   9.000000     -6.987280536489481E-003
   10.00000     -6.853424221500483E-003
   11.00000     -6.721141471728309E-003
   12.00000     -6.590425264008664E-003
   13.00000     -6.461268548980845E-003
   14.00000     -6.333664250913037E-003
   15.00000     -6.207605267531807E-003
   16.00000     -6.083084469848777E-003
   17.00000     -5.960094701985485E-003
   18.00000     -5.838628781001619E-003
   19.00000     -5.718679496717138E-003
   20.00000     -5.600239611538603E-003
   21.00000     -5.483301860282312E-003
   22.00000     -5.367858949997853E-003
   23.00000     -5.253903559791473E-003
   24.00000     -5.141428340647051E-003
   25.00000     -5.030425915250280E-003
   26.00000     -4.920888877809555E-003
   27.00000     -4.812809793877685E-003
   28.00000     -4.706181200172690E-003
   29.00000     -4.600995604401000E-003
   30.00000     -4.497245485076837E-003
   31.00000     -4.394923291344731E-003
   32.00000     -4.294021442799819E-003
   33.00000     -4.194532329311492E-003
   34.00000     -4.096448310842859E-003
   35.00000     -3.999761717274934E-003
   36.00000     -3.904464848228740E-003
   37.00000     -3.810549972888173E-003
   38.00000     -3.718009329825094E-003
   39.00000     -3.626835126823217E-003
   40.00000     -3.537019540704963E-003
   41.00000     -3.448554717157639E-003
   42.00000     -3.361432770561430E-003
   43.00000     -3.275645783820109E-003
   44.00000     -3.191185808191087E-003
   45.00000     -3.108044863118667E-003
   46.00000     -3.026214936069428E-003
   47.00000     -2.945687982368308E-003
   48.00000     -2.866455925038944E-003
   49.00000     -2.788510654644800E-003
   50.00000     -2.711844029134808E-003
   51.00000     -2.636447873691313E-003
   52.00000     -2.562313980580901E-003
   53.00000     -2.489434109010320E-003
   54.00000     -2.417799984985868E-003
   55.00000     -2.347403301176744E-003
   56.00000     -2.278235716784045E-003
   57.00000     -2.210288857414856E-003
   58.00000     -2.143554314961395E-003
   59.00000     -2.078023647488006E-003
   60.00000     -2.013688379122928E-003
   61.00000     -1.950539999959084E-003
   62.00000     -1.888569965961975E-003
   63.00000     -1.827769698886659E-003
   64.00000     -1.768130586203842E-003
   65.00000     -1.709643981036808E-003
   66.00000     -1.652301202108553E-003
   67.00000     -1.596093533702417E-003
   68.00000     -1.541012225634126E-003
   69.00000     -1.487048493239677E-003
   70.00000     -1.434193517378181E-003
   71.00000     -1.382438444451614E-003
   72.00000     -1.331774386443307E-003
   73.00000     -1.282192420976689E-003
   74.00000     -1.233683591395730E-003
   75.00000     -1.186238906870207E-003
   76.00000     -1.139849342526502E-003
   77.00000     -1.094505839608489E-003
   78.00000     -1.050199305668971E-003
   79.00000     -1.006920614797114E-003
   80.00000     -9.646606078834378E-004
   81.00000     -9.234100929281964E-004
   82.00000     -8.831598453951653E-004
   83.00000     -8.439006086183997E-004
   84.00000     -8.056230942655687E-004
   85.00000     -7.683179828651662E-004
   86.00000     -7.319759244041204E-004
   87.00000     -6.965875390047033E-004
   88.00000     -6.621434176891976E-004
   89.00000     -6.286341232429674E-004
   90.00000     -5.960501911885985E-004
   91.00000     -5.643821308844611E-004
   92.00000     -5.336204267635554E-004
   93.00000     -5.037555397317784E-004
   94.00000     -4.747779087465238E-004
   95.00000     -4.466779526009476E-004
   96.00000     -4.194460719431273E-004
   97.00000     -3.930726515647558E-004
   98.00000     -3.675480629998611E-004
   99.00000     -3.428626674816574E-004
   100.0000     -3.190068193155342E-004
   101.0000     -2.959708697362842E-004
   102.0000     -2.737451713333641E-004
   103.0000     -2.523200831438804E-004
   104.0000     -2.316859765362522E-004
   105.0000     -2.118332420348609E-004
   106.0000     -1.927522972713929E-004
   107.0000     -1.744335962946774E-004
   108.0000     -1.568676405296547E-004
   109.0000     -1.400449917542646E-004
   110.0000     -1.239562875661558E-004
   111.0000     -1.085922599494789E-004
   112.0000     -9.394375774079259E-005
   113.0000     -8.000177405279679E-005
   114.0000     -6.675748007953003E-005
   115.0000     -5.420226722693599E-005
   116.0000     -4.232780027040616E-005
   117.0000     -3.112608536827671E-005
   118.0000     -2.058955848111272E-005
   119.0000     -1.071120244789935E-005
   120.0000     -1.484705356376744E-006
