  0.0000000E+00 -2.165424094659651E-002
   1.000000     -2.087384497627974E-002
   2.000000     -2.011117967798722E-002
   3.000000     -1.936608817830390E-002
   4.000000     -1.863841239334694E-002
   5.000000     -1.792799301163405E-002
   6.000000     -1.723466947673436E-002
   7.000000     -1.655827996970260E-002
   8.000000     -1.589866139130119E-002
   9.000000     -1.525564934401553E-002
   10.00000     -1.462907811386619E-002
   11.00000     -1.401878065203213E-002
   12.00000     -1.342458855628592E-002
   13.00000     -1.284633205225242E-002
   14.00000     -1.228383997450784E-002
   15.00000     -1.173693974751940E-002
   16.00000     -1.120545736644726E-002
   17.00000     -1.068921737782943E-002
   18.00000     -1.018804286014991E-002
   19.00000     -9.701755404325768E-003
   20.00000     -9.230175094125759E-003
   21.00000     -8.773120486547980E-003
   22.00000     -8.330408592184166E-003
   23.00000     -7.901854855590440E-003
   24.00000     -7.487273135717092E-003
   25.00000     -7.086475686413585E-003
   26.00000     -6.699273137062256E-003
   27.00000     -6.325474473386540E-003
   28.00000     -5.964887018476585E-003
   29.00000     -5.617316414100065E-003
   30.00000     -5.282566602357408E-003
   31.00000     -4.960439807752838E-003
   32.00000     -4.650736519766919E-003
   33.00000     -4.353255476021351E-003
   34.00000     -4.067793646140699E-003
   35.00000     -3.794146216432995E-003
   36.00000     -3.532106575526175E-003
   37.00000     -3.281466301119121E-003
   38.00000     -3.042015148032706E-003
   39.00000     -2.813541037776362E-003
   40.00000     -2.595830049882405E-003
   41.00000     -2.388666415313661E-003
   42.00000     -2.191832512299986E-003
   43.00000     -2.005108865043525E-003
   44.00000     -1.828274145821268E-003
   45.00000     -1.661105181146118E-003
   46.00000     -1.503376962798950E-003
   47.00000     -1.354862664768200E-003
   48.00000     -1.215333667421370E-003
   49.00000     -1.084559590615871E-003
   50.00000     -9.623083380049021E-004
   51.00000     -8.483461555445496E-004
   52.00000     -7.424377082806738E-004
   53.00000     -6.443461810531128E-004
   54.00000     -5.538334110536121E-004
   55.00000     -4.706600636541053E-004
   56.00000     -3.945858683251131E-004
   57.00000     -3.253699400804747E-004
   58.00000     -2.627712261226676E-004
   59.00000     -2.065491417650195E-004
   60.00000     -1.564645035259423E-004
   61.00000     -1.122809503579824E-004
   62.00000     -7.376721243667329E-005
   63.00000     -4.070095894106578E-005
   64.00000     -1.287587529896402E-005
