  0.0000000E+00 -2.038585442374017E-002
   1.000000     -1.961676544855761E-002
   2.000000     -1.886721024533918E-002
   3.000000     -1.813614159590116E-002
   4.000000     -1.738629828044832E-002
   5.000000     -1.679780689375896E-002
   6.000000     -1.612659085462785E-002
   7.000000     -1.512751697055392E-002
   8.000000     -1.451342377292561E-002
   9.000000     -1.402269534255323E-002
   10.00000     -1.293114190883217E-002
   11.00000     -1.186070889727165E-002
   12.00000     -1.083387776771298E-002
   13.00000     -1.008960701980013E-002
   14.00000     -9.860444624645737E-003
   15.00000     -8.947966565342523E-003
   16.00000     -8.096901216514879E-003
   17.00000     -7.307552057747811E-003
   18.00000     -6.578424261331157E-003
   19.00000     -5.907096772850440E-003
   20.00000     -5.290600402658554E-003
   21.00000     -4.725674336038622E-003
   22.00000     -4.208942856716943E-003
   23.00000     -3.737036065217413E-003
   24.00000     -3.306671778797929E-003
   25.00000     -2.914751824079452E-003
   26.00000     -2.836896894465215E-003
   27.00000     -2.558099582214647E-003
   28.00000     -2.234168055516350E-003
   29.00000     -1.940251408918425E-003
   30.00000     -1.673948644371671E-003
   31.00000     -1.433041656929550E-003
   32.00000     -1.215491731353851E-003
   33.00000     -1.019430503264632E-003
   34.00000     -8.431496371366470E-004
   35.00000     -6.850901655763849E-004
   36.00000     -5.438320262394781E-004
   37.00000     -4.180841955743468E-004
   38.00000     -3.066757761925509E-004
   39.00000     -2.085484378489844E-004
   40.00000     -1.227507828370792E-004
   41.00000     -4.843562630637890E-005
