  0.0000000E+00 -2.232541653116791E-002
   1.000000     -2.153901560157989E-002
   2.000000     -2.077030188124514E-002
   3.000000     -2.001911788823641E-002
   4.000000     -1.928530491973763E-002
   5.000000     -1.856870303472719E-002
   6.000000     -1.786915103644497E-002
   7.000000     -1.718648645463126E-002
   8.000000     -1.652054552755383E-002
   9.000000     -1.587116318381433E-002
   10.00000     -1.523817302395446E-002
   11.00000     -1.462140730185325E-002
   12.00000     -1.402069690593406E-002
   13.00000     -1.343587134017910E-002
   14.00000     -1.286675870496959E-002
   15.00000     -1.231318567775991E-002
   16.00000     -1.177497749358530E-002
   17.00000     -1.125195792543216E-002
   18.00000     -1.074394926447720E-002
   19.00000     -1.025077230020500E-002
   20.00000     -9.772246300430283E-003
   21.00000     -9.308188991238609E-003
   22.00000     -8.858416536861227E-003
   23.00000     -8.422743519517448E-003
   24.00000     -8.000982919237246E-003
   25.00000     -7.592946093693392E-003
   26.00000     -7.198442758075612E-003
   27.00000     -6.817280965031434E-003
   28.00000     -6.449267084711150E-003
   29.00000     -6.094205784951323E-003
   30.00000     -5.751900011636193E-003
   31.00000     -5.422150969278044E-003
   32.00000     -5.104758101864585E-003
   33.00000     -4.799519074017894E-003
   34.00000     -4.506229752523468E-003
   35.00000     -4.224684188280081E-003
   36.00000     -3.954674598736191E-003
   37.00000     -3.695991350875508E-003
   38.00000     -3.448422944822973E-003
   39.00000     -3.211755998145579E-003
   40.00000     -2.985775230935094E-003
   41.00000     -2.770263451746759E-003
   42.00000     -2.565001544503107E-003
   43.00000     -2.369768456452562E-003
   44.00000     -2.184341187293833E-003
   45.00000     -2.008494779585353E-003
   46.00000     -1.842002310562759E-003
   47.00000     -1.684634885502864E-003
   48.00000     -1.536161632781848E-003
   49.00000     -1.396349700794577E-003
   50.00000     -1.264964256908502E-003
   51.00000     -1.141768488659891E-003
   52.00000     -1.026523607414180E-003
   53.00000     -9.189888547491319E-004
   54.00000     -8.189215118594346E-004
   55.00000     -7.260769123382212E-004
   56.00000     -6.402084587605639E-004
   57.00000     -5.610676436005091E-004
   58.00000     -4.884040751532083E-004
   59.00000     -4.219655093459338E-004
   60.00000     -3.614978886248728E-004
   61.00000     -3.067453895733764E-004
   62.00000     -2.574504816373814E-004
   63.00000     -2.133540004836930E-004
   64.00000     -1.741952414136723E-004
   65.00000     -1.397120814737375E-004
   66.00000     -1.096411446243027E-004
   67.00000     -8.371803494187375E-005
   68.00000     -6.167768371604666E-005
   69.00000     -4.325490032019235E-005
   70.00000     -2.818531810429305E-005
   71.00000     -1.620718884131863E-005
   72.00000     -7.065278822352502E-006
   73.00000     -5.212704082855979E-007
