  0.0000000E+00 -2.251934757029417E-002
   1.000000     -2.173122027915730E-002
   2.000000     -2.096076791270653E-002
   3.000000     -2.020783282533057E-002
   4.000000     -1.947225614818048E-002
   5.000000     -1.875387777184835E-002
   6.000000     -1.805253632882670E-002
   7.000000     -1.736806917574855E-002
   8.000000     -1.670031237540643E-002
   9.000000     -1.604910067856582E-002
   10.00000     -1.541426750557337E-002
   11.00000     -1.479564492776520E-002
   12.00000     -1.419306364867771E-002
   13.00000     -1.360635298508876E-002
   14.00000     -1.303534084786863E-002
   15.00000     -1.247985372267647E-002
   16.00000     -1.193971665050079E-002
   17.00000     -1.141475320805941E-002
   18.00000     -1.090478548807221E-002
   19.00000     -1.040963407942508E-002
   20.00000     -9.929118047237244E-003
   21.00000     -9.463054912853520E-003
   22.00000     -9.011260633781088E-003
   23.00000     -8.573549583592039E-003
   24.00000     -8.149734531817828E-003
   25.00000     -7.739626623858604E-003
   26.00000     -7.343035360938504E-003
   27.00000     -6.959768580136509E-003
   28.00000     -6.589632434524428E-003
   29.00000     -6.232431373453718E-003
   30.00000     -5.887968123019499E-003
   31.00000     -5.556043666755769E-003
   32.00000     -5.236457226595550E-003
   33.00000     -4.929006244151359E-003
   34.00000     -4.633486362364255E-003
   35.00000     -4.349691407576637E-003
   36.00000     -4.077413372089785E-003
   37.00000     -3.816442397265528E-003
   38.00000     -3.566566757244605E-003
   39.00000     -3.327572843347109E-003
   40.00000     -3.099245149235406E-003
   41.00000     -2.881366256920088E-003
   42.00000     -2.673716823690748E-003
   43.00000     -2.476075570068898E-003
   44.00000     -2.288219268872588E-003
   45.00000     -2.109922735498061E-003
   46.00000     -1.940958819525342E-003
   47.00000     -1.781098397756461E-003
   48.00000     -1.630110368811033E-003
   49.00000     -1.487761649396195E-003
   50.00000     -1.353817172386201E-003
   51.00000     -1.228039886844550E-003
   52.00000     -1.110190760131198E-003
   53.00000     -1.000028782240925E-003
   54.00000     -8.973109725287123E-004
   55.00000     -8.017923889752458E-004
   56.00000     -7.132261401615558E-004
   57.00000     -6.313634001175632E-004
   58.00000     -5.559534262186520E-004
   59.00000     -4.867435803064252E-004
   60.00000     -4.234793532152283E-004
   61.00000     -3.659043928863741E-004
   62.00000     -3.137605362563517E-004
   63.00000     -2.667878451044275E-004
   64.00000     -2.247246460473812E-004
   65.00000     -1.873075748671731E-004
   66.00000     -1.542716253543012E-004
   67.00000     -1.253502028489653E-004
   68.00000     -1.002751826540439E-004
   69.00000     -7.877697349007930E-005
   70.00000     -6.058458615238415E-005
   71.00000     -4.542570752254909E-005
   72.00000     -3.302678007287058E-005
   73.00000     -2.311308699223231E-005
   74.00000     -1.540884304762424E-005
   75.00000     -9.637291289506880E-006
   76.00000     -5.520805717979190E-006
   77.00000     -2.781000110684677E-006
   78.00000     -1.138843625843316E-006
   79.00000     -3.147863340672271E-007
   80.00000     -2.890390421910807E-008
