  0.0000000E+00 -1.954257115220633E-002
   1.000000     -1.878121968717447E-002
   2.000000     -1.803890686032334E-002
   3.000000     -1.731836687792426E-002
   4.000000     -1.657753194412681E-002
   5.000000     -1.596022293421091E-002
   6.000000     -1.536761956497415E-002
   7.000000     -1.441214718582835E-002
   8.000000     -1.357260967048309E-002
   9.000000     -1.333136651247260E-002
   10.00000     -1.227127794185798E-002
   11.00000     -1.122386819759218E-002
   12.00000     -1.021852400808882E-002
   13.00000     -9.266821613425643E-003
   14.00000     -9.091275900486721E-003
   15.00000     -8.372467667089777E-003
   16.00000     -7.539968086754684E-003
   17.00000     -6.768345239972572E-003
   18.00000     -6.056198130189362E-003
   19.00000     -5.401168620829358E-003
   20.00000     -4.800343022155328E-003
   21.00000     -4.250511708121869E-003
   22.00000     -3.748346964008564E-003
   23.00000     -3.290524176481253E-003
   24.00000     -2.873802805944440E-003
   25.00000     -2.495078822589104E-003
   26.00000     -2.151418030655119E-003
   27.00000     -1.840137218762934E-003
   28.00000     -1.795200772821621E-003
   29.00000     -1.558423039773195E-003
   30.00000     -1.304205257586575E-003
   31.00000     -1.075185942343310E-003
   32.00000     -8.693731008429665E-004
   33.00000     -6.849433466452301E-004
   34.00000     -5.202358722806764E-004
   35.00000     -3.737436413370142E-004
   36.00000     -2.441051579384035E-004
   37.00000     -1.300979043256971E-004
   38.00000     -3.063470868457907E-005
