  0.0000000E+00 -2.137475653711431E-002
   1.000000     -2.059687511604757E-002
   2.000000     -1.983674291085427E-002
   3.000000     -1.909420332164381E-002
   4.000000     -1.836909854352975E-002
   5.000000     -1.766126954965474E-002
   6.000000     -1.697055607400483E-002
   7.000000     -1.629679659401364E-002
   8.000000     -1.563982831296885E-002
   9.000000     -1.499948714221811E-002
   10.00000     -1.437560768319269E-002
   11.00000     -1.376802320925045E-002
   12.00000     -1.317656564734693E-002
   13.00000     -1.260106555955276E-002
   14.00000     -1.204135212442722E-002
   15.00000     -1.149725311825595E-002
   16.00000     -1.096859489618521E-002
   17.00000     -1.045520237325420E-002
   18.00000     -9.956899005357372E-003
   19.00000     -9.473506770157007E-003
   20.00000     -9.004846147976395E-003
   21.00000     -8.550736102695959E-003
   22.00000     -8.110994062696138E-003
   23.00000     -7.685435901879191E-003
   24.00000     -7.273875920814825E-003
   25.00000     -6.876126828057606E-003
   26.00000     -6.491999721692898E-003
   27.00000     -6.121304071171518E-003
   28.00000     -5.763847699508130E-003
   29.00000     -5.419436765916268E-003
   30.00000     -5.087875748978590E-003
   31.00000     -4.768967430458787E-003
   32.00000     -4.462512879866985E-003
   33.00000     -4.168311439928841E-003
   34.00000     -3.886160713115968E-003
   35.00000     -3.615856549427172E-003
   36.00000     -3.357193035643713E-003
   37.00000     -3.109962486323648E-003
   38.00000     -2.873955436845171E-003
   39.00000     -2.648960638876527E-003
   40.00000     -2.434765058724966E-003
   41.00000     -2.231153879117585E-003
   42.00000     -2.037910505092947E-003
   43.00000     -1.854816574848526E-003
   44.00000     -1.681651976598224E-003
   45.00000     -1.518194872784442E-003
   46.00000     -1.364221733362687E-003
   47.00000     -1.219507380393064E-003
   48.00000     -1.083825046877893E-003
   49.00000     -9.569464537679167E-004
   50.00000     -8.386419104576038E-004
   51.00000     -7.286804461016578E-004
   52.00000     -6.268299820521557E-004
   53.00000     -5.328575601847905E-004
   54.00000     -4.465296487717089E-004
   55.00000     -3.676125585195441E-004
   56.00000     -2.958730193640152E-004
   57.00000     -2.310789992656995E-004
   58.00000     -1.730009009219485E-004
   59.00000     -1.214133752236353E-004
   60.00000     -7.609819733673199E-005
   61.00000     -3.684910431172710E-005
   62.00000     -3.480599880517069E-006
