  0.0000000E+00 -9.655596188117304E-003
   1.000000     -8.992113445114094E-003
   2.000000     -8.347698521720858E-003
   3.000000     -7.719984379552195E-003
   4.000000     -7.114033794180981E-003
   5.000000     -6.555643952375845E-003
   6.000000     -5.950389918346572E-003
   7.000000     -5.292413742770075E-003
   8.000000     -5.021471356876976E-003
   9.000000     -4.400681206559427E-003
   10.00000     -3.640364729240580E-003
   11.00000     -2.897566951597401E-003
   12.00000     -2.224634989567060E-003
   13.00000     -2.179430856019806E-003
   14.00000     -1.532435445015882E-003
   15.00000     -9.244530558720547E-004
   16.00000     -3.679726651638580E-004
