  0.0000000E+00 -2.404549228146690E-002
   1.000000     -2.250888526641368E-002
   2.000000     -2.103353063385173E-002
   3.000000     -1.961849048877138E-002
   4.000000     -1.826281452532017E-002
   5.000000     -1.696553973582735E-002
   6.000000     -1.572569011572659E-002
   7.000000     -1.454227636515069E-002
   8.000000     -1.341429558811146E-002
   9.000000     -1.234073099052996E-002
   10.00000     -1.132055157858136E-002
   11.00000     -1.035271185928627E-002
   12.00000     -9.436151545716238E-003
   13.00000     -8.569795269827863E-003
   14.00000     -7.752552306727814E-003
   15.00000     -6.983316315240093E-003
   16.00000     -6.260965101007395E-003
   17.00000     -5.584360410236323E-003
   18.00000     -4.952347764749522E-003
   19.00000     -4.363756352501667E-003
   20.00000     -3.817398992733075E-003
   21.00000     -3.312072202082988E-003
   22.00000     -2.846556398583414E-003
   23.00000     -2.419616296414862E-003
   24.00000     -2.030001569060410E-003
   25.00000     -1.676447898077240E-003
   26.00000     -1.357678590141353E-003
   27.00000     -1.072407057650888E-003
   28.00000     -8.193406611897024E-004
   29.00000     -5.971867990496513E-004
   30.00000     -4.046629183115954E-004
   31.00000     -2.405138772129493E-004
   32.00000     -1.035444606226595E-004
