  0.0000000E+00 -1.346137447064135E-002
   1.000000     -1.210183687214792E-002
   2.000000     -1.080646072411394E-002
   3.000000     -9.574442774576357E-003
   4.000000     -8.404980463996401E-003
   5.000000     -7.297273858398221E-003
   6.000000     -6.250528129086077E-003
   7.000000     -5.263956760746567E-003
   8.000000     -4.336785745961711E-003
   9.000000     -3.468259140319647E-003
   10.00000     -2.657646534596947E-003
   11.00000     -1.904253295675936E-003
   12.00000     -1.207434924479866E-003
   13.00000     -5.666177524227891E-004
