  0.0000000E+00 -1.278053851971562E-002
   1.000000     -1.241199321904694E-002
   2.000000     -1.204924169194400E-002
   3.000000     -1.169225431509271E-002
   4.000000     -1.134100135126436E-002
   5.000000     -1.099545294943000E-002
   6.000000     -1.065557914495607E-002
   7.000000     -1.032134985987763E-002
   8.000000     -9.992734903266694E-003
   9.000000     -9.669703971696753E-003
   10.00000     -9.352226649811300E-003
   11.00000     -9.040272411016525E-003
   12.00000     -8.733810618295264E-003
   13.00000     -8.432810525164721E-003
   14.00000     -8.137241276785737E-003
   15.00000     -7.847071911241184E-003
   16.00000     -7.562271360993925E-003
   17.00000     -7.282808454552424E-003
   18.00000     -7.008651918349496E-003
   19.00000     -6.739770378870949E-003
   20.00000     -6.476132365044973E-003
   21.00000     -6.217706310931288E-003
   22.00000     -5.964460558727539E-003
   23.00000     -5.716363362138998E-003
   24.00000     -5.473382890140875E-003
   25.00000     -5.235487231177108E-003
   26.00000     -5.002644397846655E-003
   27.00000     -4.774822332126797E-003
   28.00000     -4.551988911196191E-003
   29.00000     -4.334111953924242E-003
   30.00000     -4.121159228108334E-003
   31.00000     -3.913098458543560E-003
   32.00000     -3.709897336027000E-003
   33.00000     -3.511523527414990E-003
   34.00000     -3.317944686862087E-003
   35.00000     -3.129128468397959E-003
   36.00000     -2.945042540016861E-003
   37.00000     -2.765654599486936E-003
   38.00000     -2.590932392114667E-003
   39.00000     -2.420843730747484E-003
   40.00000     -2.255356518336596E-003
   41.00000     -2.094438773450758E-003
   42.00000     -1.938058659192572E-003
   43.00000     -1.786184516061165E-003
   44.00000     -1.638784899411153E-003
   45.00000     -1.495828622286392E-003
   46.00000     -1.357284804568902E-003
   47.00000     -1.223122929595718E-003
   48.00000     -1.093312909641617E-003
   49.00000     -9.678251620073815E-004
   50.00000     -8.466306978650452E-004
   51.00000     -7.297012265645083E-004
   52.00000     -6.170092788217154E-004
   53.00000     -5.085283531565425E-004
   54.00000     -4.042330912264312E-004
   55.00000     -3.040994894309863E-004
   56.00000     -2.081051565554539E-004
   57.00000     -1.162296305696543E-004
   58.00000     -2.845477248444294E-005
