  0.0000000E+00 -1.562164894524575E-002
   1.000000     -1.523623722970924E-002
   2.000000     -1.485652799149561E-002
   3.000000     -1.448249038849345E-002
   4.000000     -1.411409343439944E-002
   5.000000     -1.375130599755792E-002
   6.000000     -1.339409679980219E-002
   7.000000     -1.304243441529184E-002
   8.000000     -1.269628726934838E-002
   9.000000     -1.235562363729338E-002
   10.00000     -1.202041164328527E-002
   11.00000     -1.169061925915836E-002
   12.00000     -1.136621430326457E-002
   13.00000     -1.104716443931967E-002
   14.00000     -1.073343717525401E-002
   15.00000     -1.042499986207046E-002
   16.00000     -1.012181969270897E-002
   17.00000     -9.823863700922430E-003
   18.00000     -9.531098760162646E-003
   19.00000     -9.243491582481724E-003
   20.00000     -8.961008717444631E-003
   21.00000     -8.683616551065292E-003
   22.00000     -8.411281304756549E-003
   23.00000     -8.143969034308455E-003
   24.00000     -7.881645628889378E-003
   25.00000     -7.624276810077205E-003
   26.00000     -7.371828130923959E-003
   27.00000     -7.124264975055310E-003
   28.00000     -6.881552555813064E-003
   29.00000     -6.643655915443083E-003
   30.00000     -6.410539924333208E-003
   31.00000     -6.182169280308910E-003
   32.00000     -5.958508507992025E-003
   33.00000     -5.739521958229848E-003
   34.00000     -5.525173807601914E-003
   35.00000     -5.315428058013246E-003
   36.00000     -5.110248536384630E-003
   37.00000     -4.909598894448843E-003
   38.00000     -4.713442608666810E-003
   39.00000     -4.521742980274662E-003
   40.00000     -4.334463135477089E-003
   41.00000     -4.151566025806769E-003
   42.00000     -3.973014428661630E-003
   43.00000     -3.798770948048447E-003
   44.00000     -3.628798015551547E-003
   45.00000     -3.463057891553008E-003
   46.00000     -3.301512666738418E-003
   47.00000     -3.144124263918429E-003
   48.00000     -2.990854440206668E-003
   49.00000     -2.841664789598233E-003
   50.00000     -2.696516746000363E-003
   51.00000     -2.555371586772033E-003
   52.00000     -2.418190436840901E-003
   53.00000     -2.284934273476151E-003
   54.00000     -2.155563931804172E-003
   55.00000     -2.030040111176596E-003
   56.00000     -1.908323382509019E-003
   57.00000     -1.790374196736673E-003
   58.00000     -1.676152894556790E-003
   59.00000     -1.565619717655083E-003
   60.00000     -1.458734821660443E-003
   61.00000     -1.355458291106429E-003
   62.00000     -1.255750156748285E-003
   63.00000     -1.159570415645363E-003
   64.00000     -1.066879054515643E-003
   65.00000     -9.776360769762674E-004
   66.00000     -8.918015354334761E-004
   67.00000     -8.093355685621444E-004
   68.00000     -7.301984455598655E-004
   69.00000     -6.543506186659801E-004
   70.00000     -5.817527858492755E-004
   71.00000     -5.123659661151935E-004
   72.00000     -4.461515906251173E-004
   73.00000     -3.830716138385125E-004
   74.00000     -3.230886503063237E-004
   75.00000     -2.661661447546488E-004
   76.00000     -2.122685859996588E-004
   77.00000     -1.613617795170237E-004
   78.00000     -1.134131999572853E-004
   79.00000     -6.839245494095084E-005
   80.00000     -2.627190754723007E-005
