  0.0000000E+00 -1.744975900428083E-002
   1.000000     -1.705388787162802E-002
   2.000000     -1.666366905968623E-002
   3.000000     -1.627907121872870E-002
   4.000000     -1.590006284694016E-002
   5.000000     -1.552661228905591E-002
   6.000000     -1.515868773499047E-002
   7.000000     -1.479625721845225E-002
   8.000000     -1.443928861554778E-002
   9.000000     -1.408774964337633E-002
   10.00000     -1.374160785861140E-002
   11.00000     -1.340083065607283E-002
   12.00000     -1.306538526728547E-002
   13.00000     -1.273523875902976E-002
   14.00000     -1.241035803188160E-002
   15.00000     -1.209070981873951E-002
   16.00000     -1.177626068334485E-002
   17.00000     -1.146697701878939E-002
   18.00000     -1.116282504601511E-002
   19.00000     -1.086377081230535E-002
   20.00000     -1.056978018976261E-002
   21.00000     -1.028081887378366E-002
   22.00000     -9.996852381522401E-003
   23.00000     -9.717846050345143E-003
   24.00000     -9.443765036279750E-003
   25.00000     -9.174574312456125E-003
   26.00000     -8.910238667541891E-003
   27.00000     -8.650722704169746E-003
   28.00000     -8.395990837360196E-003
   29.00000     -8.146007292940415E-003
   30.00000     -7.900736105957231E-003
   31.00000     -7.660141119085975E-003
   32.00000     -7.424185981038337E-003
   33.00000     -7.192834144965924E-003
   34.00000     -6.966048866863262E-003
   35.00000     -6.743793203970651E-003
   36.00000     -6.526030013175807E-003
   37.00000     -6.312721949417828E-003
   38.00000     -6.103831464093741E-003
   39.00000     -5.899320803468165E-003
   40.00000     -5.699152007086325E-003
   41.00000     -5.503286906194543E-003
   42.00000     -5.311687122167444E-003
   43.00000     -5.124314064943289E-003
   44.00000     -4.941128931470222E-003
   45.00000     -4.762092704162360E-003
   46.00000     -4.587166149372532E-003
   47.00000     -4.416309815877367E-003
   48.00000     -4.249484033380345E-003
   49.00000     -4.086648911036275E-003
   50.00000     -3.927764335993774E-003
   51.00000     -3.772789971965792E-003
   52.00000     -3.621685257823137E-003
   53.00000     -3.474409406220766E-003
   54.00000     -3.330921402254175E-003
   55.00000     -3.191180002151726E-003
   56.00000     -3.055143732007895E-003
   57.00000     -2.922770886558091E-003
   58.00000     -2.794019528000684E-003
   59.00000     -2.668847484871002E-003
   60.00000     -2.547212350972345E-003
   61.00000     -2.429071484366964E-003
   62.00000     -2.314382006436580E-003
   63.00000     -2.203100801015863E-003
   64.00000     -2.095184513607269E-003
   65.00000     -1.990589550683145E-003
   66.00000     -1.889272079087497E-003
   67.00000     -1.791188025542607E-003
   68.00000     -1.696293076274225E-003
   69.00000     -1.604542676766821E-003
   70.00000     -1.515892031661378E-003
   71.00000     -1.430296104813097E-003
   72.00000     -1.347709619525142E-003
   73.00000     -1.268087058978052E-003
   74.00000     -1.191382666880125E-003
   75.00000     -1.117550448362581E-003
   76.00000     -1.046544171152845E-003
   77.00000     -9.783173670598827E-004
   78.00000     -9.128233338161781E-004
   79.00000     -8.500151373251752E-004
   80.00000     -7.898456143754523E-004
   81.00000     -7.322673758924274E-004
   82.00000     -6.772328108149452E-004
   83.00000     -6.246940907026369E-004
   84.00000     -5.746031752023071E-004
   85.00000     -5.269118185330418E-004
   86.00000     -4.815715771883557E-004
   87.00000     -4.385338191033856E-004
   88.00000     -3.977497346019729E-004
   89.00000     -3.591703495256921E-004
   90.00000     -3.227465410640646E-004
   91.00000     -2.884290569647727E-004
   92.00000     -2.561685390210600E-004
   93.00000     -2.259155520387345E-004
   94.00000     -1.976206199170705E-004
   95.00000     -1.712342711027673E-004
   96.00000     -1.467070965926928E-004
   97.00000     -1.239898250438132E-004
   98.00000     -1.030334216797552E-004
   99.00000     -8.378922107057308E-005
   100.0000     -6.620910942183305E-005
   101.0000     -5.024578150132838E-005
   102.0000     -3.585311429394962E-005
   103.0000     -2.298673151520719E-005
   104.0000     -1.160489791091210E-005
   105.0000     -1.670025164063119E-006
