  0.0000000E+00 -1.714948742225666E-002
   1.000000     -1.675531466799905E-002
   2.000000     -1.636680207212986E-002
   3.000000     -1.598391835655353E-002
   4.000000     -1.560663209194914E-002
   5.000000     -1.523491169642464E-002
   6.000000     -1.486872543415601E-002
   7.000000     -1.450804141401770E-002
   8.000000     -1.415282758820346E-002
   9.000000     -1.380305175083443E-002
   10.00000     -1.345868153655549E-002
   11.00000     -1.311968441912591E-002
   12.00000     -1.278602770999335E-002
   13.00000     -1.245767855686234E-002
   14.00000     -1.213460394225296E-002
   15.00000     -1.181677068204644E-002
   16.00000     -1.150414542402415E-002
   17.00000     -1.119669464639702E-002
   18.00000     -1.089438465632690E-002
   19.00000     -1.059718158843761E-002
   20.00000     -1.030505140331977E-002
   21.00000     -1.001795988602795E-002
   22.00000     -9.735872644569370E-003
   23.00000     -9.458755108386941E-003
   24.00000     -9.186572526837262E-003
   25.00000     -8.919289967659758E-003
   26.00000     -8.656872315444767E-003
   27.00000     -8.399284270094270E-003
   28.00000     -8.146490345281367E-003
   29.00000     -7.898454866904266E-003
   30.00000     -7.655141971540824E-003
   31.00000     -7.416515604899889E-003
   32.00000     -7.182539520273394E-003
   33.00000     -6.953177276989805E-003
   34.00000     -6.728392238867334E-003
   35.00000     -6.508147572671764E-003
   36.00000     -6.292406246578992E-003
   37.00000     -6.081131028641461E-003
   38.00000     -5.874284485262471E-003
   39.00000     -5.671828979679527E-003
   40.00000     -5.473726670457026E-003
   41.00000     -5.279939509992623E-003
   42.00000     -5.090429243036185E-003
   43.00000     -4.905157405224851E-003
   44.00000     -4.724085321637599E-003
   45.00000     -4.547174105371246E-003
   46.00000     -4.374384656138147E-003
   47.00000     -4.205677658892670E-003
   48.00000     -4.041013582485456E-003
   49.00000     -3.880352678354006E-003
   50.00000     -3.723654979246178E-003
   51.00000     -3.570880297989128E-003
   52.00000     -3.421988226301457E-003
   53.00000     -3.276938133656723E-003
   54.00000     -3.135689166203841E-003
   55.00000     -2.998200245749216E-003
   56.00000     -2.864430068807823E-003
   57.00000     -2.734337105731109E-003
   58.00000     -2.607879599919742E-003
   59.00000     -2.485015567128875E-003
   60.00000     -2.365702794879395E-003
   61.00000     -2.249898841983254E-003
   62.00000     -2.137561038197481E-003
   63.00000     -2.028646484022447E-003
   64.00000     -1.923112050657961E-003
   65.00000     -1.820914380138463E-003
   66.00000     -1.722009885667851E-003
   67.00000     -1.626354752178277E-003
   68.00000     -1.533904937141719E-003
   69.00000     -1.444616171665602E-003
   70.00000     -1.358443961912081E-003
   71.00000     -1.275343590883693E-003
   72.00000     -1.195270120627644E-003
   73.00000     -1.118178394919482E-003
   74.00000     -1.044023042497137E-003
   75.00000     -9.727584809331070E-004
   76.00000     -9.043389212438945E-004
   77.00000     -8.387183733631287E-004
   78.00000     -7.758506526254469E-004
   79.00000     -7.156893874439564E-004
   80.00000     -6.581880284049887E-004
   81.00000     -6.032998590560800E-004
   82.00000     -5.509780087330058E-004
   83.00000     -5.011754678586012E-004
   84.00000     -4.538451062643772E-004
   85.00000     -4.089396952390322E-004
   86.00000     -3.664119342176510E-004
   87.00000     -3.262144833061805E-004
   88.00000     -2.883000032252042E-004
   89.00000     -2.526212048044707E-004
   90.00000     -2.191309109326969E-004
   91.00000     -1.877821349956016E-004
   92.00000     -1.585281815022478E-004
   93.00000     -1.313227771296587E-004
   94.00000     -1.061202443576844E-004
   95.00000     -8.287573619909163E-005
   96.00000     -6.154556107439625E-005
   97.00000     -4.208764519271706E-005
   98.00000     -2.446221322730481E-005
   99.00000     -8.632832941146699E-006
