  0.0000000E+00 -1.616675707702436E-002
   1.000000     -1.577819618284655E-002
   2.000000     -1.539532218076836E-002
   3.000000     -1.501810405850028E-002
   4.000000     -1.464651065649338E-002
   5.000000     -1.428051066668380E-002
   6.000000     -1.392007263123837E-002
   7.000000     -1.356516494128447E-002
   8.000000     -1.321575583563980E-002
   9.000000     -1.287181339953261E-002
   10.00000     -1.253330556332014E-002
   11.00000     -1.220020010119897E-002
   12.00000     -1.187246462991239E-002
   13.00000     -1.155006660745441E-002
   14.00000     -1.123297333177047E-002
   15.00000     -1.092115193945666E-002
   16.00000     -1.061456940445593E-002
   17.00000     -1.031319253675554E-002
   18.00000     -1.001698798108359E-002
   19.00000     -9.725922215609285E-003
   20.00000     -9.439961550642077E-003
   21.00000     -9.159072127339657E-003
   22.00000     -8.883219916417136E-003
   23.00000     -8.612370716863455E-003
   24.00000     -8.346490154670282E-003
   25.00000     -8.085543681564580E-003
   26.00000     -7.829496573759238E-003
   27.00000     -7.578313930713594E-003
   28.00000     -7.331960673912538E-003
   29.00000     -7.090401545664439E-003
   30.00000     -6.853601107919775E-003
   31.00000     -6.621523741115634E-003
   32.00000     -6.394133643046190E-003
   33.00000     -6.171394827767305E-003
   34.00000     -5.953271124535610E-003
   35.00000     -5.739726176785133E-003
   36.00000     -5.530723441153231E-003
   37.00000     -5.326226186551587E-003
   38.00000     -5.126197493296875E-003
   39.00000     -4.930600252299960E-003
   40.00000     -4.739397164327514E-003
   41.00000     -4.552550739339541E-003
   42.00000     -4.370023295912101E-003
   43.00000     -4.191776960757645E-003
   44.00000     -4.017773668349704E-003
   45.00000     -3.847975160668833E-003
   46.00000     -3.682342987079241E-003
   47.00000     -3.520838504354302E-003
   48.00000     -3.363422876866482E-003
   49.00000     -3.210057076961423E-003
   50.00000     -3.060701885540619E-003
   51.00000     -2.915317892871555E-003
   52.00000     -2.773865499660779E-003
   53.00000     -2.636304918416763E-003
   54.00000     -2.502596175142127E-003
   55.00000     -2.372699111395364E-003
   56.00000     -2.246573386772199E-003
   57.00000     -2.124178481862428E-003
   58.00000     -2.005473701744554E-003
   59.00000     -1.890418180097005E-003
   60.00000     -1.778970884010330E-003
   61.00000     -1.671090619604895E-003
   62.00000     -1.566736038574228E-003
   63.00000     -1.465865645797260E-003
   64.00000     -1.368437808187294E-003
   65.00000     -1.274410764981591E-003
   66.00000     -1.183742639712248E-003
   67.00000     -1.096391454151659E-003
   68.00000     -1.012315144586436E-003
   69.00000     -9.314715808521775E-004
   70.00000     -8.538185886622956E-004
   71.00000     -7.793139758884478E-004
   72.00000     -7.079155636155049E-004
   73.00000     -6.395812230052645E-004
   74.00000     -5.742689192830455E-004
   75.00000     -5.119367645327886E-004
   76.00000     -4.525430814850453E-004
   77.00000     -3.960464811639999E-004
   78.00000     -3.424059582025249E-004
   79.00000     -2.915810089569000E-004
   80.00000     -2.435317794511709E-004
   81.00000     -1.982192529467368E-004
   82.00000     -1.556054910650770E-004
   83.00000     -1.156539487184441E-004
   84.00000     -7.832989307231367E-005
   85.00000     -4.360097301135212E-005
   86.00000     -1.143801310510479E-005
