  0.0000000E+00 -1.495200458815436E-002
   1.000000     -1.457049835658897E-002
   2.000000     -1.419471453943656E-002
   3.000000     -1.382462252850072E-002
   4.000000     -1.346019157616538E-002
   5.000000     -1.310139079440351E-002
   6.000000     -1.274818915379023E-002
   7.000000     -1.240055548252841E-002
   8.000000     -1.205845846548007E-002
   9.000000     -1.172186664320950E-002
   10.00000     -1.139074841103923E-002
   11.00000     -1.106507201812119E-002
   12.00000     -1.074480556652229E-002
   13.00000     -1.042991701033122E-002
   14.00000     -1.012037415478548E-002
   15.00000     -9.816144655418843E-003
   16.00000     -9.517196017242581E-003
   17.00000     -9.223495593947912E-003
   18.00000     -8.935010587148854E-003
   19.00000     -8.651708045657578E-003
   20.00000     -8.373554864800629E-003
   21.00000     -8.100517785784486E-003
   22.00000     -7.832563395106159E-003
   23.00000     -7.569658124023723E-003
   24.00000     -7.311768248086646E-003
   25.00000     -7.058859886733959E-003
   26.00000     -6.810899002969808E-003
   27.00000     -6.567851403119885E-003
   28.00000     -6.329682736682019E-003
   29.00000     -6.096358496278118E-003
   30.00000     -5.867844017718733E-003
   31.00000     -5.644104480192075E-003
   32.00000     -5.425104906591102E-003
   33.00000     -5.210810163995861E-003
   34.00000     -5.001184964319103E-003
   35.00000     -4.796193865148875E-003
   36.00000     -4.595801270791534E-003
   37.00000     -4.399971433550100E-003
   38.00000     -4.208668455261876E-003
   39.00000     -4.021856289121774E-003
   40.00000     -3.839498741825691E-003
   41.00000     -3.661559476074535E-003
   42.00000     -3.488002013477148E-003
   43.00000     -3.318789737904765E-003
   44.00000     -3.153885899348619E-003
   45.00000     -2.993253618348093E-003
   46.00000     -2.836855891058273E-003
   47.00000     -2.684655595043571E-003
   48.00000     -2.536615495893015E-003
   49.00000     -2.392698254769088E-003
   50.00000     -2.252866437019765E-003
   51.00000     -2.117082522007714E-003
   52.00000     -1.985308914333359E-003
   53.00000     -1.857507956660486E-003
   54.00000     -1.733641944395419E-003
   55.00000     -1.613673142510639E-003
   56.00000     -1.497563804865324E-003
   57.00000     -1.385276196445933E-003
   58.00000     -1.276772619032266E-003
   59.00000     -1.172015440908284E-003
   60.00000     -1.070967131372036E-003
   61.00000     -9.735903009712547E-004
   62.00000     -8.798477486148654E-004
   63.00000     -7.897025169978024E-004
   64.00000     -7.031179581472128E-004
   65.00000     -6.200578113926291E-004
   66.00000     -5.404862967184684E-004
   67.00000     -4.643682273383539E-004
   68.00000     -3.916691465453959E-004
   69.00000     -3.223554955696964E-004
   70.00000     -2.563948215501199E-004
   71.00000     -1.937560381426551E-004
   72.00000     -1.344097563060067E-004
   73.00000     -7.832871035431988E-005
   74.00000     -2.548831602752681E-005
