  0.0000000E+00 -0.111428156533870     
   1.000000     -0.109781776670980     
   2.000000     -0.108150798476148     
   3.000000     -0.106535165570836     
   4.000000     -0.104934821395892     
   5.000000     -0.103349709210490     
   6.000000     -0.101779772091041     
   7.000000     -0.100224952930128     
   8.000000     -9.868519443540993E-002
   9.000000     -9.716043912854147E-002
   10.00000     -9.565062934405580E-002
   11.00000     -9.415570722828212E-002
   12.00000     -9.267561473822408E-002
   13.00000     -9.121029364044256E-002
   14.00000     -8.975968550994115E-002
   15.00000     -8.832373172903527E-002
   16.00000     -8.690237348621874E-002
   17.00000     -8.549555177502688E-002
   18.00000     -8.410320739288812E-002
   19.00000     -8.272528093998069E-002
   20.00000     -8.136171281806856E-002
   21.00000     -8.001244322935883E-002
   22.00000     -7.867741217532911E-002
   23.00000     -7.735655945550698E-002
   24.00000     -7.604982466598156E-002
   25.00000     -7.475714719900081E-002
   26.00000     -7.347846624526669E-002
   27.00000     -7.221372078814201E-002
   28.00000     -7.096284956893953E-002
   29.00000     -6.972579109687668E-002
   30.00000     -6.850248390538424E-002
   31.00000     -6.729286668540288E-002
   32.00000     -6.609687677007056E-002
   33.00000     -6.491444809980443E-002
   34.00000     -6.374551784351343E-002
   35.00000     -6.259004250040037E-002
   36.00000     -6.144798027745443E-002
   37.00000     -6.031920424962664E-002
   38.00000     -5.920350093471680E-002
   39.00000     -5.810091026311057E-002
   40.00000     -5.701203472271224E-002
   41.00000     -5.593713757787219E-002
   42.00000     -5.487433884517076E-002
   43.00000     -5.382082466160676E-002
   44.00000     -5.277896444712657E-002
   45.00000     -5.175905056399921E-002
   46.00000     -5.076535556747858E-002
   47.00000     -4.977565870157732E-002
   48.00000     -4.876414258890019E-002
   49.00000     -4.774424360074950E-002
   50.00000     -4.678442102755892E-002
   51.00000     -4.596412768789931E-002
   52.00000     -4.510625451788702E-002
   53.00000     -4.410425373748597E-002
   54.00000     -4.304662176686072E-002
   55.00000     -4.199044973431579E-002
   56.00000     -4.114243448258417E-002
   57.00000     -4.072333604912409E-002
   58.00000     -3.976038712796254E-002
   59.00000     -3.871767568733353E-002
   60.00000     -3.767900213105510E-002
   61.00000     -3.665312120811401E-002
   62.00000     -3.564394680730373E-002
   63.00000     -3.474275912294386E-002
   64.00000     -3.459918881148455E-002
   65.00000     -3.366140370349810E-002
   66.00000     -3.270290122443045E-002
   67.00000     -3.176097311087572E-002
   68.00000     -3.083683574420625E-002
   69.00000     -2.993083542729426E-002
   70.00000     -2.904313127479984E-002
   71.00000     -2.817387640653576E-002
   72.00000     -2.732478049438035E-002
   73.00000     -2.708432295301377E-002
   74.00000     -2.648784199864881E-002
   75.00000     -2.567352252607290E-002
   76.00000     -2.487671521421828E-002
   77.00000     -2.409765108865267E-002
   78.00000     -2.333622271846337E-002
   79.00000     -2.259226650394955E-002
   80.00000     -2.186559527486670E-002
   81.00000     -2.115600737778342E-002
   82.00000     -2.046329142792847E-002
   83.00000     -1.978723177970415E-002
   84.00000     -1.912762738536380E-002
   85.00000     -1.848461778883833E-002
   86.00000     -1.827286078727328E-002
   87.00000     -1.785608368585893E-002
   88.00000     -1.724441235994256E-002
   89.00000     -1.664804113694687E-002
   90.00000     -1.606684056542792E-002
   91.00000     -1.550057738207212E-002
   92.00000     -1.494900542418286E-002
   93.00000     -1.441187519527645E-002
   94.00000     -1.388893628948077E-002
   95.00000     -1.337993840154044E-002
   96.00000     -1.288463191503905E-002
   97.00000     -1.240276832086402E-002
   98.00000     -1.193410054846019E-002
   99.00000     -1.147838324364196E-002
   100.0000     -1.103537301123869E-002
   101.0000     -1.060482863807977E-002
   102.0000     -1.018651132011845E-002
   103.0000     -9.780184952277678E-003
   104.0000     -9.385616681424683E-003
   105.0000     -9.002578683029653E-003
   106.0000     -8.630859236694838E-003
   107.0000     -8.271096125258713E-003
   108.0000     -8.241860809401204E-003
   109.0000     -7.920175900473645E-003
   110.0000     -7.581008616259522E-003
   111.0000     -7.252220314666501E-003
   112.0000     -6.933620237742836E-003
   113.0000     -6.625001650720012E-003
   114.0000     -6.326157864629816E-003
   115.0000     -6.036884372862849E-003
   116.0000     -5.756979363039631E-003
   117.0000     -5.486243874128914E-003
   118.0000     -5.224481845465639E-003
   119.0000     -4.971500124074935E-003
   120.0000     -4.727108452492510E-003
   121.0000     -4.491119445793210E-003
   122.0000     -4.263348561783385E-003
   123.0000     -4.043614066371490E-003
   124.0000     -3.831736995290743E-003
   125.0000     -3.627541112933732E-003
   126.0000     -3.430852868836617E-003
   127.0000     -3.241501352228151E-003
   128.0000     -3.059318244984282E-003
   129.0000     -2.884137773265649E-003
   130.0000     -2.715796658097693E-003
   131.0000     -2.554134065105688E-003
   132.0000     -2.398991553606315E-003
   133.0000     -2.250213025240187E-003
   134.0000     -2.107644672308766E-003
   135.0000     -1.971134925977143E-003
   136.0000     -1.840534404483372E-003
   137.0000     -1.715695861502690E-003
   138.0000     -1.596474134798638E-003
   139.0000     -1.482726095297876E-003
   140.0000     -1.374310596725185E-003
   141.0000     -1.271088425940258E-003
   142.0000     -1.172922254123510E-003
   143.0000     -1.079676588976407E-003
   144.0000     -9.912177281138411E-004
   145.0000     -9.074137138593499E-004
   146.0000     -8.281342896847025E-004
   147.0000     -7.532508585867513E-004
   148.0000     -6.826364437598671E-004
   149.0000     -6.161656520099245E-004
   150.0000     -5.537146404763211E-004
   151.0000     -4.951610873933802E-004
   152.0000     -4.403841678460631E-004
   153.0000     -3.892645357926284E-004
   154.0000     -3.416843140689432E-004
   155.0000     -2.975270947306883E-004
   156.0000     -2.566779530210948E-004
   157.0000     -2.190234796469397E-004
   158.0000     -1.844518381696619E-004
   159.0000     -1.528528576508817E-004
   160.0000     -1.241181760758499E-004
   161.0000     -9.814145908441617E-005
   162.0000     -7.481873425406047E-005
   163.0000     -5.404890997464831E-005
   164.0000     -3.573460399957722E-005
   165.0000     -1.978352431524660E-005
   166.0000     -6.110916550093051E-006
