  0.0000000E+00 -0.110131774316287     
   1.000000     -0.108490200470121     
   2.000000     -0.106864042616088     
   3.000000     -0.105253244457171     
   4.000000     -0.103657749516285     
   5.000000     -0.102077501135207     
   6.000000     -0.100512442473516     
   7.000000     -9.896251650749881E-002
   8.000000     -9.742766602908474E-002
   9.000000     -9.590783364474458E-002
   10.00000     -9.440296177439182E-002
   11.00000     -9.291299265030027E-002
   12.00000     -9.143786831597793E-002
   13.00000     -8.997753062506940E-002
   14.00000     -8.853192124021313E-002
   15.00000     -8.710098163194933E-002
   16.00000     -8.568465307756132E-002
   17.00000     -8.428287665996996E-002
   18.00000     -8.289559326653965E-002
   19.00000     -8.152274358799903E-002
   20.00000     -8.016426811723164E-002
   21.00000     -7.882010714815078E-002
   22.00000     -7.749020077454653E-002
   23.00000     -7.617448888887794E-002
   24.00000     -7.487291118079646E-002
   25.00000     -7.358540713622101E-002
   26.00000     -7.231191603950297E-002
   27.00000     -7.105237697242149E-002
   28.00000     -6.980672878423143E-002
   29.00000     -6.857491006626014E-002
   30.00000     -6.735685934453560E-002
   31.00000     -6.615251540795085E-002
   32.00000     -6.496181636067415E-002
   33.00000     -6.378469688245796E-002
   34.00000     -6.262109108700402E-002
   35.00000     -6.147094911157906E-002
   36.00000     -6.033423819454785E-002
   37.00000     -5.921086961225618E-002
   38.00000     -5.810062936464359E-002
   39.00000     -5.700340390227841E-002
   40.00000     -5.591964254269420E-002
   41.00000     -5.484999840375786E-002
   42.00000     -5.379348151874182E-002
   43.00000     -5.274693688441996E-002
   44.00000     -5.170983494844196E-002
   45.00000     -5.069017024201715E-002
   46.00000     -4.969820450803621E-002
   47.00000     -4.872299179221361E-002
   48.00000     -4.773287454299756E-002
   49.00000     -4.672133342388830E-002
   50.00000     -4.573085924398358E-002
   51.00000     -4.486060369693905E-002
   52.00000     -4.407113326361058E-002
   53.00000     -4.313864034075306E-002
   54.00000     -4.210933834306142E-002
   55.00000     -4.105831825736843E-002
   56.00000     -4.004492952154903E-002
   57.00000     -3.950894119082846E-002
   58.00000     -3.884827031696061E-002
   59.00000     -3.783453721830232E-002
   60.00000     -3.680827219910304E-002
   61.00000     -3.579209595428608E-002
   62.00000     -3.479064601414286E-002
   63.00000     -3.380813632509010E-002
   64.00000     -3.319005186300236E-002
   65.00000     -3.282054646713610E-002
   66.00000     -3.187636796388610E-002
   67.00000     -3.094311201711110E-002
   68.00000     -3.002708316867592E-002
   69.00000     -2.912896305658350E-002
   70.00000     -2.824897166436389E-002
   71.00000     -2.738720619360532E-002
   72.00000     -2.654378674802764E-002
   73.00000     -2.572109806642932E-002
   74.00000     -2.554396725299696E-002
   75.00000     -2.490908269199407E-002
   76.00000     -2.411997113076036E-002
   77.00000     -2.334825070477664E-002
   78.00000     -2.259406041548441E-002
   79.00000     -2.185727254758297E-002
   80.00000     -2.113771131235834E-002
   81.00000     -2.043518033587647E-002
   82.00000     -1.974947051857200E-002
   83.00000     -1.908036400744213E-002
   84.00000     -1.842763798907886E-002
   85.00000     -1.779107369246599E-002
   86.00000     -1.717052444699343E-002
   87.00000     -1.671323701003554E-002
   88.00000     -1.656435570115523E-002
   89.00000     -1.597539765915742E-002
   90.00000     -1.540100462354300E-002
   91.00000     -1.484148397734589E-002
   92.00000     -1.429661877898262E-002
   93.00000     -1.376616697328860E-002
   94.00000     -1.324988165594615E-002
   95.00000     -1.274751488963747E-002
   96.00000     -1.225881899439855E-002
   97.00000     -1.178354719379272E-002
   98.00000     -1.132145403285210E-002
   99.00000     -1.087229569059592E-002
   100.0000     -1.043583023205553E-002
   101.0000     -1.001181781979351E-002
   102.0000     -9.600020896062350E-003
   103.0000     -9.200204344181739E-003
   104.0000     -8.812135639392503E-003
   105.0000     -8.435585008307434E-003
   106.0000     -8.070325646629786E-003
   107.0000     -7.716134163823361E-003
   108.0000     -7.372792036541778E-003
   109.0000     -7.040094160352200E-003
   110.0000     -6.718145420582175E-003
   111.0000     -6.661894941415940E-003
   112.0000     -6.405495874632870E-003
   113.0000     -6.103412423338640E-003
   114.0000     -5.811073137837976E-003
   115.0000     -5.528302569697692E-003
   116.0000     -5.254904795148581E-003
   117.0000     -4.990683552224494E-003
   118.0000     -4.735444661159099E-003
   119.0000     -4.488996571727971E-003
   120.0000     -4.251150520026319E-003
   121.0000     -4.021720570481118E-003
   122.0000     -3.800523615403084E-003
   123.0000     -3.587379355744586E-003
   124.0000     -3.382110272198342E-003
   125.0000     -3.184541590692113E-003
   126.0000     -2.994501244317686E-003
   127.0000     -2.811819832866095E-003
   128.0000     -2.636330580718302E-003
   129.0000     -2.467869293641371E-003
   130.0000     -2.306274314922687E-003
   131.0000     -2.151386481226412E-003
   132.0000     -2.003049078519462E-003
   133.0000     -1.861107798410637E-003
   134.0000     -1.725410695251867E-003
   135.0000     -1.595808144368758E-003
   136.0000     -1.472152801819649E-003
   137.0000     -1.354299566130877E-003
   138.0000     -1.242105542525935E-003
   139.0000     -1.135430010247903E-003
   140.0000     -1.034134393705217E-003
   141.0000     -9.380822383236799E-004
   142.0000     -8.471391922071494E-004
   143.0000     -7.611729949968761E-004
   144.0000     -6.800534757139376E-004
   145.0000     -6.036525619037738E-004
   146.0000     -5.318443031530067E-004
   147.0000     -4.645049130942329E-004
   148.0000     -4.015128355201257E-004
   149.0000     -3.427488424158632E-004
   150.0000     -2.880961749758186E-004
   151.0000     -2.374407436351522E-004
   152.0000     -1.906714109167417E-004
   153.0000     -1.476803934554106E-004
   154.0000     -1.083638406075988E-004
   155.0000     -7.262268388946094E-005
   156.0000     -4.036391935000533E-005
   157.0000     -1.150261817936070E-005
