  0.0000000E+00 -0.111789542513833     
   1.000000     -0.110141825462435     
   2.000000     -0.108509506118937     
   3.000000     -0.106892528082684     
   4.000000     -0.105290834772234     
   5.000000     -0.103704369424362     
   6.000000     -0.102133075092932     
   7.000000     -0.100576894647837     
   8.000000     -9.903577077390929E-002
   9.000000     -9.750964596983716E-002
   10.00000     -9.599846254704411E-002
   11.00000     -9.450216262860825E-002
   12.00000     -9.302068814815342E-002
   13.00000     -9.155398084869462E-002
   14.00000     -9.010198228156943E-002
   15.00000     -8.866463380527659E-002
   16.00000     -8.724187658435070E-002
   17.00000     -8.583365158822950E-002
   18.00000     -8.443989959009496E-002
   19.00000     -8.306056116573853E-002
   20.00000     -8.169557669239812E-002
   21.00000     -8.034488634759940E-002
   22.00000     -7.900843010801779E-002
   23.00000     -7.768614774819656E-002
   24.00000     -7.637797883911603E-002
   25.00000     -7.508386274792651E-002
   26.00000     -7.380373864015873E-002
   27.00000     -7.253754547241210E-002
   28.00000     -7.128522195727817E-002
   29.00000     -7.004670658547386E-002
   30.00000     -6.882193789420228E-002
   31.00000     -6.761085452540340E-002
   32.00000     -6.641339357344951E-002
   33.00000     -6.522948889016962E-002
   34.00000     -6.405907874999119E-002
   35.00000     -6.290212105128047E-002
   36.00000     -6.175856987496832E-002
   37.00000     -6.062828784560305E-002
   38.00000     -5.951106880660974E-002
   39.00000     -5.840700169925118E-002
   40.00000     -5.731671033160364E-002
   41.00000     -5.624030581501417E-002
   42.00000     -5.517569191243672E-002
   43.00000     -5.412031281417813E-002
   44.00000     -5.307742466985907E-002
   45.00000     -5.205757459332697E-002
   46.00000     -5.106266596936196E-002
   47.00000     -5.006808145991098E-002
   48.00000     -4.905111735773832E-002
   49.00000     -4.803108134340567E-002
   50.00000     -4.708372985695145E-002
   51.00000     -4.626979382679314E-002
   52.00000     -4.538799930477533E-002
   53.00000     -4.437107822774869E-002
   54.00000     -4.330756834740854E-002
   55.00000     -4.225400703100518E-002
   56.00000     -4.149702818512710E-002
   57.00000     -4.101108367615625E-002
   58.00000     -4.001115431521798E-002
   59.00000     -3.896329650254127E-002
   60.00000     -3.792151326076471E-002
   61.00000     -3.689308438093045E-002
   62.00000     -3.588237922111942E-002
   63.00000     -3.513467825042352E-002
   64.00000     -3.486095618610879E-002
   65.00000     -3.389436169149362E-002
   66.00000     -3.293314145755097E-002
   67.00000     -3.198888323298463E-002
   68.00000     -3.106251169707233E-002
   69.00000     -3.015433112131224E-002
   70.00000     -2.926449736764630E-002
   71.00000     -2.839323033175542E-002
   72.00000     -2.755576410912400E-002
   73.00000     -2.749865960398845E-002
   74.00000     -2.670312815847758E-002
   75.00000     -2.588653185212111E-002
   76.00000     -2.508765403730323E-002
   77.00000     -2.430655909052127E-002
   78.00000     -2.354312228715931E-002
   79.00000     -2.279717544916733E-002
   80.00000     -2.206852948510895E-002
   81.00000     -2.135698184454907E-002
   82.00000     -2.066232131355748E-002
   83.00000     -1.998433584896543E-002
   84.00000     -1.932285540618428E-002
   85.00000     -1.871209488708519E-002
   86.00000     -1.867320853707903E-002
   87.00000     -1.804754353306226E-002
   88.00000     -1.743388612942813E-002
   89.00000     -1.683561720347916E-002
   90.00000     -1.625253687823764E-002
   91.00000     -1.568440458930202E-002
   92.00000     -1.513097214539420E-002
   93.00000     -1.459198907559302E-002
   94.00000     -1.406720431438254E-002
   95.00000     -1.355636701940407E-002
   96.00000     -1.305922709635673E-002
   97.00000     -1.257553559341846E-002
   98.00000     -1.210504502338262E-002
   99.00000     -1.164750964027737E-002
   100.0000     -1.120268568860161E-002
   101.0000     -1.077033164741303E-002
   102.0000     -1.035020851755981E-002
   103.0000     -9.942080305331570E-003
   104.0000     -9.545715379875612E-003
   105.0000     -9.160893582965641E-003
   106.0000     -8.787560749611073E-003
   107.0000     -8.683045797605047E-003
   108.0000     -8.424687607393296E-003
   109.0000     -8.073120262616086E-003
   110.0000     -7.732132525588648E-003
   111.0000     -7.401545622133964E-003
   112.0000     -7.081150967316522E-003
   113.0000     -6.770738864480279E-003
   114.0000     -6.470101573078695E-003
   115.0000     -6.179033989043257E-003
   116.0000     -5.897333849817833E-003
   117.0000     -5.624801802398305E-003
   118.0000     -5.361241420573197E-003
   119.0000     -5.106459199087325E-003
   120.0000     -4.860264535303311E-003
   121.0000     -4.622469703024562E-003
   122.0000     -4.392889820825263E-003
   123.0000     -4.171342816215299E-003
   124.0000     -3.957649386490928E-003
   125.0000     -3.751632956864448E-003
   126.0000     -3.553119636326277E-003
   127.0000     -3.361938171603852E-003
   128.0000     -3.177919899528266E-003
   129.0000     -3.000898698062760E-003
   130.0000     -2.830710936237598E-003
   131.0000     -2.667195423187900E-003
   132.0000     -2.510193356488220E-003
   133.0000     -2.359548269945409E-003
   134.0000     -2.215105981007494E-003
   135.0000     -2.076714537925886E-003
   136.0000     -1.944224166799602E-003
   137.0000     -1.817487218619005E-003
   138.0000     -1.696358116419760E-003
   139.0000     -1.580693302650731E-003
   140.0000     -1.470351186849870E-003
   141.0000     -1.365192093726361E-003
   142.0000     -1.265078211736182E-003
   143.0000     -1.169873542244195E-003
   144.0000     -1.079443849363599E-003
   145.0000     -9.936566105716626E-004
   146.0000     -9.123809682033211E-004
   147.0000     -8.354876819408970E-004
   148.0000     -7.628490824288321E-004
   149.0000     -6.943390261705353E-004
   150.0000     -6.298328518909501E-004
   151.0000     -5.692073385937330E-004
   152.0000     -5.123406656003492E-004
   153.0000     -4.591123749340370E-004
   154.0000     -4.094033365261095E-004
   155.0000     -3.630957168685731E-004
   156.0000     -3.200729519549440E-004
   157.0000     -2.802197256507426E-004
   158.0000     -2.434219550778676E-004
   159.0000     -2.095667852427231E-004
   160.0000     -1.785425961143588E-004
   161.0000     -1.502390268587318E-004
   162.0000     -1.245470243127088E-004
   163.0000     -1.013589266582789E-004
   164.0000     -8.056859982220871E-005
   165.0000     -6.207165571513328E-005
   166.0000     -4.576580295944387E-005
   167.0000     -3.155142332375226E-005
   168.0000     -1.933255803506477E-005
   169.0000     -9.018703032397593E-006
   170.0000     -5.283945454950325E-007
