  0.0000000E+00 -9.760782820158433E-002
   1.000000     -9.601345127936974E-002
   2.000000     -9.443463891026378E-002
   3.000000     -9.287133577717356E-002
   4.000000     -9.132348639270933E-002
   5.000000     -8.979103509829685E-002
   6.000000     -8.827392606325692E-002
   7.000000     -8.677210328390013E-002
   8.000000     -8.528551058261215E-002
   9.000000     -8.381409160695165E-002
   10.00000     -8.235778982872612E-002
   11.00000     -8.091654854308809E-002
   12.00000     -7.949031086762005E-002
   13.00000     -7.807901974141897E-002
   14.00000     -7.668261792418803E-002
   15.00000     -7.530104799532440E-002
   16.00000     -7.393425235300889E-002
   17.00000     -7.258217321329831E-002
   18.00000     -7.124475260921893E-002
   19.00000     -6.992193238986229E-002
   20.00000     -6.861365421948624E-002
   21.00000     -6.731985957661311E-002
   22.00000     -6.604048975313544E-002
   23.00000     -6.477548585342242E-002
   24.00000     -6.352478879348041E-002
   25.00000     -6.228833930017592E-002
   26.00000     -6.106607790995928E-002
   27.00000     -5.985794496663917E-002
   28.00000     -5.866388062265689E-002
   29.00000     -5.748382485155619E-002
   30.00000     -5.631771744563648E-002
   31.00000     -5.516549792155574E-002
   32.00000     -5.402710542832477E-002
   33.00000     -5.290247920990973E-002
   34.00000     -5.179155962917253E-002
   35.00000     -5.069428689042244E-002
   36.00000     -4.961059282397067E-002
   37.00000     -4.854040870714771E-002
   38.00000     -4.748367336708267E-002
   39.00000     -4.644038584193452E-002
   40.00000     -4.541053563703035E-002
   41.00000     -4.439391308789725E-002
   42.00000     -4.339010086944012E-002
   43.00000     -4.239907465331688E-002
   44.00000     -4.142191219912758E-002
   45.00000     -4.045988746439869E-002
   46.00000     -3.951146776781891E-002
   47.00000     -3.857147608670089E-002
   48.00000     -3.763728960103110E-002
   49.00000     -3.671706498622226E-002
   50.00000     -3.582855970470553E-002
   51.00000     -3.497501350760804E-002
   52.00000     -3.411879895605624E-002
   53.00000     -3.322794455284275E-002
   54.00000     -3.231556265260074E-002
   55.00000     -3.142646273689090E-002
   56.00000     -3.068179859364023E-002
   57.00000     -3.006634514780573E-002
   58.00000     -2.926272092313724E-002
   59.00000     -2.836608973796613E-002
   60.00000     -2.745544062616695E-002
   61.00000     -2.655148175627012E-002
   62.00000     -2.567236551179665E-002
   63.00000     -2.515091679558651E-002
   64.00000     -2.471972777413782E-002
   65.00000     -2.387537710340691E-002
   66.00000     -2.302673186829817E-002
   67.00000     -2.219161370593716E-002
   68.00000     -2.137241118970349E-002
   69.00000     -2.056996175054195E-002
   70.00000     -1.978479172842359E-002
   71.00000     -1.901818877245077E-002
   72.00000     -1.849069850424925E-002
   73.00000     -1.825649335435099E-002
   74.00000     -1.752814051946244E-002
   75.00000     -1.681218875080508E-002
   76.00000     -1.611293217832639E-002
   77.00000     -1.543058113149747E-002
   78.00000     -1.476508350214396E-002
   79.00000     -1.411631897621944E-002
   80.00000     -1.348413666805717E-002
   81.00000     -1.286836823827540E-002
   82.00000     -1.226883658065314E-002
   83.00000     -1.168537201136850E-002
   84.00000     -1.111791265167909E-002
   85.00000     -1.062021324581453E-002
   86.00000     -1.056064786755958E-002
   87.00000     -1.002812234632904E-002
   88.00000     -9.506773049813223E-003
   89.00000     -9.000242236097342E-003
   90.00000     -8.508401789914868E-003
   91.00000     -8.031046169309249E-003
   92.00000     -7.567955410208983E-003
   93.00000     -7.118905318543646E-003
   94.00000     -6.683670466220794E-003
   95.00000     -6.262025490218422E-003
   96.00000     -5.853745841478225E-003
   97.00000     -5.458608307921916E-003
   98.00000     -5.076391425137765E-003
   99.00000     -4.706875822217708E-003
   100.0000     -4.349844526567380E-003
   101.0000     -4.005083242663165E-003
   102.0000     -3.672380617676747E-003
   103.0000     -3.351528510541244E-003
   104.0000     -3.042322295463264E-003
   105.0000     -2.744561277838252E-003
   106.0000     -2.458049475171446E-003
   107.0000     -2.182597859745466E-003
   108.0000     -1.918035632573716E-003
   109.0000     -1.664410482401363E-003
   110.0000     -1.577868166752243E-003
   111.0000     -1.420342864492736E-003
   112.0000     -1.187363574543163E-003
   113.0000     -9.644346049754106E-004
   114.0000     -7.514742621996483E-004
   115.0000     -5.483359486396156E-004
   116.0000     -3.548715983916284E-004
   117.0000     -1.709385547716826E-004
