  0.0000000E+00 -0.110725930238937     
   1.000000     -0.109082151918341     
   2.000000     -0.107453783001864     
   3.000000     -0.105840767154709     
   4.000000     -0.104243047861756     
   5.000000     -0.102660568426485     
   6.000000     -0.101093271969908     
   7.000000     -9.954110142950937E-002
   8.000000     -9.800399955810975E-002
   9.000000     -9.648190892284102E-002
   10.00000     -9.497477190399799E-002
   11.00000     -9.348253069397090E-002
   12.00000     -9.200512729610769E-002
   13.00000     -9.054250352360783E-002
   14.00000     -8.909460099842674E-002
   15.00000     -8.766136115012435E-002
   16.00000     -8.624272521472116E-002
   17.00000     -8.483863423359954E-002
   18.00000     -8.344902905232912E-002
   19.00000     -8.207385031952837E-002
   20.00000     -8.071303848571115E-002
   21.00000     -7.936653380212479E-002
   22.00000     -7.803427631961433E-002
   23.00000     -7.671620588738436E-002
   24.00000     -7.541226215152501E-002
   25.00000     -7.412238455430974E-002
   26.00000     -7.284651233649629E-002
   27.00000     -7.158458453428689E-002
   28.00000     -7.033653994659565E-002
   29.00000     -6.910231712413599E-002
   30.00000     -6.788185459443179E-002
   31.00000     -6.667509111537966E-002
   32.00000     -6.548196445793535E-002
   33.00000     -6.430240889192439E-002
   34.00000     -6.313635974375735E-002
   35.00000     -6.198377025889727E-002
   36.00000     -6.084460464689211E-002
   37.00000     -5.971875685076737E-002
   38.00000     -5.860600844679635E-002
   39.00000     -5.750631092349960E-002
   40.00000     -5.642019640174743E-002
   41.00000     -5.534817103982524E-002
   42.00000     -5.428882399770367E-002
   43.00000     -5.323904668288966E-002
   44.00000     -5.219956248861414E-002
   45.00000     -5.117964550608976E-002
   46.00000     -5.018733551944611E-002
   47.00000     -4.920615115202685E-002
   48.00000     -4.820599032154040E-002
   49.00000     -4.718924506940254E-002
   50.00000     -4.620995664710247E-002
   51.00000     -4.536648072259257E-002
   52.00000     -4.455074367537033E-002
   53.00000     -4.358312200283297E-002
   54.00000     -4.253930671943952E-002
   55.00000     -4.148392213897141E-002
   56.00000     -4.051376083285009E-002
   57.00000     -4.009900313456331E-002
   58.00000     -3.926978152470799E-002
   59.00000     -3.823976518064302E-002
   60.00000     -3.720751408806215E-002
   61.00000     -3.618678279934810E-002
   62.00000     -3.518153593128974E-002
   63.00000     -3.420095273953823E-002
   64.00000     -3.387017744000731E-002
   65.00000     -3.320770338463032E-002
   66.00000     -3.225532598003408E-002
   67.00000     -3.131801368544571E-002
   68.00000     -3.039824745852741E-002
   69.00000     -2.949650394723798E-002
   70.00000     -2.861296539003097E-002
   71.00000     -2.774773583030504E-002
   72.00000     -2.690111829337333E-002
   73.00000     -2.625546164289855E-002
   74.00000     -2.606770203264677E-002
   75.00000     -2.525953903841133E-002
   76.00000     -2.446681484257989E-002
   77.00000     -2.369171437716281E-002
   78.00000     -2.293419965013938E-002
   79.00000     -2.219412086083258E-002
   80.00000     -2.147129584917198E-002
   81.00000     -2.076552539526646E-002
   82.00000     -2.007659894489004E-002
   83.00000     -1.940429854602682E-002
   84.00000     -1.874840510466884E-002
   85.00000     -1.810872821886446E-002
   86.00000     -1.748690034120918E-002
   87.00000     -1.742584079067095E-002
   88.00000     -1.687626897235747E-002
   89.00000     -1.628364185525788E-002
   90.00000     -1.570611107369300E-002
   91.00000     -1.514349196103831E-002
   92.00000     -1.459554626571545E-002
   93.00000     -1.406202728086194E-002
   94.00000     -1.354268617189532E-002
   95.00000     -1.303727379944379E-002
   96.00000     -1.254554154192096E-002
   97.00000     -1.206724179671945E-002
   98.00000     -1.160212834428062E-002
   99.00000     -1.114995663829702E-002
   100.0000     -1.071048404872735E-002
   101.0000     -1.028347007202731E-002
   102.0000     -9.868676519794523E-003
   103.0000     -9.465867700335640E-003
   104.0000     -9.074810623300754E-003
   105.0000     -8.695275314823430E-003
   106.0000     -8.327035581453340E-003
   107.0000     -7.969872140797165E-003
   108.0000     -7.623601856409602E-003
   109.0000     -7.386993350594402E-003
   110.0000     -7.287520205407252E-003
   111.0000     -6.962420017734431E-003
   112.0000     -6.647341082631603E-003
   113.0000     -6.342231656254895E-003
   114.0000     -6.046895381347961E-003
   115.0000     -5.761130560827440E-003
   116.0000     -5.484736774158195E-003
   117.0000     -5.217516043772328E-003
   118.0000     -4.959273144140185E-003
   119.0000     -4.709815695470953E-003
   120.0000     -4.468954185723494E-003
   121.0000     -4.236501963211111E-003
   122.0000     -4.012275214839297E-003
   123.0000     -3.796092936209688E-003
   124.0000     -3.587776896528208E-003
   125.0000     -3.387151599877296E-003
   126.0000     -3.194044243806678E-003
   127.0000     -3.008284675865356E-003
   128.0000     -2.829705348544661E-003
   129.0000     -2.658141273003233E-003
   130.0000     -2.493429971886001E-003
   131.0000     -2.335411431514352E-003
   132.0000     -2.183928053702147E-003
   133.0000     -2.038824607433671E-003
   134.0000     -1.899948180639822E-003
   135.0000     -1.767148132296221E-003
   136.0000     -1.640276045086207E-003
   137.0000     -1.519185678866312E-003
   138.0000     -1.403732925204061E-003
   139.0000     -1.293775763275931E-003
   140.0000     -1.189174217453105E-003
   141.0000     -1.089790316958121E-003
   142.0000     -9.954880580351686E-004
   143.0000     -9.061333691787025E-004
   144.0000     -8.215940800810033E-004
   145.0000     -7.417398951262400E-004
   146.0000     -6.664423724816626E-004
   147.0000     -5.955749101363382E-004
   148.0000     -5.290127406540903E-004
   149.0000     -4.666329369857029E-004
   150.0000     -4.083144324993808E-004
   151.0000     -3.539380595607944E-004
   152.0000     -3.033866127059841E-004
   153.0000     -2.565449450071074E-004
   154.0000     -2.133001101440107E-004
   155.0000     -1.735415688464700E-004
   156.0000     -1.371614883598902E-004
   157.0000     -1.040551804040342E-004
   158.0000     -7.412175268626153E-005
   159.0000     -4.726510387419754E-005
   160.0000     -2.339550031280267E-005
   161.0000     -2.432204864045221E-006
