  0.0000000E+00 -0.103475976687490     
   1.000000     -0.101859308661627     
   2.000000     -0.100258133193634     
   3.000000     -9.867239446106105E-002
   4.000000     -9.710203646546398E-002
   5.000000     -9.554700303138630E-002
   6.000000     -9.400723780534111E-002
   7.000000     -9.248268425478710E-002
   8.000000     -9.097328566709333E-002
   9.000000     -8.947898514851242E-002
   10.00000     -8.799972562315005E-002
   11.00000     -8.653544983188503E-002
   12.00000     -8.508610033137402E-002
   13.00000     -8.365161949296067E-002
   14.00000     -8.223194950163291E-002
   15.00000     -8.082703235496579E-002
   16.00000     -7.943680986204775E-002
   17.00000     -7.806122364242084E-002
   18.00000     -7.670021512500551E-002
   19.00000     -7.535372554702389E-002
   20.00000     -7.402169595292406E-002
   21.00000     -7.270406719328980E-002
   22.00000     -7.140077992376324E-002
   23.00000     -7.011177460398947E-002
   24.00000     -6.883699149654109E-002
   25.00000     -6.757637066543086E-002
   26.00000     -6.632985197446443E-002
   27.00000     -6.509737508950096E-002
   28.00000     -6.387887948524244E-002
   29.00000     -6.267430442472120E-002
   30.00000     -6.148358888135379E-002
   31.00000     -6.030667159875856E-002
   32.00000     -5.914349164321907E-002
   33.00000     -5.799398858794040E-002
   34.00000     -5.685809963507131E-002
   35.00000     -5.573575581674588E-002
   36.00000     -5.462689217746118E-002
   37.00000     -5.353147535662868E-002
   38.00000     -5.244948837418165E-002
   39.00000     -5.138080535415646E-002
   40.00000     -5.032512204661466E-002
   41.00000     -4.928232824513640E-002
   42.00000     -4.825312368519638E-002
   43.00000     -4.723848719161686E-002
   44.00000     -4.623727652599974E-002
   45.00000     -4.524536700141324E-002
   46.00000     -4.426101867376311E-002
   47.00000     -4.329232610265474E-002
   48.00000     -4.235396321798029E-002
   49.00000     -4.144204715579619E-002
   50.00000     -4.052032011693066E-002
   51.00000     -3.956803282468091E-002
   52.00000     -3.860875877189508E-002
   53.00000     -3.771746156131540E-002
   54.00000     -3.700043476092280E-002
   55.00000     -3.623085608943839E-002
   56.00000     -3.530190872595129E-002
   57.00000     -3.432546535218434E-002
   58.00000     -3.334582931020975E-002
   59.00000     -3.239773318166300E-002
   60.00000     -3.189472594879068E-002
   61.00000     -3.133264511913819E-002
   62.00000     -3.040250587422365E-002
   63.00000     -2.946664443052333E-002
   64.00000     -2.854315781950158E-002
   65.00000     -2.763515930100045E-002
   66.00000     -2.674406720613501E-002
   67.00000     -2.587270833582660E-002
   68.00000     -2.538959601069106E-002
   69.00000     -2.500328107168878E-002
   70.00000     -2.416809161682347E-002
   71.00000     -2.334685363941126E-002
   72.00000     -2.254285392314698E-002
   73.00000     -2.175641109437094E-002
   74.00000     -2.098755993631712E-002
   75.00000     -2.023625036140474E-002
   76.00000     -1.950239537010344E-002
   77.00000     -1.878591031759853E-002
   78.00000     -1.808695816681184E-002
   79.00000     -1.762646588912259E-002
   80.00000     -1.740183831876178E-002
   81.00000     -1.673746393419916E-002
   82.00000     -1.608854962192122E-002
   83.00000     -1.545591325604790E-002
   84.00000     -1.483941959069606E-002
   85.00000     -1.423886796565606E-002
   86.00000     -1.365404002131436E-002
   87.00000     -1.308470920848083E-002
   88.00000     -1.253064409749189E-002
   89.00000     -1.199161007277785E-002
   90.00000     -1.146737047599014E-002
   91.00000     -1.095768756314393E-002
   92.00000     -1.046232354721652E-002
   93.00000     -9.981042365165286E-003
   94.00000     -9.513615316787245E-003
   95.00000     -9.059862891815543E-003
   96.00000     -8.683523708167041E-003
   97.00000     -8.618007625855406E-003
   98.00000     -8.191640938135679E-003
   99.00000     -7.777228670260924E-003
   100.0000     -7.375430919546994E-003
   101.0000     -6.986049353907266E-003
   102.0000     -6.608863020752587E-003
   103.0000     -6.243648773739434E-003
   104.0000     -5.890184669398624E-003
   105.0000     -5.548250951894030E-003
   106.0000     -5.217630460232032E-003
   107.0000     -4.898108847460321E-003
   108.0000     -4.589474723074898E-003
   109.0000     -4.291519757706815E-003
   110.0000     -4.004038766353318E-003
   111.0000     -3.726829778102709E-003
   112.0000     -3.459694096935827E-003
   113.0000     -3.202436356706159E-003
   114.0000     -2.954864572744160E-003
   115.0000     -2.716790192265169E-003
   116.0000     -2.488028145699607E-003
   117.0000     -2.268396901159355E-003
   118.0000     -2.057718524455049E-003
   119.0000     -1.855818747410676E-003
   120.0000     -1.662527047680112E-003
   121.0000     -1.477676743910338E-003
   122.0000     -1.301105110958266E-003
   123.0000     -1.132653521035678E-003
   124.0000     -9.721676182536704E-004
   125.0000     -8.194975362289109E-004
   126.0000     -6.744981714685254E-004
   127.0000     -5.370295295631770E-004
   128.0000     -4.069571674227140E-004
   129.0000     -2.841527638775511E-004
   130.0000     -1.684948645998156E-004
   131.0000     -5.986986826689271E-005
