  0.0000000E+00 -0.112222273036797     
   1.000000     -0.110572956271255     
   2.000000     -0.108939032490338     
   3.000000     -0.107320445267210     
   4.000000     -0.105717137994126     
   5.000000     -0.104129053881362     
   6.000000     -0.102556135956146     
   7.000000     -0.100998327061567     
   8.000000     -9.945556985550072E-002
   9.000000     -9.792780680951343E-002
   10.00000     -9.641498020774872E-002
   11.00000     -9.491703214585016E-002
   12.00000     -9.343390452982614E-002
   13.00000     -9.196553907495511E-002
   14.00000     -9.051187730463936E-002
   15.00000     -8.907286054929955E-002
   16.00000     -8.764842994523295E-002
   17.00000     -8.623852643347338E-002
   18.00000     -8.484309075864066E-002
   19.00000     -8.346206346780710E-002
   20.00000     -8.209538490932569E-002
   21.00000     -8.074299523168951E-002
   22.00000     -7.940483438235932E-002
   23.00000     -7.808084210650704E-002
   24.00000     -7.677095794558839E-002
   25.00000     -7.547512123726627E-002
   26.00000     -7.419327111744220E-002
   27.00000     -7.292534651104218E-002
   28.00000     -7.167128609721177E-002
   29.00000     -7.043102834709405E-002
   30.00000     -6.920451180213363E-002
   31.00000     -6.799167503148099E-002
   32.00000     -6.679245483672339E-002
   33.00000     -6.560678504752207E-002
   34.00000     -6.443460538344895E-002
   35.00000     -6.327587509189067E-002
   36.00000     -6.213054240877494E-002
   37.00000     -6.099845810318852E-002
   38.00000     -5.987942934174115E-002
   39.00000     -5.877360548979890E-002
   40.00000     -5.768162013934855E-002
   41.00000     -5.660338084704222E-002
   42.00000     -5.553656582495922E-002
   43.00000     -5.447902409669556E-002
   44.00000     -5.343508031465685E-002
   45.00000     -5.241530033703376E-002
   46.00000     -5.141843871113100E-002
   47.00000     -5.041765541525639E-002
   48.00000     -4.939466050777419E-002
   49.00000     -4.837597884345390E-002
   50.00000     -4.744526856211700E-002
   51.00000     -4.663293032882787E-002
   52.00000     -4.572224981096304E-002
   53.00000     -4.468962347687810E-002
   54.00000     -4.362013061854897E-002
   55.00000     -4.257441125527722E-002
   56.00000     -4.193426297689648E-002
   57.00000     -4.133774046194130E-002
   58.00000     -4.031046110035122E-002
   59.00000     -3.925717371234991E-002
   60.00000     -3.821180329857446E-002
   61.00000     -3.718043131635154E-002
   62.00000     -3.616895531925737E-002
   63.00000     -3.562743754312511E-002
   64.00000     -3.514970761269504E-002
   65.00000     -3.417306729284517E-002
   66.00000     -3.320876682262952E-002
   67.00000     -3.226174645993696E-002
   68.00000     -3.133271141042296E-002
   69.00000     -3.042192972485033E-002
   70.00000     -2.952956335089144E-002
   71.00000     -2.865601594820309E-002
   72.00000     -2.803095603434189E-002
   73.00000     -2.779605423384979E-002
   74.00000     -2.696076449075557E-002
   75.00000     -2.614157315896104E-002
   76.00000     -2.534023131604241E-002
   77.00000     -2.455671097062208E-002
   78.00000     -2.379087383420421E-002
   79.00000     -2.304254753797351E-002
   80.00000     -2.231154111855837E-002
   81.00000     -2.159765132004092E-002
   82.00000     -2.090066811018414E-002
   83.00000     -2.022038927982803E-002
   84.00000     -1.955678403340020E-002
   85.00000     -1.922873935632933E-002
   86.00000     -1.890819924559887E-002
   87.00000     -1.827676007700087E-002
   88.00000     -1.766079714174383E-002
   89.00000     -1.706026681010569E-002
   90.00000     -1.647494163190679E-002
   91.00000     -1.590457630881495E-002
   92.00000     -1.534892095438382E-002
   93.00000     -1.480772413810039E-002
   94.00000     -1.428073408279556E-002
   95.00000     -1.376769934100131E-002
   96.00000     -1.326836927014822E-002
   97.00000     -1.278249440805824E-002
   98.00000     -1.230982678976599E-002
   99.00000     -1.185012022903433E-002
   100.0000     -1.140313058823808E-002
   101.0000     -1.096861608259602E-002
   102.0000     -1.054633775803779E-002
   103.0000     -1.013606073719217E-002
   104.0000     -9.737560281047688E-003
   105.0000     -9.350724110124067E-003
   106.0000     -9.210385274130461E-003
   107.0000     -8.974681454119764E-003
   108.0000     -8.610137691713293E-003
   109.0000     -8.256383910667754E-003
   110.0000     -7.913248622219884E-003
   111.0000     -7.580520700148889E-003
   112.0000     -7.257987230146275E-003
   113.0000     -6.945437126737868E-003
   114.0000     -6.642661909816166E-003
   115.0000     -6.349455938553105E-003
   116.0000     -6.065616492450781E-003
   117.0000     -5.790943796493577E-003
   118.0000     -5.525241021068915E-003
   119.0000     -5.268314268233616E-003
   120.0000     -5.019972549390594E-003
   121.0000     -4.780027756900343E-003
   122.0000     -4.548294631066684E-003
   123.0000     -4.324590723400652E-003
   124.0000     -4.108736356806317E-003
   125.0000     -3.900554583179192E-003
   126.0000     -3.699871138801864E-003
   127.0000     -3.506514397874787E-003
   128.0000     -3.320315324460692E-003
   129.0000     -3.141107423096601E-003
   130.0000     -2.968726688288801E-003
   131.0000     -2.803011553094234E-003
   132.0000     -2.643802836962850E-003
   133.0000     -2.490943693002536E-003
   134.0000     -2.344279554809677E-003
   135.0000     -2.203658082998205E-003
   136.0000     -2.068929111541206E-003
   137.0000     -1.939944594038099E-003
   138.0000     -1.816558549995361E-003
   139.0000     -1.698627011215928E-003
   140.0000     -1.586007968369675E-003
   141.0000     -1.478561317818373E-003
   142.0000     -1.376148808760490E-003
   143.0000     -1.278633990749653E-003
   144.0000     -1.185882161643090E-003
   145.0000     -1.097760316024634E-003
   146.0000     -1.014137094147777E-003
   147.0000     -9.348827314378606E-004
   148.0000     -8.598690085903442E-004
   149.0000     -7.889692023025867E-004
   150.0000     -7.220580366720246E-004
   151.0000     -6.590116352974503E-004
   152.0000     -5.997074741195754E-004
   153.0000     -5.440243350413107E-004
   154.0000     -4.918422603735182E-004
   155.0000     -4.430425081607805E-004
   156.0000     -3.975075084533870E-004
   157.0000     -3.551208206098154E-004
   158.0000     -3.157670917382881E-004
   159.0000     -2.793320164224666E-004
   160.0000     -2.457022979240215E-004
   161.0000     -2.147656111297968E-004
   162.0000     -1.864105676141845E-004
   163.0000     -1.605266833421791E-004
   164.0000     -1.370043497734957E-004
   165.0000     -1.157348094833337E-004
   166.0000     -9.661013798053067E-005
   167.0000     -7.952323431343540E-005
   168.0000     -6.436782457597280E-005
   169.0000     -5.103848506274080E-005
   170.0000     -3.943069660134518E-005
   171.0000     -2.944095071581766E-005
   172.0000     -2.096694686665556E-005
   173.0000     -1.390796108622521E-005
   174.0000     -8.165567178506896E-006
   175.0000     -3.645178004919271E-006
   176.0000     -2.598855996691735E-007
