  0.0000000E+00 -0.107252695135221     
   1.000000     -0.105621846742736     
   2.000000     -0.104006446828529     
   3.000000     -0.102406439288979     
   4.000000     -0.100821767841873     
   5.000000     -9.925237602536774E-002
   6.000000     -9.769820719691824E-002
   7.000000     -9.615920453222748E-002
   8.000000     -9.463531102417215E-002
   9.000000     -9.312646948172815E-002
   10.00000     -9.163262252889520E-002
   11.00000     -9.015371260360405E-002
   12.00000     -8.868968195662896E-002
   13.00000     -8.724047265048895E-002
   14.00000     -8.580602655834996E-002
   15.00000     -8.438628536291004E-002
   16.00000     -8.298119055528963E-002
   17.00000     -8.159068343391351E-002
   18.00000     -8.021470510338374E-002
   19.00000     -7.885319647335420E-002
   20.00000     -7.750609825738941E-002
   21.00000     -7.617335097183298E-002
   22.00000     -7.485489493466918E-002
   23.00000     -7.355067026440937E-002
   24.00000     -7.226061687874336E-002
   25.00000     -7.098467449294904E-002
   26.00000     -6.972278262032355E-002
   27.00000     -6.847488057650242E-002
   28.00000     -6.724090746915745E-002
   29.00000     -6.602080214514183E-002
   30.00000     -6.481450321252191E-002
   31.00000     -6.362194941656929E-002
   32.00000     -6.244307983369585E-002
   33.00000     -6.127783182213892E-002
   34.00000     -6.012613808455386E-002
   35.00000     -5.898793453654955E-002
   36.00000     -5.786318186539502E-002
   37.00000     -5.675185051857939E-002
   38.00000     -5.565381585497720E-002
   39.00000     -5.456881885952453E-002
   40.00000     -5.349681949399325E-002
   41.00000     -5.243847600780983E-002
   42.00000     -5.139444360553723E-002
   43.00000     -5.036319917749600E-002
   44.00000     -4.934109727793053E-002
   45.00000     -4.832825598258898E-002
   46.00000     -4.733431805449735E-002
   47.00000     -4.637023443049236E-002
   48.00000     -4.542235071190133E-002
   49.00000     -4.445632769016770E-002
   50.00000     -4.346652423647106E-002
   51.00000     -4.249464937029161E-002
   52.00000     -4.164413701169546E-002
   53.00000     -4.089571145612871E-002
   54.00000     -3.999954056365713E-002
   55.00000     -3.900074413550313E-002
   56.00000     -3.797861198737830E-002
   57.00000     -3.697313740891491E-002
   58.00000     -3.628300439643313E-002
   59.00000     -3.582486267953432E-002
   60.00000     -3.486612016715449E-002
   61.00000     -3.387658298520128E-002
   62.00000     -3.289623098937725E-002
   63.00000     -3.193029161240393E-002
   64.00000     -3.098107911416785E-002
   65.00000     -3.005837954062594E-002
   66.00000     -2.980524841417245E-002
   67.00000     -2.912325412195486E-002
   68.00000     -2.822728265487359E-002
   69.00000     -2.734718317954739E-002
   70.00000     -2.648465347871955E-002
   71.00000     -2.563999738146036E-002
   72.00000     -2.481329488146996E-002
   73.00000     -2.400455121722134E-002
   74.00000     -2.321377887270427E-002
   75.00000     -2.244170079058451E-002
   76.00000     -2.212351126798035E-002
   77.00000     -2.168335699623701E-002
   78.00000     -2.094597053844411E-002
   79.00000     -2.022533412287606E-002
   80.00000     -1.952173207929398E-002
   81.00000     -1.883502864383167E-002
   82.00000     -1.816503470003844E-002
   83.00000     -1.751154207379004E-002
   84.00000     -1.687433187950256E-002
   85.00000     -1.625317798004938E-002
   86.00000     -1.564784917373238E-002
   87.00000     -1.505811135428844E-002
   88.00000     -1.448373161789927E-002
   89.00000     -1.392449688066104E-002
   90.00000     -1.338064440905354E-002
   91.00000     -1.324201417724652E-002
   92.00000     -1.284981595277070E-002
   93.00000     -1.233450425733582E-002
   94.00000     -1.183320828543294E-002
   95.00000     -1.134576905756137E-002
   96.00000     -1.087195568669243E-002
   97.00000     -1.041152897378756E-002
   98.00000     -9.964248684262152E-003
   99.00000     -9.529875378369303E-003
   100.0000     -9.108171130898002E-003
   101.0000     -8.698899918779042E-003
   102.0000     -8.301827877494268E-003
   103.0000     -7.916723491967646E-003
   104.0000     -7.543357747742264E-003
   105.0000     -7.181504254317365E-003
   106.0000     -6.830939347074281E-003
   107.0000     -6.491442171735893E-003
   108.0000     -6.162794754221376E-003
   109.0000     -5.844782058220851E-003
   110.0000     -5.537192032697664E-003
   111.0000     -5.239815651853892E-003
   112.0000     -4.952446951188758E-003
   113.0000     -4.674883066254885E-003
   114.0000     -4.406924289042843E-003
   115.0000     -4.148374183045009E-003
   116.0000     -3.899039896559386E-003
   117.0000     -3.658733305056134E-003
   118.0000     -3.427277616752926E-003
   119.0000     -3.204666521764158E-003
   120.0000     -3.148036049361300E-003
   121.0000     -2.989933495107245E-003
   122.0000     -2.783918617249088E-003
   123.0000     -2.585978444425004E-003
   124.0000     -2.395972714539325E-003
   125.0000     -2.213736868711821E-003
   126.0000     -2.039105784238205E-003
   127.0000     -1.871916382900555E-003
   128.0000     -1.712008216582171E-003
   129.0000     -1.559223654748863E-003
   130.0000     -1.413407965834319E-003
   131.0000     -1.274409368734747E-003
   132.0000     -1.142079080623772E-003
   133.0000     -1.016271373136048E-003
   134.0000     -8.968436447497781E-004
   135.0000     -7.836565164452194E-004
   136.0000     -6.765739585712313E-004
   137.0000     -5.754634588700493E-004
   138.0000     -4.801962448687152E-004
   139.0000     -3.906475787776588E-004
   140.0000     -3.066971504946601E-004
   141.0000     -2.282296057597651E-004
   142.0000     -1.551352645453228E-004
   143.0000     -8.731111409531846E-005
   144.0000     -2.466221057693931E-005
