  0.0000000E+00 -1.797442283493993E-002
   1.000000     -1.757126805553758E-002
   2.000000     -1.717387632680619E-002
   3.000000     -1.678221513061895E-002
   4.000000     -1.639625178869794E-002
   5.000000     -1.601595346116669E-002
   6.000000     -1.564128714509003E-002
   7.000000     -1.527221967300116E-002
   8.000000     -1.490871771141918E-002
   9.000000     -1.455074775935021E-002
   10.00000     -1.419827614678096E-002
   11.00000     -1.385126903315773E-002
   12.00000     -1.350969240585631E-002
   13.00000     -1.317351207863643E-002
   14.00000     -1.284269369009116E-002
   15.00000     -1.251720270207853E-002
   16.00000     -1.219700439814846E-002
   17.00000     -1.188206388195360E-002
   18.00000     -1.157234607565559E-002
   19.00000     -1.126781571831583E-002
   20.00000     -1.096843736428088E-002
   21.00000     -1.067417538155667E-002
   22.00000     -1.038499395017280E-002
   23.00000     -1.010085706054127E-002
   24.00000     -9.821728511802390E-003
   25.00000     -9.547571910169441E-003
   26.00000     -9.278350667258621E-003
   27.00000     -9.014027998417712E-003
   28.00000     -8.754566921047204E-003
   29.00000     -8.499930252914076E-003
   30.00000     -8.250080610461593E-003
   31.00000     -8.004980407115824E-003
   32.00000     -7.764591851586000E-003
   33.00000     -7.528876946163692E-003
   34.00000     -7.297797485018280E-003
   35.00000     -7.071315052492406E-003
   36.00000     -6.849391021395366E-003
   37.00000     -6.631986551297609E-003
   38.00000     -6.419062586824969E-003
   39.00000     -6.210579855956879E-003
   40.00000     -6.006498868326408E-003
   41.00000     -5.806779913524900E-003
   42.00000     -5.611383059412065E-003
   43.00000     -5.420268150431959E-003
   44.00000     -5.233394805938246E-003
   45.00000     -5.050722418526741E-003
   46.00000     -4.872210152379024E-003
   47.00000     -4.697816941619981E-003
   48.00000     -4.527501488685588E-003
   49.00000     -4.361222262707951E-003
   50.00000     -4.198937497916481E-003
   51.00000     -4.040605192058182E-003
   52.00000     -3.886183104836277E-003
   53.00000     -3.735628756373892E-003
   54.00000     -3.588899425699830E-003
   55.00000     -3.445952149260807E-003
   56.00000     -3.306743719463513E-003
   57.00000     -3.171230683246351E-003
   58.00000     -3.039369340683485E-003
   59.00000     -2.911115743625855E-003
   60.00000     -2.786425694380268E-003
   61.00000     -2.665254744427100E-003
   62.00000     -2.547558193184040E-003
   63.00000     -2.433291086813884E-003
   64.00000     -2.322408217082995E-003
   65.00000     -2.214864120271977E-003
   66.00000     -2.110613076140415E-003
   67.00000     -2.009609106952666E-003
   68.00000     -1.911805976563937E-003
   69.00000     -1.817157189574515E-003
   70.00000     -1.725615990551345E-003
   71.00000     -1.637135363324675E-003
   72.00000     -1.551668030361159E-003
   73.00000     -1.469166452218651E-003
   74.00000     -1.389582827085792E-003
   75.00000     -1.312869090412535E-003
   76.00000     -1.238976914633161E-003
   77.00000     -1.167857708989163E-003
   78.00000     -1.099462619455299E-003
   79.00000     -1.033742528773387E-003
   80.00000     -9.706480566005088E-004
   81.00000     -9.101295597744518E-004
   82.00000     -8.521371327040631E-004
   83.00000     -7.966206078881990E-004
   84.00000     -7.435295565695638E-004
   85.00000     -6.928132895286142E-004
   86.00000     -6.444208580245174E-004
   87.00000     -5.983010548870367E-004
   88.00000     -5.544024157669490E-004
   89.00000     -5.126732205504254E-004
   90.00000     -4.730614949440627E-004
   91.00000     -4.355150122361093E-004
   92.00000     -3.999812952413542E-004
   93.00000     -3.664076184359287E-004
   94.00000     -3.347410102883320E-004
   95.00000     -3.049282557950659E-004
   96.00000     -2.769158992262618E-004
   97.00000     -2.506502470901158E-004
   98.00000     -2.260773713230418E-004
   99.00000     -2.031431127138065E-004
   100.0000     -1.817930845698784E-004
   101.0000     -1.619726766352247E-004
   102.0000     -1.436270592689405E-004
   103.0000     -1.267011878959882E-004
   104.0000     -1.111398077420163E-004
   105.0000     -9.688745886732475E-005
   106.0000     -8.388848151728360E-005
   107.0000     -7.208702181239948E-005
   108.0000     -6.142703780764527E-005
   109.0000     -5.185230596232085E-005
   110.0000     -4.330642807930595E-005
   111.0000     -3.573283880097225E-005
   112.0000     -2.907481379567720E-005
   113.0000     -2.327547884968965E-005
   114.0000     -1.827782022052774E-005
   115.0000     -1.402469686974789E-005
   116.0000     -1.045885570025098E-005
   117.0000     -7.522951966594609E-006
   118.0000     -5.159579337149570E-006
   119.0000     -3.311319699962059E-006
   120.0000     -1.920838222683217E-006
   121.0000     -9.310995000084461E-007
   122.0000     -2.859960993260194E-007
