  0.0000000E+00 -1.781629257007561E-002
   1.000000     -1.741403426383910E-002
   2.000000     -1.701754307155364E-002
   3.000000     -1.662678650968780E-002
   4.000000     -1.624173193488038E-002
   5.000000     -1.586234654249730E-002
   6.000000     -1.548859736516813E-002
   7.000000     -1.512045127131728E-002
   8.000000     -1.475787496367946E-002
   9.000000     -1.440083497780451E-002
   10.00000     -1.404929768055001E-002
   11.00000     -1.370322926855976E-002
   12.00000     -1.336259576673545E-002
   13.00000     -1.302736302669121E-002
   14.00000     -1.269749672520150E-002
   15.00000     -1.237296236263364E-002
   16.00000     -1.205372526137442E-002
   17.00000     -1.173975056423996E-002
   18.00000     -1.143100323288132E-002
   19.00000     -1.112744804617531E-002
   20.00000     -1.082904959860709E-002
   21.00000     -1.053577229864370E-002
   22.00000     -1.024758036709885E-002
   23.00000     -9.964437835486350E-003
   24.00000     -9.686308544367736E-003
   25.00000     -9.413156141691161E-003
   26.00000     -9.144944081122829E-003
   27.00000     -8.881635620370528E-003
   28.00000     -8.623193819501577E-003
   29.00000     -8.369581539254701E-003
   30.00000     -8.120761439347465E-003
   31.00000     -7.876695976776042E-003
   32.00000     -7.637347404114625E-003
   33.00000     -7.402677767808750E-003
   34.00000     -7.172648906467135E-003
   35.00000     -6.947222449152234E-003
   36.00000     -6.726359813669017E-003
   37.00000     -6.510022204851884E-003
   38.00000     -6.298170612858027E-003
   39.00000     -6.090765811455317E-003
   40.00000     -5.887768356318878E-003
   41.00000     -5.689138583328055E-003
   42.00000     -5.494836606871383E-003
   43.00000     -5.304822318154231E-003
   44.00000     -5.119055383517941E-003
   45.00000     -4.937495242764928E-003
   46.00000     -4.760101107496167E-003
   47.00000     -4.586831959458844E-003
   48.00000     -4.417646548908713E-003
   49.00000     -4.252503392986245E-003
   50.00000     -4.091360774110948E-003
   51.00000     -3.934176738393439E-003
   52.00000     -3.780909094067066E-003
   53.00000     -3.631515409943977E-003
   54.00000     -3.485953013893550E-003
   55.00000     -3.344178991349261E-003
   56.00000     -3.206150183842895E-003
   57.00000     -3.071823187571864E-003
   58.00000     -2.941154351998407E-003
   59.00000     -2.814099778486640E-003
   60.00000     -2.690615318978970E-003
   61.00000     -2.570656574712599E-003
   62.00000     -2.454178894984334E-003
   63.00000     -2.341137375961024E-003
   64.00000     -2.231486859541600E-003
   65.00000     -2.125181932276583E-003
   66.00000     -2.022176924343878E-003
   67.00000     -1.922425908588204E-003
   68.00000     -1.825882699627323E-003
   69.00000     -1.732500853029155E-003
   70.00000     -1.642233664564291E-003
   71.00000     -1.555034169539050E-003
   72.00000     -1.470855142214387E-003
   73.00000     -1.389649095314209E-003
   74.00000     -1.311368279631089E-003
   75.00000     -1.235964683734559E-003
   76.00000     -1.163390033787610E-003
   77.00000     -1.093595793479436E-003
   78.00000     -1.026533164082197E-003
   79.00000     -9.621530846386172E-004
   80.00000     -9.004062322916187E-004
   81.00000     -8.412430227638892E-004
   82.00000     -7.846136109995874E-004
   83.00000     -7.304678919808302E-004
   84.00000     -6.787555017306898E-004
   85.00000     -6.294258185217811E-004
   86.00000     -5.824279643045103E-004
   87.00000     -5.377108063792569E-004
   88.00000     -4.952229593346419E-004
   89.00000     -4.549127872809931E-004
   90.00000     -4.167284064141943E-004
   91.00000     -3.806176879507071E-004
   92.00000     -3.465282614848891E-004
   93.00000     -3.144075188315932E-004
   94.00000     -2.842026184336898E-004
   95.00000     -2.558604904336796E-004
   96.00000     -2.293278425396550E-004
   97.00000     -2.045511668526579E-004
   98.00000     -1.814767478778552E-004
   99.00000     -1.600506720164687E-004
   100.0000     -1.402188389430644E-004
   101.0000     -1.219269754265715E-004
   102.0000     -1.051206523828022E-004
   103.0000     -8.974530628688304E-005
   104.0000     -7.574626660253650E-005
   105.0000     -6.306879171654158E-005
   106.0000     -5.165811722370195E-005
   107.0000     -4.145952269289568E-005
   108.0000     -3.241842706376793E-005
   109.0000     -2.448053023304338E-005
   110.0000     -1.759203289452864E-005
   111.0000     -1.169999724382417E-005
   112.0000     -6.752981860586139E-006
   113.0000     -2.702269798965066E-006
