  0.0000000E+00 -0.104783562110911     
   1.000000     -0.102990589254902     
   2.000000     -0.101816377421965     
   3.000000     -9.947784279400289E-002
   4.000000     -9.588060275522832E-002
   5.000000     -9.506195317025490E-002
   6.000000     -8.988053369107810E-002
   7.000000     -8.431771915606485E-002
   8.000000     -8.306341155876082E-002
   9.000000     -7.863543477901007E-002
   10.00000     -7.300708185297194E-002
   11.00000     -6.754564707766468E-002
   12.00000     -6.232290895527962E-002
   13.00000     -6.073126756765752E-002
   14.00000     -5.738116543979254E-002
   15.00000     -5.274224990766881E-002
   16.00000     -4.841355004388713E-002
   17.00000     -4.439273597081264E-002
   18.00000     -4.067097940326421E-002
   19.00000     -3.723530154384047E-002
   20.00000     -3.407024535676044E-002
   21.00000     -3.115905775879413E-002
   22.00000     -2.848451543771116E-002
   23.00000     -2.602949254247539E-002
   24.00000     -2.480240975212996E-002
   25.00000     -2.377733016220348E-002
   26.00000     -2.171211086183380E-002
   27.00000     -1.981876212992926E-002
   28.00000     -1.808316652818823E-002
   29.00000     -1.649218059647178E-002
   30.00000     -1.503363244533170E-002
   31.00000     -1.369629592286907E-002
   32.00000     -1.246985020104735E-002
   33.00000     -1.134483052931908E-002
   34.00000     -1.031257422797465E-002
   35.00000     -9.365164787410923E-003
   36.00000     -8.495376057819203E-003
   37.00000     -7.696617869869429E-003
   38.00000     -6.962883958718746E-003
   39.00000     -6.288702725407321E-003
   40.00000     -5.669091127562989E-003
   41.00000     -5.099511820171359E-003
   42.00000     -4.575833548290334E-003
   43.00000     -4.094294713085124E-003
   44.00000     -3.651469849485710E-003
   45.00000     -3.244239766624264E-003
   46.00000     -2.869762427496024E-003
   47.00000     -2.525448951982243E-003
   48.00000     -2.208939984599100E-003
   49.00000     -1.918084988632437E-003
   50.00000     -1.650923380305610E-003
   51.00000     -1.405667473421444E-003
   52.00000     -1.180687088073189E-003
   53.00000     -9.744956924630745E-004
   54.00000     -7.857379641543908E-004
   55.00000     -6.131786768724820E-004
   56.00000     -4.556928426689962E-004
   57.00000     -3.122570694716427E-004
   58.00000     -1.819421355021172E-004
   59.00000     -6.390684358948397E-005
