  0.0000000E+00 -0.101557090379844     
   1.000000     -9.980884683174063E-002
   2.000000     -9.851885485380668E-002
   3.000000     -9.646629577602196E-002
   4.000000     -9.239516250343920E-002
   5.000000     -9.215414903736135E-002
   6.000000     -8.709157159850926E-002
   7.000000     -8.162674839333485E-002
   8.000000     -7.941506746526079E-002
   9.000000     -7.603738051429317E-002
   10.00000     -7.049706479492439E-002
   11.00000     -6.511923218453330E-002
   12.00000     -5.997596997746116E-002
   13.00000     -5.692746753135920E-002
   14.00000     -5.510987541124521E-002
   15.00000     -5.054301744064214E-002
   16.00000     -4.628300299074332E-002
   17.00000     -4.232771744216589E-002
   18.00000     -3.866852609854959E-002
   19.00000     -3.529262906852872E-002
   20.00000     -3.218473513376367E-002
   21.00000     -2.932824517475685E-002
   22.00000     -2.670607901550776E-002
   23.00000     -2.430124330200571E-002
   24.00000     -2.209721228769004E-002
   25.00000     -2.083348103109410E-002
   26.00000     -2.007816403419037E-002
   27.00000     -1.822915706275240E-002
   28.00000     -1.653616550641393E-002
   29.00000     -1.498614335412574E-002
   30.00000     -1.356700906225907E-002
   31.00000     -1.226762156268597E-002
   32.00000     -1.107774037644792E-002
   33.00000     -9.987976801847407E-003
   34.00000     -8.989740303650420E-003
   35.00000     -8.075182980057757E-003
   36.00000     -7.237144096850323E-003
   37.00000     -6.469096033002396E-003
   38.00000     -5.765092513466272E-003
   39.00000     -5.119719666505529E-003
   40.00000     -4.528050200909822E-003
   41.00000     -3.985600827514385E-003
   42.00000     -3.488292790361152E-003
   43.00000     -3.032416418066384E-003
   44.00000     -2.614596616690539E-003
   45.00000     -2.231764070198580E-003
   46.00000     -1.881127054712754E-003
   47.00000     -1.560146644104388E-003
   48.00000     -1.266514151138080E-003
   49.00000     -9.981307848578489E-004
   50.00000     -7.530893820309461E-004
   51.00000     -5.296580950964592E-004
   52.00000     -3.262659526127717E-004
   53.00000     -1.414902551145303E-004
