  0.0000000E+00 -0.100109767413859     
   1.000000     -9.838365682942703E-002
   2.000000     -9.703432605735869E-002
   3.000000     -9.511329637970800E-002
   4.000000     -9.091473433650971E-002
   5.000000     -9.076376580731074E-002
   6.000000     -8.583926545848197E-002
   7.000000     -8.041848335720175E-002
   8.000000     -7.777687324943483E-002
   9.000000     -7.487080820619679E-002
   10.00000     -6.937002799295688E-002
   11.00000     -6.402973561617939E-002
   12.00000     -5.892216331879457E-002
   13.00000     -5.521950542324723E-002
   14.00000     -5.409002770478750E-002
   15.00000     -4.955553207164048E-002
   16.00000     -4.532635961752492E-002
   17.00000     -4.140049862936879E-002
   18.00000     -3.776940146492633E-002
   19.00000     -3.442034862767000E-002
   20.00000     -3.133812341635394E-002
   21.00000     -2.850619591666551E-002
   22.00000     -2.590755032932170E-002
   23.00000     -2.352525325018863E-002
   24.00000     -2.134283439031071E-002
   25.00000     -1.934453719918157E-002
   26.00000     -1.905136203356655E-002
   27.00000     -1.751543395723450E-002
   28.00000     -1.584157933192511E-002
   29.00000     -1.430995863503598E-002
   30.00000     -1.290853133275202E-002
   31.00000     -1.162619485049923E-002
   32.00000     -1.045274510293211E-002
   33.00000     -9.378827898758720E-003
   34.00000     -8.395885518399929E-003
   35.00000     -7.496101356208492E-003
   36.00000     -6.672344620607327E-003
   37.00000     -5.918116438765554E-003
   38.00000     -5.227498243564378E-003
   39.00000     -4.595102982322537E-003
   40.00000     -4.016029444921292E-003
   41.00000     -3.485819838416594E-003
   42.00000     -3.000420617316614E-003
   43.00000     -2.556146499641188E-003
   44.00000     -2.149647548503846E-003
   45.00000     -1.777879169849519E-003
   46.00000     -1.438074863860823E-003
   47.00000     -1.127721566833002E-003
   48.00000     -8.445374299281390E-004
   49.00000     -5.864519005313446E-004
   50.00000     -3.515880020625039E-004
   51.00000     -1.382467526417461E-004
