  0.0000000E+00 -0.112319109106707     
   1.000000     -0.110467418545304     
   2.000000     -0.109431953642632     
   3.000000     -0.106490640446844     
   4.000000     -0.104032513708149     
   5.000000     -0.101807575756253     
   6.000000     -9.638008980729525E-002
   7.000000     -9.156682841822522E-002
   8.000000     -9.058809086256642E-002
   9.000000     -8.469021935926331E-002
   10.00000     -7.885673319712846E-002
   11.00000     -7.320048073912667E-002
   12.00000     -6.959618969394457E-002
   13.00000     -6.779245513228671E-002
   14.00000     -6.267448287138855E-002
   15.00000     -5.786765836566243E-002
   16.00000     -5.337889795313121E-002
   17.00000     -4.920538162924775E-002
   18.00000     -4.533783088977320E-002
   19.00000     -4.176285063811195E-002
   20.00000     -3.846459813972550E-002
   21.00000     -3.542596350779168E-002
   22.00000     -3.405209759245231E-002
   23.00000     -3.262938081723174E-002
   24.00000     -3.005742856496880E-002
   25.00000     -2.769315751522598E-002
   26.00000     -2.552036786354808E-002
   27.00000     -2.352374329405001E-002
   28.00000     -2.168892872659730E-002
   29.00000     -2.000255892959403E-002
   30.00000     -1.845225383718260E-002
   31.00000     -1.702659153003883E-002
   32.00000     -1.571506678965851E-002
   33.00000     -1.450804091486355E-002
   34.00000     -1.339668685691504E-002
   35.00000     -1.237293253005961E-002
   36.00000     -1.142940427462854E-002
   37.00000     -1.055937180688844E-002
   38.00000     -9.756695522272350E-003
   39.00000     -9.015776680861894E-003
   40.00000     -8.331510762244500E-003
   41.00000     -7.699244105995051E-003
   42.00000     -7.114733835342110E-003
   43.00000     -6.574110981172076E-003
   44.00000     -6.073846671046043E-003
   45.00000     -5.610721215675946E-003
   46.00000     -5.181795907609477E-003
   47.00000     -4.784387339484866E-003
   48.00000     -4.416044049008854E-003
   49.00000     -4.074525302485089E-003
   50.00000     -3.757781836594470E-003
   51.00000     -3.463938387977585E-003
   52.00000     -3.191277851113971E-003
   53.00000     -2.938226916406736E-003
   54.00000     -2.703343051825048E-003
   55.00000     -2.485302702633027E-003
   56.00000     -2.282890594449414E-003
   57.00000     -2.094990035007113E-003
   58.00000     -1.920574006901642E-003
   59.00000     -1.758697752863166E-003
   60.00000     -1.608490411593503E-003
   61.00000     -1.469149572841183E-003
   62.00000     -1.339934748180019E-003
   63.00000     -1.220162063338219E-003
   64.00000     -1.109199331939102E-003
   65.00000     -1.006461576058853E-003
   66.00000     -9.114069510502628E-004
   67.00000     -8.235330362376095E-004
   68.00000     -7.423734568384505E-004
   69.00000     -6.674948058492941E-004
   70.00000     -5.984938376792596E-004
   71.00000     -5.349949080610197E-004
   72.00000     -4.766476372408497E-004
   73.00000     -4.231247756773330E-004
   74.00000     -3.741202534858426E-004
   75.00000     -3.293473966769581E-004
   76.00000     -2.885372948731416E-004
   77.00000     -2.514373066689866E-004
   78.00000     -2.178096901469131E-004
   79.00000     -1.874303472912614E-004
   80.00000     -1.600876721818599E-004
   81.00000     -1.355814939181701E-004
   82.00000     -1.137221062606521E-004
   83.00000     -9.432937702600698E-005
   84.00000     -7.723193141454393E-005
   85.00000     -6.226640481675643E-005
   86.00000     -4.927676249175444E-005
   87.00000     -3.811368632889760E-005
   88.00000     -2.863403374139776E-005
   89.00000     -2.070038297702294E-005
   90.00000     -1.418069866486927E-005
   91.00000     -8.948197568029756E-006
   92.00000     -4.881619462599043E-006
   93.00000     -1.866517008300924E-006
