  0.0000000E+00 -0.108827866681826     
   1.000000     -0.106993361460581     
   2.000000     -0.105920718017824     
   3.000000     -0.103244871076680     
   4.000000     -0.100258251998608     
   5.000000     -9.868564594384133E-002
   6.000000     -9.337124034276621E-002
   7.000000     -8.769120030447705E-002
   8.000000     -8.762442725075699E-002
   9.000000     -8.188724801989557E-002
   10.00000     -7.614871990885258E-002
   11.00000     -7.058265198289931E-002
   12.00000     -6.549247177659816E-002
   13.00000     -6.526023077134695E-002
   14.00000     -6.022401108966053E-002
   15.00000     -5.549491518271608E-002
   16.00000     -5.108025051913309E-002
   17.00000     -4.697742331838503E-002
   18.00000     -4.317736336928386E-002
   19.00000     -3.966686818980465E-002
   20.00000     -3.643027345701574E-002
   21.00000     -3.345063375153177E-002
   22.00000     -3.071054873918910E-002
   23.00000     -2.977008262329122E-002
   24.00000     -2.819271388236222E-002
   25.00000     -2.588033857516552E-002
   26.00000     -2.375733836398050E-002
   27.00000     -2.180851425837757E-002
   28.00000     -2.001962043223010E-002
   29.00000     -1.837739400014196E-002
   30.00000     -1.686955093864130E-002
   31.00000     -1.548475958533687E-002
   32.00000     -1.421259966106937E-002
   33.00000     -1.304351251278436E-002
   34.00000     -1.196874663847026E-002
   35.00000     -1.098030135476388E-002
   36.00000     -1.007087058754026E-002
   37.00000     -9.233788122484855E-003
   38.00000     -8.462975184763091E-003
   39.00000     -7.752890878885976E-003
   40.00000     -7.098485777903205E-003
   41.00000     -6.495158779993709E-003
   42.00000     -5.938717231680955E-003
   43.00000     -5.425340236358329E-003
   44.00000     -4.951545014230223E-003
   45.00000     -4.514156147458724E-003
   46.00000     -4.110277526548516E-003
   47.00000     -3.737266726573203E-003
   48.00000     -3.392712181623195E-003
   49.00000     -3.074411290515717E-003
   50.00000     -2.780352074745889E-003
   51.00000     -2.508695419517946E-003
   52.00000     -2.257759419766843E-003
   53.00000     -2.026005124607235E-003
   54.00000     -1.812023625281299E-003
   55.00000     -1.614524363104845E-003
   56.00000     -1.432324544972578E-003
   57.00000     -1.264339564579294E-003
   58.00000     -1.109574337636342E-003
   59.00000     -9.671154690447174E-004
   60.00000     -8.361241793396108E-004
   61.00000     -7.158299269230673E-004
   62.00000     -6.055246719383630E-004
   63.00000     -5.045577375564383E-004
   64.00000     -4.123312356512792E-004
   65.00000     -3.282960375096649E-004
   66.00000     -2.519482883623091E-004
   67.00000     -1.828264907493743E-004
   68.00000     -1.205092228450036E-004
   69.00000     -6.461362741221428E-005
   70.00000     -1.479493382216679E-005
