  0.0000000E+00 -0.110111084849681     
   1.000000     -0.108268012046770     
   2.000000     -0.107214965738080     
   3.000000     -0.104438482921871     
   4.000000     -0.101646097096708     
   5.000000     -9.983370137752300E-002
   6.000000     -9.447763321304850E-002
   7.000000     -8.907872672561422E-002
   8.000000     -8.875179058429518E-002
   9.000000     -8.291793309193134E-002
   10.00000     -7.714448685839116E-002
   11.00000     -7.154525626576248E-002
   12.00000     -6.700138819482925E-002
   13.00000     -6.619142463522862E-002
   14.00000     -6.112507603197526E-002
   15.00000     -5.636739802020040E-002
   16.00000     -5.192548712850271E-002
   17.00000     -4.779666631267713E-002
   18.00000     -4.397178874690023E-002
   19.00000     -4.043758110181083E-002
   20.00000     -3.717831341582050E-002
   21.00000     -3.417697947364579E-002
   22.00000     -3.141616925527915E-002
   23.00000     -3.134457746675129E-002
   24.00000     -2.887838381049609E-002
   25.00000     -2.654692430988569E-002
   26.00000     -2.440561440238165E-002
   27.00000     -2.243921171475130E-002
   28.00000     -2.063343018897574E-002
   29.00000     -1.897496925253142E-002
   30.00000     -1.745150950742815E-002
   31.00000     -1.605168603658270E-002
   32.00000     -1.476504725270753E-002
   33.00000     -1.358200498330322E-002
   34.00000     -1.249377985111868E-002
   35.00000     -1.149234480924686E-002
   36.00000     -1.057036880997825E-002
   37.00000     -9.721161943367302E-003
   38.00000     -8.938622913697795E-003
   39.00000     -8.217189384113543E-003
   40.00000     -7.551791477788009E-003
   41.00000     -6.937808553012879E-003
   42.00000     -6.371029250791662E-003
   43.00000     -5.847614733028004E-003
   44.00000     -5.364064976845963E-003
   45.00000     -4.917187958286637E-003
   46.00000     -4.504071540878379E-003
   47.00000     -4.122057877146659E-003
   48.00000     -3.768720130890565E-003
   49.00000     -3.441841332705149E-003
   50.00000     -3.139395189087566E-003
   51.00000     -2.859528675312037E-003
   52.00000     -2.600546253207753E-003
   53.00000     -2.360895566404442E-003
   54.00000     -2.139154477084671E-003
   55.00000     -1.934019319503689E-003
   56.00000     -1.744294256316366E-003
   57.00000     -1.568881633967721E-003
   58.00000     -1.406773242999965E-003
   59.00000     -1.257042398085917E-003
   60.00000     -1.118836760927666E-003
   61.00000     -9.913718369005382E-004
   62.00000     -8.739250835325737E-004
   63.00000     -7.658305756749355E-004
   64.00000     -6.664741786477756E-004
   65.00000     -5.752891868900959E-004
   66.00000     -4.917523919111274E-004
   67.00000     -4.153805499471629E-004
   68.00000     -3.457272271498191E-004
   69.00000     -2.823800091523317E-004
   70.00000     -2.249580738090375E-004
   71.00000     -1.731101431590684E-004
   72.00000     -1.265128576984875E-004
   73.00000     -8.486966173950301E-005
   74.00000     -4.791037181072265E-005
   75.00000     -1.539176376771056E-005
