  0.0000000E+00 -1.997571369329949E-002
   1.000000     -1.909137470193758E-002
   2.000000     -1.823044137856516E-002
   3.000000     -1.739268832769500E-002
   4.000000     -1.657788830135282E-002
   5.000000     -1.578581217466050E-002
   6.000000     -1.501622892161845E-002
   7.000000     -1.426890559115870E-002
   8.000000     -1.354360728357778E-002
   9.000000     -1.284009712748050E-002
   10.00000     -1.215813625736319E-002
   11.00000     -1.149748379200862E-002
   12.00000     -1.085789681389674E-002
   13.00000     -1.023913034983650E-002
   14.00000     -9.640937353100376E-003
   15.00000     -9.063068687382353E-003
   16.00000     -8.505273112923791E-003
   17.00000     -7.967297275279573E-003
   18.00000     -7.448885697223407E-003
   19.00000     -6.949780774432498E-003
   20.00000     -6.469722775696858E-003
   21.00000     -6.008449848563240E-003
   22.00000     -5.565698031519082E-003
   23.00000     -5.141201274049753E-003
   24.00000     -4.734691466237486E-003
   25.00000     -4.345898479929462E-003
   26.00000     -3.974550224035816E-003
   27.00000     -3.620372717137527E-003
   28.00000     -3.283090181475901E-003
   29.00000     -2.962425163490958E-003
   30.00000     -2.658098687604987E-003
   31.00000     -2.369830452006070E-003
   32.00000     -2.097339077986821E-003
   33.00000     -1.840342428358762E-003
   34.00000     -1.598558016032635E-003
   35.00000     -1.371703531953017E-003
   36.00000     -1.159497533515335E-003
   37.00000     -9.616603526341122E-004
   38.00000     -7.779153106410265E-004
   39.00000     -6.079903719827106E-004
   40.00000     -4.516204429126794E-004
   41.00000     -3.085506494928346E-004
   42.00000     -1.785411615465871E-004
   43.00000     -6.137457626754957E-005
