  0.0000000E+00 -1.732998711429623E-002
   1.000000     -1.647354218441361E-002
   2.000000     -1.564077140239235E-002
   3.000000     -1.483145577556195E-002
   4.000000     -1.404537474640823E-002
   5.000000     -1.328230619042331E-002
   6.000000     -1.254202641667058E-002
   7.000000     -1.182431017154090E-002
   8.000000     -1.112893064622634E-002
   9.000000     -1.045565948857374E-002
   10.00000     -9.804266820060295E-003
   11.00000     -9.174521258806186E-003
   12.00000     -8.566189949697533E-003
   13.00000     -7.979038602914231E-003
   14.00000     -7.412831542418769E-003
   15.00000     -6.867331766305959E-003
   16.00000     -6.342301021301247E-003
   17.00000     -5.837499894249590E-003
   18.00000     -5.352687924072216E-003
   19.00000     -4.887623738539410E-003
   20.00000     -4.442065221298394E-003
   21.00000     -4.015769716033545E-003
   22.00000     -3.608494276549540E-003
   23.00000     -3.219995974078602E-003
   24.00000     -2.850032276577869E-003
   25.00000     -2.498361519454238E-003
   26.00000     -2.164743493732508E-003
   27.00000     -1.848940186930357E-003
   28.00000     -1.550716725285049E-003
   29.00000     -1.269842585643534E-003
   30.00000     -1.006093174985640E-003
   31.00000     -7.592519214181322E-004
   32.00000     -5.291130936746461E-004
   33.00000     -3.154856870490544E-004
   34.00000     -1.181989219110072E-004
