  0.0000000E+00 -2.704413619412088E-002
   1.000000     -2.546204239994292E-002
   2.000000     -2.393939114398812E-002
   3.000000     -2.247529081815558E-002
   4.000000     -2.106883823123303E-002
   5.000000     -1.971911833624447E-002
   6.000000     -1.842520395227432E-002
   7.000000     -1.718615548097104E-002
   8.000000     -1.600102061798440E-002
   9.000000     -1.486883405969644E-002
   10.00000     -1.378861720562321E-002
   11.00000     -1.275937785699849E-002
   12.00000     -1.178010991211013E-002
   13.00000     -1.084979305907674E-002
   14.00000     -9.967392466895337E-003
   15.00000     -9.131858475656561E-003
   16.00000     -8.342126287090478E-003
   17.00000     -7.597115656648126E-003
   18.00000     -6.895730588637169E-003
   19.00000     -6.236859036065230E-003
   20.00000     -5.619372607163344E-003
   21.00000     -5.042126280794768E-003
   22.00000     -4.503958133351486E-003
   23.00000     -4.003689080085078E-003
   24.00000     -3.540122634315014E-003
   25.00000     -3.112044688513874E-003
   26.00000     -2.718223321974758E-003
   27.00000     -2.357408640641243E-003
   28.00000     -2.028332655873860E-003
   29.00000     -1.729709210498115E-003
   30.00000     -1.460233962754864E-003
   31.00000     -1.218584442118005E-003
   32.00000     -1.003420196119245E-003
   33.00000     -8.133830556954003E-004
   34.00000     -6.470975607569796E-004
   35.00000     -5.031716129644163E-004
   36.00000     -3.801974702744765E-004
   37.00000     -2.767532932602248E-004
   38.00000     -1.914056596559329E-004
   39.00000     -1.227139548671926E-004
   40.00000     -6.923887247490766E-005
   41.00000     -2.956154489113703E-005
   42.00000     -2.338364322805305E-006
