  0.0000000E+00 -2.672152378336353E-002
   1.000000     -2.514424474440343E-002
   2.000000     -2.362646641120103E-002
   3.000000     -2.216729853191471E-002
   4.000000     -2.076583930990145E-002
   5.000000     -1.942117513215764E-002
   6.000000     -1.813238029226732E-002
   7.000000     -1.689851670809988E-002
   8.000000     -1.571863363453989E-002
   9.000000     -1.459176737158355E-002
   10.00000     -1.351694096826624E-002
   11.00000     -1.249316392293166E-002
   12.00000     -1.151943188047388E-002
   13.00000     -1.059472632732466E-002
   14.00000     -9.718014285070993E-003
   15.00000     -8.888248003760169E-003
   16.00000     -8.104364656154269E-003
   17.00000     -7.365286034394496E-003
   18.00000     -6.669918250811147E-003
   19.00000     -6.017151444927380E-003
   20.00000     -5.405859499056401E-003
   21.00000     -4.834899765383112E-003
   22.00000     -4.303112807944626E-003
   23.00000     -3.809322163667653E-003
   24.00000     -3.352334127512326E-003
   25.00000     -2.930937568016808E-003
   26.00000     -2.543903781146503E-003
   27.00000     -2.189986392704219E-003
   28.00000     -1.867921322840691E-003
   29.00000     -1.576426831202945E-003
   30.00000     -1.314203668857179E-003
   31.00000     -1.079935375360967E-003
   32.00000     -8.722887796295562E-004
   33.00000     -6.899147984329659E-004
   34.00000     -5.314496904391824E-004
   35.00000     -3.955170471840851E-004
   36.00000     -2.807310569707936E-004
   37.00000     -1.857021491696565E-004
   38.00000     -1.090475582514791E-004
   39.00000     -4.941352422043112E-005
   40.00000     -5.531207044130068E-006
