  0.0000000E+00 -7.046096732034025E-002
   1.000000     -6.989564319033482E-002
   2.000000     -6.933315988960995E-002
   3.000000     -6.877351190924129E-002
   4.000000     -6.821669373092897E-002
   5.000000     -6.766269982697257E-002
   6.000000     -6.711152466021307E-002
   7.000000     -6.656316268393399E-002
   8.000000     -6.601760834490102E-002
   9.000000     -6.547485606028017E-002
   10.00000     -6.493490025976886E-002
   11.00000     -6.439773597868688E-002
   12.00000     -6.386335389241127E-002
   13.00000     -6.333175500352568E-002
   14.00000     -6.280297515672822E-002
   15.00000     -6.227673418076511E-002
   16.00000     -6.175364640339272E-002
   17.00000     -6.123451615619897E-002
   18.00000     -6.071154975343961E-002
   19.00000     -6.020401893179740E-002
   20.00000     -5.970878195521959E-002
   21.00000     -5.914030427954053E-002
   22.00000     -5.872173613451220E-002
   23.00000     -5.824779155292945E-002
   24.00000     -5.751185566070226E-002
   25.00000     -5.719681756349757E-002
   26.00000     -5.666701521195043E-002
   27.00000     -5.582022910411893E-002
   28.00000     -5.523540934717803E-002
   29.00000     -5.494282424860519E-002
   30.00000     -5.405348477802780E-002
   31.00000     -5.315131679159996E-002
   32.00000     -5.283973549614220E-002
   33.00000     -5.224002839354772E-002
   34.00000     -5.132430335968489E-002
   35.00000     -5.040581010659517E-002
   36.00000     -5.003034493563901E-002
   37.00000     -4.948640703591336E-002
   38.00000     -4.856837949295340E-002
   39.00000     -4.765305767669963E-002
   40.00000     -4.678607223996009E-002
   41.00000     -4.674148336167639E-002
   42.00000     -4.583592694974001E-002
   43.00000     -4.493646644303188E-002
   44.00000     -4.404436219859127E-002
   45.00000     -4.316051791106654E-002
   46.00000     -4.307494612169113E-002
   47.00000     -4.228544098433041E-002
   48.00000     -4.142002276942518E-002
   49.00000     -4.056472919525972E-002
   50.00000     -3.972004940204071E-002
   51.00000     -3.888651909492188E-002
   52.00000     -3.886026672582807E-002
   53.00000     -3.806413219920988E-002
   54.00000     -3.725356795098528E-002
   55.00000     -3.645494886999115E-002
   56.00000     -3.566848391435373E-002
   57.00000     -3.489434043696482E-002
   58.00000     -3.413269127977393E-002
   59.00000     -3.409844150111902E-002
   60.00000     -3.338349334838134E-002
   61.00000     -3.264695645554285E-002
   62.00000     -3.192306631226898E-002
   63.00000     -3.121183539295178E-002
   64.00000     -3.051325301516280E-002
   65.00000     -2.982728802001586E-002
   66.00000     -2.915389145928266E-002
   67.00000     -2.874086300336297E-002
   68.00000     -2.849298964941130E-002
   69.00000     -2.784451552575711E-002
   70.00000     -2.720836505475389E-002
   71.00000     -2.658443374806304E-002
   72.00000     -2.597260498309251E-002
   73.00000     -2.537275272119290E-002
   74.00000     -2.478474270928168E-002
   75.00000     -2.420843352066417E-002
   76.00000     -2.364367752293078E-002
   77.00000     -2.309032205137091E-002
   78.00000     -2.273393303403286E-002
   79.00000     -2.254820496526928E-002
   80.00000     -2.201717344665886E-002
   81.00000     -2.149705646365197E-002
   82.00000     -2.098768774150508E-002
   83.00000     -2.048889778264434E-002
   84.00000     -2.000051540648968E-002
   85.00000     -1.952236825709817E-002
   86.00000     -1.905428322357085E-002
   87.00000     -1.859608681539410E-002
   88.00000     -1.814760550137877E-002
   89.00000     -1.770866601651741E-002
   90.00000     -1.727909564078462E-002
   91.00000     -1.685872245787749E-002
   92.00000     -1.644737564316061E-002
   93.00000     -1.604489156825992E-002
   94.00000     -1.601878035408489E-002
   95.00000     -1.565108197580517E-002
   96.00000     -1.526580140710702E-002
   97.00000     -1.488887706903691E-002
   98.00000     -1.452014585591203E-002
   99.00000     -1.415944649249575E-002
   100.0000     -1.380661971912360E-002
   101.0000     -1.346150838785504E-002
   102.0000     -1.312395753795675E-002
   103.0000     -1.279381445872348E-002
   104.0000     -1.247092874191274E-002
   105.0000     -1.215515232498477E-002
   106.0000     -1.184633952604694E-002
   107.0000     -1.154434707125727E-002
   108.0000     -1.124903411536086E-002
   109.0000     -1.096026225598535E-002
   110.0000     -1.067789554225474E-002
   111.0000     -1.040180047825786E-002
   112.0000     -1.013184602186330E-002
   113.0000     -9.867903579369562E-003
   114.0000     -9.609846996523409E-003
   115.0000     -9.357552546698759E-003
   116.0000     -9.110898918367012E-003
   117.0000     -8.869767213830445E-003
   118.0000     -8.634041180645429E-003
   119.0000     -8.530840102607599E-003
   120.0000     -8.403604709373630E-003
   121.0000     -8.178348894150511E-003
   122.0000     -7.958162450919312E-003
   123.0000     -7.742938260212167E-003
   124.0000     -7.532571252309104E-003
   125.0000     -7.326958543034818E-003
   126.0000     -7.125999415669318E-003
   127.0000     -6.929595290777376E-003
   128.0000     -6.737649693280985E-003
   129.0000     -6.550068218398255E-003
   130.0000     -6.366758496925402E-003
   131.0000     -6.187630160081682E-003
   132.0000     -6.012594804049481E-003
   133.0000     -5.841565954318969E-003
   134.0000     -5.674459029920522E-003
   135.0000     -5.511191307626102E-003
   136.0000     -5.351681886182831E-003
   137.0000     -5.195851650644968E-003
   138.0000     -5.043623236854056E-003
   139.0000     -4.894920996120112E-003
   140.0000     -4.749670960148290E-003
   141.0000     -4.607800806247395E-003
   142.0000     -4.469239822860196E-003
   143.0000     -4.333918875444240E-003
   144.0000     -4.201770372733131E-003
   145.0000     -4.072728233401391E-003
   146.0000     -3.946727853157797E-003
   147.0000     -3.823706072282337E-003
   148.0000     -3.703601143628116E-003
   149.0000     -3.586352701098240E-003
   150.0000     -3.471901728614033E-003
   151.0000     -3.360190529580755E-003
   152.0000     -3.251162696862568E-003
   153.0000     -3.144763083273308E-003
   154.0000     -3.040937772586279E-003
   155.0000     -2.939634051069552E-003
   156.0000     -2.840800379549657E-003
   157.0000     -2.744386366002686E-003
   158.0000     -2.650342738677805E-003
   159.0000     -2.558621319749165E-003
   160.0000     -2.469174999497987E-003
   161.0000     -2.381957711021956E-003
   162.0000     -2.296924405470430E-003
   163.0000     -2.214031027801564E-003
   164.0000     -2.133234493059102E-003
   165.0000     -2.054492663165014E-003
   166.0000     -1.977764324223643E-003
   167.0000     -1.903009164332632E-003
   168.0000     -1.830187751897526E-003
   169.0000     -1.759261514443753E-003
   170.0000     -1.690192717922043E-003
   171.0000     -1.622944446502186E-003
   172.0000     -1.557480582850137E-003
   173.0000     -1.493765788883886E-003
   174.0000     -1.431765487003151E-003
   175.0000     -1.371445841789092E-003
   176.0000     -1.312773742167217E-003
   177.0000     -1.255716784034258E-003
   178.0000     -1.200243253339593E-003
   179.0000     -1.146322109622834E-003
   180.0000     -1.093922970002052E-003
   181.0000     -1.043016093611497E-003
   182.0000     -9.935723664878237E-004
   183.0000     -9.455632869032878E-004
   184.0000     -8.989609511478596E-004
   185.0000     -8.537380397597525E-004
   186.0000     -8.098678042096004E-004
   187.0000     -7.673240540409736E-004
   188.0000     -7.260811444738159E-004
   189.0000     -6.861139644795624E-004
   190.0000     -6.473979253377776E-004
   191.0000     -6.099089496886482E-004
   192.0000     -5.736234610968659E-004
   193.0000     -5.385183741494885E-004
   194.0000     -5.045710851115372E-004
   195.0000     -4.717594631724230E-004
   196.0000     -4.400618423211745E-004
   197.0000     -4.094570138987137E-004
   198.0000     -3.799242198893948E-004
   199.0000     -3.514431470325306E-004
   200.0000     -3.239939218742035E-004
   201.0000     -2.975571069720621E-004
   202.0000     -2.721136987823213E-004
   203.0000     -2.476451293440840E-004
   204.0000     -2.241332882391429E-004
   205.0000     -2.015619111846786E-004
   206.0000     -1.993977905045917E-004
   207.0000     -1.799087423674065E-004
   208.0000     -1.591624339415682E-004
   209.0000     -1.393045192824309E-004
   210.0000     -1.203191215574594E-004
   211.0000     -1.021907974041318E-004
   212.0000     -8.490459373823715E-005
   213.0000     -6.844607956805229E-005
   214.0000     -5.280138232271306E-005
   215.0000     -3.795723387728957E-005
   216.0000     -2.390103009592973E-005
   217.0000     -1.062090867120501E-005
