  0.0000000E+00 -7.203600959659355E-002
   1.000000     -7.146756810885732E-002
   2.000000     -7.090196248513136E-002
   3.000000     -7.033918720133113E-002
   4.000000     -6.977923672394169E-002
   5.000000     -6.922210550999423E-002
   6.000000     -6.866778800697951E-002
   7.000000     -6.811627865309382E-002
   8.000000     -6.756757187861671E-002
   9.000000     -6.702166207695404E-002
   10.00000     -6.647854377625742E-002
   11.00000     -6.593821151916066E-002
   12.00000     -6.540065563436767E-002
   13.00000     -6.486589022157654E-002
   14.00000     -6.433389268946646E-002
   15.00000     -6.380444433893094E-002
   16.00000     -6.327867058176012E-002
   17.00000     -6.275483573830952E-002
   18.00000     -6.222930720428528E-002
   19.00000     -6.172747602653830E-002
   20.00000     -6.120421958412577E-002
   21.00000     -6.064949429151705E-002
   22.00000     -6.027871891051220E-002
   23.00000     -5.967254381800744E-002
   24.00000     -5.898072093945592E-002
   25.00000     -5.882078299470233E-002
   26.00000     -5.803648772867306E-002
   27.00000     -5.717449479870983E-002
   28.00000     -5.697504479799297E-002
   29.00000     -5.628133719609801E-002
   30.00000     -5.537783140993033E-002
   31.00000     -5.460748551928431E-002
   32.00000     -5.446146158670481E-002
   33.00000     -5.353937159603953E-002
   34.00000     -5.261163920930426E-002
   35.00000     -5.181800099059625E-002
   36.00000     -5.168100186109621E-002
   37.00000     -5.075058139975740E-002
   38.00000     -4.982127211078752E-002
   39.00000     -4.889491039123235E-002
   40.00000     -4.859310723873832E-002
   41.00000     -4.797271954070765E-002
   42.00000     -4.705612874478933E-002
   43.00000     -4.614609727093349E-002
   44.00000     -4.524358660456701E-002
   45.00000     -4.490230384437262E-002
   46.00000     -4.434936353417027E-002
   47.00000     -4.346424825589506E-002
   48.00000     -4.258882979830775E-002
   49.00000     -4.172366985930751E-002
   50.00000     -4.086926686467528E-002
   51.00000     -4.070755851898047E-002
   52.00000     -4.002597534563428E-002
   53.00000     -3.919422456301627E-002
   54.00000     -3.837428340960493E-002
   55.00000     -3.756640403216666E-002
   56.00000     -3.677079249416837E-002
   57.00000     -3.598768837427146E-002
   58.00000     -3.596561581249315E-002
   59.00000     -3.521698421397856E-002
   60.00000     -3.445901454943980E-002
   61.00000     -3.371375858068811E-002
   62.00000     -3.298125188525619E-002
   63.00000     -3.226150452840625E-002
   64.00000     -3.155450398892255E-002
   65.00000     -3.086021932767003E-002
   66.00000     -3.062827469432165E-002
   67.00000     -3.017858797414963E-002
   68.00000     -2.950955744009802E-002
   69.00000     -2.885303706425485E-002
   70.00000     -2.820893148877816E-002
   71.00000     -2.757713293999585E-002
   72.00000     -2.695752309650976E-002
   73.00000     -2.634997435806290E-002
   74.00000     -2.575435098656617E-002
   75.00000     -2.517051028070035E-002
   76.00000     -2.464180292567164E-002
   77.00000     -2.459829152020652E-002
   78.00000     -2.403757162901769E-002
   79.00000     -2.348816240892225E-002
   80.00000     -2.294990963300390E-002
   81.00000     -2.242264728431508E-002
   82.00000     -2.190620659110407E-002
   83.00000     -2.140041667586236E-002
   84.00000     -2.090510506597730E-002
   85.00000     -2.042009814816709E-002
   86.00000     -1.994522157967631E-002
   87.00000     -1.948030066205320E-002
   88.00000     -1.902516030244427E-002
   89.00000     -1.857962725516971E-002
   90.00000     -1.814352699089001E-002
   91.00000     -1.794736052151708E-002
   92.00000     -1.771668365378944E-002
   93.00000     -1.729893023810898E-002
   94.00000     -1.689009304772103E-002
   95.00000     -1.649000305541908E-002
   96.00000     -1.609849247762251E-002
   97.00000     -1.571539521195447E-002
   98.00000     -1.534054698738569E-002
   99.00000     -1.497378547975961E-002
   100.0000     -1.461495040992276E-002
   101.0000     -1.426388362818447E-002
   102.0000     -1.392042918678413E-002
   103.0000     -1.358443340153376E-002
   104.0000     -1.325574490360525E-002
   105.0000     -1.293421468232887E-002
   106.0000     -1.261969611979044E-002
   107.0000     -1.231204501796515E-002
   108.0000     -1.201111961909112E-002
   109.0000     -1.171678062002039E-002
   110.0000     -1.142889118153530E-002
   111.0000     -1.114731693496152E-002
   112.0000     -1.087192599830344E-002
   113.0000     -1.060258921792383E-002
   114.0000     -1.048041666645953E-002
   115.0000     -1.033917765174975E-002
   116.0000     -1.008156982397801E-002
   117.0000     -9.829641801716887E-003
   118.0000     -9.583274065655047E-003
   119.0000     -9.342349270935628E-003
   120.0000     -9.106752408085922E-003
   121.0000     -8.876370792594464E-003
   122.0000     -8.651094040633488E-003
   123.0000     -8.430814041065306E-003
   124.0000     -8.215424925524094E-003
   125.0000     -8.004823037143248E-003
   126.0000     -7.798906898204581E-003
   127.0000     -7.597577176906123E-003
   128.0000     -7.400736653402518E-003
   129.0000     -7.208290185251764E-003
   130.0000     -7.020144672386611E-003
   131.0000     -6.836209021720746E-003
   132.0000     -6.656394111484408E-003
   133.0000     -6.480612755379561E-003
   134.0000     -6.308779666633443E-003
   135.0000     -6.140811422024856E-003
   136.0000     -5.976626425948210E-003
   137.0000     -5.816144874576424E-003
   138.0000     -5.659288720175300E-003
   139.0000     -5.505981635619165E-003
   140.0000     -5.356148979151137E-003
   141.0000     -5.209717759429119E-003
   142.0000     -5.066616600888717E-003
   143.0000     -4.926775709460847E-003
   144.0000     -4.790126838664687E-003
   145.0000     -4.656603256106028E-003
   146.0000     -4.526139710400569E-003
   147.0000     -4.398672398541534E-003
   148.0000     -4.274138933725918E-003
   149.0000     -4.152478313657718E-003
   150.0000     -4.033630889335146E-003
   151.0000     -3.917538334335117E-003
   152.0000     -3.804143614602214E-003
   153.0000     -3.693390958747696E-003
   154.0000     -3.585225828864730E-003
   155.0000     -3.479594891862794E-003
   156.0000     -3.376445991325206E-003
   157.0000     -3.275728119888161E-003
   158.0000     -3.177391392144169E-003
   159.0000     -3.081387018069880E-003
   160.0000     -2.987667276975378E-003
   161.0000     -2.896185491976840E-003
   162.0000     -2.806896004990194E-003
   163.0000     -2.719754152253031E-003
   164.0000     -2.634716240385455E-003
   165.0000     -2.551739523034604E-003
   166.0000     -2.470782178238235E-003
   167.0000     -2.391803287034009E-003
   168.0000     -2.314762816020509E-003
   169.0000     -2.239621629524997E-003
   170.0000     -2.170291129495188E-003
   171.0000     -2.166337793069379E-003
   172.0000     -2.094883789346842E-003
   173.0000     -2.025213397795315E-003
   174.0000     -1.957293592912687E-003
   175.0000     -1.891089210146449E-003
   176.0000     -1.826565791690842E-003
   177.0000     -1.763689593906356E-003
   178.0000     -1.702427573205484E-003
   179.0000     -1.642747369479616E-003
   180.0000     -1.584617289278869E-003
   181.0000     -1.528006289192078E-003
   182.0000     -1.472883959546632E-003
   183.0000     -1.419220508459074E-003
   184.0000     -1.366986746248519E-003
   185.0000     -1.316154070211133E-003
   186.0000     -1.266694449750723E-003
   187.0000     -1.218580411860641E-003
   188.0000     -1.171785026950790E-003
   189.0000     -1.126281895011945E-003
   190.0000     -1.082045132111210E-003
   191.0000     -1.039049357211397E-003
   192.0000     -9.972696793079956E-004
   193.0000     -9.566816848764231E-004
   194.0000     -9.172614256225381E-004
   195.0000     -8.789854065318639E-004
   196.0000     -8.418305742080893E-004
   197.0000     -8.057743054972163E-004
   198.0000     -7.707943963899272E-004
   199.0000     -7.368690511964483E-004
   200.0000     -7.039768719883801E-004
   201.0000     -6.720968483014337E-004
   202.0000     -6.412083470943106E-004
   203.0000     -6.112911029580433E-004
   204.0000     -5.823252085708549E-004
   205.0000     -5.542911053941119E-004
   206.0000     -5.271695746044149E-004
   207.0000     -5.009417282582870E-004
   208.0000     -4.755890006849290E-004
   209.0000     -4.510931401035998E-004
   210.0000     -4.274362004629080E-004
   211.0000     -4.046005334985497E-004
   212.0000     -3.825687810077019E-004
   213.0000     -3.613238673379697E-004
   214.0000     -3.408489920898197E-004
   215.0000     -3.211276230320188E-004
   216.0000     -3.021434892304050E-004
   217.0000     -2.838805743909165E-004
   218.0000     -2.663231104197472E-004
   219.0000     -2.494555712037248E-004
   220.0000     -2.332626666163985E-004
   221.0000     -2.177293367566938E-004
   222.0000     -2.028407464295356E-004
   223.0000     -1.885822798802371E-004
   224.0000     -1.749395357981613E-004
   225.0000     -1.618983226089784E-004
   226.0000     -1.494446540802075E-004
   227.0000     -1.375647452710270E-004
   228.0000     -1.262450088654835E-004
   229.0000     -1.154720519388128E-004
   230.0000     -1.052326732195276E-004
   231.0000     -9.551386092787365E-005
   232.0000     -8.630279129332751E-005
   233.0000     -7.758682788459367E-005
   234.0000     -6.935352192578872E-005
   235.0000     -6.159061382767480E-005
   236.0000     -5.428603623880800E-005
   237.0000     -4.742791902793066E-005
   238.0000     -4.100459676049452E-005
   239.0000     -3.500461945224886E-005
   240.0000     -2.941676770895504E-005
   241.0000     -2.423007385664812E-005
   242.0000     -1.943385143919013E-005
   243.0000     -1.501773670294567E-005
   244.0000     -1.097174776168443E-005
   245.0000     -7.286370743410064E-006
   246.0000     -3.952688826602229E-006
   247.0000     -9.625829376576488E-007
