  0.0000000E+00 -7.233709368752458E-002
   1.000000     -7.176805828098355E-002
   2.000000     -7.120185780290993E-002
   3.000000     -7.063848672645338E-002
   4.000000     -7.007793951532236E-002
   5.000000     -6.952021062375983E-002
   6.000000     -6.896529449646187E-002
   7.000000     -6.841318556888476E-002
   8.000000     -6.786387826807885E-002
   9.000000     -6.731736698448426E-002
   10.00000     -6.677364626399340E-002
   11.00000     -6.623271051127994E-002
   12.00000     -6.569455029950148E-002
   13.00000     -6.515918152497797E-002
   14.00000     -6.462656807117292E-002
   15.00000     -6.409652501436534E-002
   16.00000     -6.357021404431602E-002
   17.00000     -6.304541049321671E-002
   18.00000     -6.251985187716573E-002
   19.00000     -6.201825445367258E-002
   20.00000     -6.148928277110273E-002
   21.00000     -6.094294623189057E-002
   22.00000     -6.056997204660903E-002
   23.00000     -5.994347867172005E-002
   24.00000     -5.928947627439071E-002
   25.00000     -5.910214443473638E-002
   26.00000     -5.829777000243829E-002
   27.00000     -5.743497549965120E-002
   28.00000     -5.730552682296795E-002
   29.00000     -5.653684413356191E-002
   30.00000     -5.563078402904063E-002
   31.00000     -5.494450989265486E-002
   32.00000     -5.471232399805363E-002
   33.00000     -5.378754796223962E-002
   34.00000     -5.285753623053108E-002
   35.00000     -5.215925995377436E-002
   36.00000     -5.192478576549690E-002
   37.00000     -5.099205324845339E-002
   38.00000     -5.006059424276089E-002
   39.00000     -4.913214961912641E-002
   40.00000     -4.893831158178079E-002
   41.00000     -4.820785127672812E-002
   42.00000     -4.728920974153495E-002
   43.00000     -4.637716056455343E-002
   44.00000     -4.547267198777093E-002
   45.00000     -4.525133407139947E-002
   46.00000     -4.457647754966086E-002
   47.00000     -4.368942549097600E-002
   48.00000     -4.281209774731137E-002
   49.00000     -4.194505400425895E-002
   50.00000     -4.108889303435564E-002
   51.00000     -4.106030261492703E-002
   52.00000     -4.024366373316943E-002
   53.00000     -3.941009931913878E-002
   54.00000     -3.858836764285111E-002
   55.00000     -3.777871991192098E-002
   56.00000     -3.698136193887904E-002
   57.00000     -3.632238129215917E-002
   58.00000     -3.619643836331771E-002
   59.00000     -3.542412277673954E-002
   60.00000     -3.466446809034417E-002
   61.00000     -3.391754718143034E-002
   62.00000     -3.318339506020246E-002
   63.00000     -3.246202140856823E-002
   64.00000     -3.175341343253188E-002
   65.00000     -3.105754804901987E-002
   66.00000     -3.098879964131632E-002
   67.00000     -3.037433735012053E-002
   68.00000     -2.970375296567900E-002
   69.00000     -2.904569648746367E-002
   70.00000     -2.840007192417858E-002
   71.00000     -2.776677116679839E-002
   72.00000     -2.714567558888322E-002
   73.00000     -2.653665729971902E-002
   74.00000     -2.593958029747933E-002
   75.00000     -2.535430188340974E-002
   76.00000     -2.500623404614634E-002
   77.00000     -2.478066798382667E-002
   78.00000     -2.421853250713699E-002
   79.00000     -2.366773028105299E-002
   80.00000     -2.312809911922034E-002
   81.00000     -2.259947267817304E-002
   82.00000     -2.208168192476784E-002
   83.00000     -2.157455573248926E-002
   84.00000     -2.107792138596494E-002
   85.00000     -2.059160503411206E-002
   86.00000     -2.011543210118279E-002
   87.00000     -1.964922766150643E-002
   88.00000     -1.919281678801119E-002
   89.00000     -1.874602451487378E-002
   90.00000     -1.831578685112800E-002
   91.00000     -1.830864839103461E-002
   92.00000     -1.788060080789076E-002
   93.00000     -1.746162439812120E-002
   94.00000     -1.705157603306521E-002
   95.00000     -1.665028622156373E-002
   96.00000     -1.625758695576722E-002
   97.00000     -1.587331192872082E-002
   98.00000     -1.549729667085134E-002
   99.00000     -1.512937866315499E-002
   100.0000     -1.476939743468220E-002
   101.0000     -1.441719464674391E-002
   102.0000     -1.407261416524277E-002
   103.0000     -1.373550212222364E-002
   104.0000     -1.340570696759170E-002
   105.0000     -1.308307951185736E-002
   106.0000     -1.276747296070121E-002
   107.0000     -1.245874294211695E-002
   108.0000     -1.215674752690186E-002
   109.0000     -1.186134724346643E-002
   110.0000     -1.157240508901136E-002
   111.0000     -1.128978654655634E-002
   112.0000     -1.101335973861279E-002
   113.0000     -1.085282665059373E-002
   114.0000     -1.074299329874390E-002
   115.0000     -1.047856327873391E-002
   116.0000     -1.021994282430720E-002
   117.0000     -9.967009996365300E-003
   118.0000     -9.719644923648100E-003
   119.0000     -9.477730090337330E-003
   120.0000     -9.241150332076417E-003
   121.0000     -9.009792814047580E-003
   122.0000     -8.783547004624795E-003
   123.0000     -8.562304646811609E-003
   124.0000     -8.345959728109911E-003
   125.0000     -8.134408449145333E-003
   126.0000     -7.927549191253115E-003
   127.0000     -7.725282483199735E-003
   128.0000     -7.527510967185151E-003
   129.0000     -7.334139364253913E-003
   130.0000     -7.145074439237146E-003
   131.0000     -6.960224965327248E-003
   132.0000     -6.779501688385132E-003
   133.0000     -6.602817291066978E-003
   134.0000     -6.430086356852506E-003
   135.0000     -6.261225334042770E-003
   136.0000     -6.096152499800627E-003
   137.0000     -5.934787924286972E-003
   138.0000     -5.777053434951334E-003
   139.0000     -5.622872581023420E-003
   140.0000     -5.472170598250370E-003
   141.0000     -5.324874373918554E-003
   142.0000     -5.180912412195022E-003
   143.0000     -5.040214799821663E-003
   144.0000     -4.902713172186753E-003
   145.0000     -4.768340679802290E-003
   146.0000     -4.637031955204978E-003
   147.0000     -4.508723080302510E-003
   148.0000     -4.383351554181570E-003
   149.0000     -4.260856261387202E-003
   150.0000     -4.141177440692356E-003
   151.0000     -4.024256654361706E-003
   152.0000     -3.910036757921121E-003
   153.0000     -3.798461870436886E-003
   154.0000     -3.689477345314247E-003
   155.0000     -3.583029741613469E-003
   156.0000     -3.479066795890618E-003
   157.0000     -3.377537394565421E-003
   158.0000     -3.278391546816795E-003
   159.0000     -3.181580358014425E-003
   160.0000     -3.087056003696282E-003
   161.0000     -2.994771704127514E-003
   162.0000     -2.904681699538271E-003
   163.0000     -2.816741226397491E-003
   164.0000     -2.730906496360511E-003
   165.0000     -2.647134690204924E-003
   166.0000     -2.565384405437793E-003
   167.0000     -2.546768064528861E-003
   168.0000     -2.485612431493932E-003
   169.0000     -2.407781387779235E-003
   170.0000     -2.331850762882808E-003
   171.0000     -2.257782185561536E-003
   172.0000     -2.185538037840841E-003
   173.0000     -2.115081489585073E-003
   174.0000     -2.046376484989078E-003
   175.0000     -1.979387724709828E-003
   176.0000     -1.914080647464572E-003
   177.0000     -1.850421411783790E-003
   178.0000     -1.788376878087225E-003
   179.0000     -1.727914591135101E-003
   180.0000     -1.669002762866641E-003
   181.0000     -1.611610255626870E-003
   182.0000     -1.555706565778938E-003
   183.0000     -1.501261807696154E-003
   184.0000     -1.448246698126236E-003
   185.0000     -1.396632540921410E-003
   186.0000     -1.346391212127576E-003
   187.0000     -1.297495145423131E-003
   188.0000     -1.249917317902640E-003
   189.0000     -1.203631236196280E-003
   190.0000     -1.158610922918476E-003
   191.0000     -1.114830903437553E-003
   192.0000     -1.072266192961384E-003
   193.0000     -1.030892283929134E-003
   194.0000     -9.906851337040993E-004
   195.0000     -9.516211525604122E-004
   196.0000     -9.136771919561700E-004
   197.0000     -8.768305330872298E-004
   198.0000     -8.410588757142427E-004
   199.0000     -8.063403272569571E-004
   200.0000     -7.726533921497924E-004
   201.0000     -7.399769614514419E-004
   202.0000     -7.082903027034074E-004
   203.0000     -6.775730500309806E-004
   204.0000     -6.478051944810880E-004
   205.0000     -6.189670745907544E-004
   206.0000     -5.910393671811242E-004
   207.0000     -5.640030783714301E-004
   208.0000     -5.378395348070674E-004
   209.0000     -5.125303750972323E-004
   210.0000     -4.880575414565991E-004
   211.0000     -4.644032715459212E-004
   212.0000     -4.415500905069272E-004
   213.0000     -4.194808031869254E-004
   214.0000     -3.981784865481159E-004
   215.0000     -3.776264822574541E-004
   216.0000     -3.578083894526727E-004
   217.0000     -3.387080576802682E-004
   218.0000     -3.203095800015801E-004
   219.0000     -3.025972862628242E-004
   220.0000     -2.855557365259313E-004
   221.0000     -2.691697146562396E-004
   222.0000     -2.534242220638236E-004
   223.0000     -2.383044715958943E-004
   224.0000     -2.237958815768314E-004
   225.0000     -2.098840699938271E-004
   226.0000     -1.965548488255822E-004
   227.0000     -1.837942185125767E-004
   228.0000     -1.715883625672246E-004
   229.0000     -1.599236423230505E-004
   230.0000     -1.487865918225847E-004
   231.0000     -1.381639128443048E-004
   232.0000     -1.280424700698796E-004
   233.0000     -1.184092863936909E-004
   234.0000     -1.092515383784307E-004
   235.0000     -1.005565518614667E-004
   236.0000     -9.231179771919329E-005
   237.0000     -8.450488779875833E-005
   238.0000     -7.712357102971497E-005
   239.0000     -7.015572973245171E-005
   240.0000     -6.358937614536886E-005
   241.0000     -5.741264919988865E-005
   242.0000     -5.161381158171359E-005
   243.0000     -4.618124712946044E-005
   244.0000     -4.110345863882207E-005
   245.0000     -3.636906616444018E-005
   246.0000     -3.196680594516768E-005
   247.0000     -2.788553012623957E-005
   248.0000     -2.411420752160002E-005
   249.0000     -2.064192576332269E-005
   250.0000     -1.745789534238089E-005
   251.0000     -1.455145629041039E-005
   252.0000     -1.191208864677403E-005
   253.0000     -9.529428509978731E-006
   254.0000     -7.393292606748842E-006
   255.0000     -5.493716367246705E-006
   256.0000     -3.821014443301944E-006
   257.0000     -2.365880746002683E-006
   258.0000     -1.119563450087551E-006
   259.0000     -7.419719354050668E-008
