  0.0000000E+00 -7.098017804591861E-002
   1.000000     -7.041382433803957E-002
   2.000000     -6.985030980930119E-002
   3.000000     -6.928962894565326E-002
   4.000000     -6.873177622364945E-002
   5.000000     -6.817674611042540E-002
   6.000000     -6.762453306362769E-002
   7.000000     -6.707513153141847E-002
   8.000000     -6.652853595520364E-002
   9.000000     -6.598474074305573E-002
   10.00000     -6.544374035588942E-002
   11.00000     -6.490552971526752E-002
   12.00000     -6.437009910903049E-002
   13.00000     -6.383745423515842E-002
   14.00000     -6.330761499961683E-002
   15.00000     -6.278030018218929E-002
   16.00000     -6.225633822924084E-002
   17.00000     -6.173575264504554E-002
   18.00000     -6.121150562481584E-002
   19.00000     -6.070646571490787E-002
   20.00000     -6.020280570376798E-002
   21.00000     -5.963337832802692E-002
   22.00000     -5.924025897807016E-002
   23.00000     -5.871934815631910E-002
   24.00000     -5.797864322274261E-002
   25.00000     -5.775046663610883E-002
   26.00000     -5.711906168040452E-002
   27.00000     -5.626642387371425E-002
   28.00000     -5.580945995529368E-002
   29.00000     -5.538452189332633E-002
   30.00000     -5.449026363357320E-002
   31.00000     -5.358427708637765E-002
   32.00000     -5.342185986792007E-002
   33.00000     -5.266855934918888E-002
   34.00000     -5.174885823921411E-002
   35.00000     -5.082658688878247E-002
   36.00000     -5.061966512592205E-002
   37.00000     -4.990332466675463E-002
   38.00000     -4.898156962829758E-002
   39.00000     -4.806259869283339E-002
   40.00000     -4.738184577158348E-002
   41.00000     -4.714769905671185E-002
   42.00000     -4.623833266538409E-002
   43.00000     -4.533538439469988E-002
   44.00000     -4.443984490812477E-002
   45.00000     -4.367768722529715E-002
   46.00000     -4.355247666915935E-002
   47.00000     -4.267419203904387E-002
   48.00000     -4.180547480671352E-002
   49.00000     -4.094692668682149E-002
   50.00000     -4.009903555917908E-002
   51.00000     -3.946957598907336E-002
   52.00000     -3.926219313601345E-002
   53.00000     -3.843681476102839E-002
   54.00000     -3.762315742655759E-002
   55.00000     -3.682148390702458E-002
   56.00000     -3.603200195074504E-002
   57.00000     -3.525487864713252E-002
   58.00000     -3.471426919190903E-002
   59.00000     -3.449022903318150E-002
   60.00000     -3.373817624756659E-002
   61.00000     -3.299876330084153E-002
   62.00000     -3.227203104687058E-002
   63.00000     -3.155799103667058E-002
   64.00000     -3.085663193974605E-002
   65.00000     -3.016792208791222E-002
   66.00000     -2.949181584713527E-002
   67.00000     -2.936329564287536E-002
   68.00000     -2.882822785331854E-002
   69.00000     -2.817709882925029E-002
   70.00000     -2.753832428062429E-002
   71.00000     -2.691179789335901E-002
   72.00000     -2.629740245128092E-002
   73.00000     -2.569501139276228E-002
   74.00000     -2.510448996546657E-002
   75.00000     -2.452569626850506E-002
   76.00000     -2.395848229140713E-002
   77.00000     -2.340270359177014E-002
   78.00000     -2.336310363067455E-002
   79.00000     -2.285817184743292E-002
   80.00000     -2.232475743153290E-002
   81.00000     -2.180228319217972E-002
   82.00000     -2.129058142300891E-002
   83.00000     -2.078948214254242E-002
   84.00000     -2.029881373809772E-002
   85.00000     -1.981840343636204E-002
   86.00000     -1.934807771807015E-002
   87.00000     -1.888766269193812E-002
   88.00000     -1.843698443338714E-002
   89.00000     -1.799586929238748E-002
   90.00000     -1.756414417773218E-002
   91.00000     -1.714163685583802E-002
   92.00000     -1.672817789042748E-002
   93.00000     -1.665479715759437E-002
   94.00000     -1.632359000824309E-002
   95.00000     -1.592771315926787E-002
   96.00000     -1.554037662472212E-002
   97.00000     -1.516141516553502E-002
   98.00000     -1.479066523072464E-002
   99.00000     -1.442796518916939E-002
   100.0000     -1.407315544105695E-002
   101.0000     -1.372607850542496E-002
   102.0000     -1.338657909371204E-002
   103.0000     -1.305450417193376E-002
   104.0000     -1.272970301281305E-002
   105.0000     -1.241202723883798E-002
   106.0000     -1.210133085706674E-002
   107.0000     -1.179747028641594E-002
   108.0000     -1.150030437809999E-002
   109.0000     -1.120969442984304E-002
   110.0000     -1.092550419443734E-002
   111.0000     -1.064759988320484E-002
   112.0000     -1.037585016493476E-002
   113.0000     -1.011012616103687E-002
   114.0000     -9.850301438506530E-003
   115.0000     -9.596252007785482E-003
   116.0000     -9.347856407745195E-003
   117.0000     -9.173779496315074E-003
   118.0000     -9.104993665860478E-003
   119.0000     -8.867550688793769E-003
   120.0000     -8.635410192948523E-003
   121.0000     -8.408460631233407E-003
   122.0000     -8.186592184290112E-003
   123.0000     -7.969697269914493E-003
   124.0000     -7.757670537373864E-003
   125.0000     -7.550408840426669E-003
   126.0000     -7.347811206213877E-003
   127.0000     -7.149778802532878E-003
   128.0000     -6.956214904150800E-003
   129.0000     -6.767024858436431E-003
   130.0000     -6.582116050482307E-003
   131.0000     -6.401397867840291E-003
   132.0000     -6.224781664978142E-003
   133.0000     -6.052180727547618E-003
   134.0000     -5.883510236551830E-003
   135.0000     -5.718687232476745E-003
   136.0000     -5.557630579463067E-003
   137.0000     -5.400260929571936E-003
   138.0000     -5.246500687203710E-003
   139.0000     -5.096273973714366E-003
   140.0000     -4.949506592278644E-003
   141.0000     -4.806125993034650E-003
   142.0000     -4.666061238549536E-003
   143.0000     -4.529242969634251E-003
   144.0000     -4.395603371538779E-003
   145.0000     -4.265076140549869E-003
   146.0000     -4.137596451014694E-003
   147.0000     -4.013100922808495E-003
   148.0000     -3.891527589263997E-003
   149.0000     -3.772815865575796E-003
   150.0000     -3.656906517691529E-003
   151.0000     -3.543741631700787E-003
   152.0000     -3.433264583729985E-003
   153.0000     -3.325420010349567E-003
   154.0000     -3.220153779498163E-003
   155.0000     -3.117412961929766E-003
   156.0000     -3.017145803183025E-003
   157.0000     -2.919301696077305E-003
   158.0000     -2.823831153735106E-003
   159.0000     -2.730685783128840E-003
   160.0000     -2.639818259152649E-003
   161.0000     -2.551182299216293E-003
   162.0000     -2.464732638358164E-003
   163.0000     -2.380425004875407E-003
   164.0000     -2.298216096464658E-003
   165.0000     -2.218063556872680E-003
   166.0000     -2.139925953048639E-003
   167.0000     -2.063762752795777E-003
   168.0000     -1.989534302915263E-003
   169.0000     -1.917201807836893E-003
   170.0000     -1.846727308732009E-003
   171.0000     -1.778073663101146E-003
   172.0000     -1.711204524831307E-003
   173.0000     -1.646084324715625E-003
   174.0000     -1.582678251430934E-003
   175.0000     -1.520952232965373E-003
   176.0000     -1.460872918491241E-003
   177.0000     -1.402407660676407E-003
   178.0000     -1.345524498430159E-003
   179.0000     -1.290192140078080E-003
   180.0000     -1.236379946962602E-003
   181.0000     -1.184057917472074E-003
   182.0000     -1.133196671504763E-003
   183.0000     -1.083767435399591E-003
   184.0000     -1.035742027433713E-003
   185.0000     -9.890928442507837E-004
   186.0000     -9.437928499256997E-004
   187.0000     -8.998155809286487E-004
   188.0000     -8.571357527970443E-004
   189.0000     -8.493653715153999E-004
   190.0000     -8.157253016774840E-004
   191.0000     -7.755624719787233E-004
   192.0000     -7.366215058272543E-004
   193.0000     -6.988785310892026E-004
   194.0000     -6.623100976185547E-004
   195.0000     -6.268932126299656E-004
   196.0000     -5.926053357094071E-004
   197.0000     -5.594243699770975E-004
   198.0000     -5.273286527857816E-004
   199.0000     -4.962969465903166E-004
   200.0000     -4.663084301656641E-004
   201.0000     -4.373426902445496E-004
   202.0000     -4.093797136167421E-004
   203.0000     -3.823998797270750E-004
   204.0000     -3.563839538098852E-004
   205.0000     -3.313130806039514E-004
   206.0000     -3.071687787001243E-004
   207.0000     -2.839329355847338E-004
   208.0000     -2.615878034562067E-004
   209.0000     -2.401159959086937E-004
   210.0000     -2.195004855997384E-004
   211.0000     -1.997246030451734E-004
   212.0000     -1.807720367211261E-004
   213.0000     -1.626268346973229E-004
   214.0000     -1.452734080853078E-004
   215.0000     -1.286965366619329E-004
   216.0000     -1.128813771315094E-004
   217.0000     -9.781347462623018E-005
   218.0000     -8.347877823250503E-005
   219.0000     -6.986366158751758E-005
   220.0000     -5.695494995265082E-005
   221.0000     -4.473995568602680E-005
   222.0000     -3.320652478816267E-005
   223.0000     -2.234309831391987E-005
   224.0000     -1.213879415307449E-005
   225.0000     -2.583517367931082E-006
