  0.0000000E+00 -7.142319938415169E-002
   1.000000     -7.085596869537940E-002
   2.000000     -7.029157578817381E-002
   3.000000     -6.973001514421157E-002
   4.000000     -6.917128123575850E-002
   5.000000     -6.861536852564483E-002
   6.000000     -6.806227146719064E-002
   7.000000     -6.751198450430586E-002
   8.000000     -6.696450207376677E-002
   9.000000     -6.641981857676565E-002
   10.00000     -6.587792850258441E-002
   11.00000     -6.533882663623371E-002
   12.00000     -6.480250313517995E-002
   13.00000     -6.426896751878351E-002
   14.00000     -6.373822318363277E-002
   15.00000     -6.321000436151139E-002
   16.00000     -6.268529196018297E-002
   17.00000     -6.216338152001363E-002
   18.00000     -6.163837291372754E-002
   19.00000     -6.113506607117693E-002
   20.00000     -6.062342828282121E-002
   21.00000     -6.005732593514133E-002
   22.00000     -5.967902191163196E-002
   23.00000     -5.912004272467988E-002
   24.00000     -5.838558081965677E-002
   25.00000     -5.821360067700194E-002
   26.00000     -5.750425891390033E-002
   27.00000     -5.664715593205558E-002
   28.00000     -5.629904653099627E-002
   29.00000     -5.576099451293095E-002
   30.00000     -5.486278401398475E-002
   31.00000     -5.395611996252134E-002
   32.00000     -5.391579169246534E-002
   33.00000     -5.303404651803589E-002
   34.00000     -5.211096805336567E-002
   35.00000     -5.118585657639418E-002
   36.00000     -5.112193515325164E-002
   37.00000     -5.025891910244284E-002
   38.00000     -4.933399101845925E-002
   39.00000     -4.841191193604000E-002
   40.00000     -4.789020472524837E-002
   41.00000     -4.749396658368719E-002
   42.00000     -4.658155834487143E-002
   43.00000     -4.567563654683134E-002
   44.00000     -4.477716881253505E-002
   45.00000     -4.419164207011229E-002
   46.00000     -4.388693968360505E-002
   47.00000     -4.300577378604597E-002
   48.00000     -4.213424361920517E-002
   49.00000     -4.127292015782429E-002
   50.00000     -4.042229157795361E-002
   51.00000     -3.998915307652678E-002
   52.00000     -3.958274959491342E-002
   53.00000     -3.875469350676591E-002
   54.00000     -3.793839856998417E-002
   55.00000     -3.713412022188171E-002
   56.00000     -3.634206539147211E-002
   57.00000     -3.556240206127245E-002
   58.00000     -3.523948014800986E-002
   59.00000     -3.479524238929665E-002
   60.00000     -3.404070469201780E-002
   61.00000     -3.329883918088250E-002
   62.00000     -3.256968317890919E-002
   63.00000     -3.185324757806084E-002
   64.00000     -3.114952052207835E-002
   65.00000     -3.045847006428374E-002
   66.00000     -2.989421167853511E-002
   67.00000     -2.978003496325843E-002
   68.00000     -2.911417307618331E-002
   69.00000     -2.846078094398388E-002
   70.00000     -2.781976870338944E-002
   71.00000     -2.719102933170306E-002
   72.00000     -2.657444513969986E-002
   73.00000     -2.596988912643329E-002
   74.00000     -2.537722611935589E-002
   75.00000     -2.479631383349566E-002
   76.00000     -2.422700421775834E-002
   77.00000     -2.389976897076914E-002
   78.00000     -2.366913875836414E-002
   79.00000     -2.312256722653291E-002
   80.00000     -2.258712173577824E-002
   81.00000     -2.206263755868523E-002
   82.00000     -2.154894648806556E-002
   83.00000     -2.104587815991644E-002
   84.00000     -2.055326059870099E-002
   85.00000     -2.007092067744206E-002
   86.00000     -1.959868453022022E-002
   87.00000     -1.913637792560836E-002
   88.00000     -1.868382660588609E-002
   89.00000     -1.824085659809493E-002
   90.00000     -1.780729451904797E-002
   91.00000     -1.738296824652532E-002
   92.00000     -1.719727973690891E-002
   93.00000     -1.696770300233090E-002
   94.00000     -1.656133338395047E-002
   95.00000     -1.616368759765649E-002
   96.00000     -1.577459858214072E-002
   97.00000     -1.539390067437746E-002
   98.00000     -1.502143001353653E-002
   99.00000     -1.465702467521765E-002
   100.0000     -1.430052477308858E-002
   101.0000     -1.395177254438308E-002
   102.0000     -1.361061242280665E-002
   103.0000     -1.327689110042559E-002
   104.0000     -1.295045757963015E-002
   105.0000     -1.263116321606856E-002
   106.0000     -1.231886175335377E-002
   107.0000     -1.201340935026915E-002
   108.0000     -1.171466460114353E-002
   109.0000     -1.142248855002824E-002
   110.0000     -1.113674469928992E-002
   111.0000     -1.085729901328589E-002
   112.0000     -1.058401991811567E-002
   113.0000     -1.031677830018126E-002
   114.0000     -1.005544752026985E-002
   115.0000     -9.799903882438083E-003
   116.0000     -9.722166565060964E-003
   117.0000     -9.550022917787216E-003
   118.0000     -9.305688792013257E-003
   119.0000     -9.066782695183784E-003
   120.0000     -8.833190066333835E-003
   121.0000     -8.604798545938420E-003
   122.0000     -8.381498058276687E-003
   123.0000     -8.163180793920897E-003
   124.0000     -7.949741182041160E-003
   125.0000     -7.741075859826894E-003
   126.0000     -7.537083640430004E-003
   127.0000     -7.337665479892192E-003
   128.0000     -7.142724443293936E-003
   129.0000     -6.952165670287547E-003
   130.0000     -6.765896340144160E-003
   131.0000     -6.583825636427756E-003
   132.0000     -6.405864711397629E-003
   133.0000     -6.231926650222871E-003
   134.0000     -6.061926435100260E-003
   135.0000     -5.895780909337397E-003
   136.0000     -5.733408741475727E-003
   137.0000     -5.574730389509400E-003
   138.0000     -5.419668065257007E-003
   139.0000     -5.268145698931918E-003
   140.0000     -5.120088903957966E-003
   141.0000     -4.975424942067999E-003
   142.0000     -4.834082688723168E-003
   143.0000     -4.695992598880943E-003
   144.0000     -4.561086673143766E-003
   145.0000     -4.429298424308680E-003
   146.0000     -4.300562844343735E-003
   147.0000     -4.174816371807981E-003
   148.0000     -4.051996859731480E-003
   149.0000     -3.932043543970112E-003
   150.0000     -3.814897012046513E-003
   151.0000     -3.700499172487742E-003
   152.0000     -3.588793224667350E-003
   153.0000     -3.479723629159482E-003
   154.0000     -3.373236078607563E-003
   155.0000     -3.269277469114716E-003
   156.0000     -3.167795872156021E-003
   157.0000     -3.068740507014052E-003
   158.0000     -2.972061713739126E-003
   159.0000     -2.877710926632091E-003
   160.0000     -2.785640648250529E-003
   161.0000     -2.695804423933064E-003
   162.0000     -2.608156816840953E-003
   163.0000     -2.522653383513348E-003
   164.0000     -2.439250649930789E-003
   165.0000     -2.357906088084553E-003
   166.0000     -2.278578093043475E-003
   167.0000     -2.201225960518661E-003
   168.0000     -2.125809864913975E-003
   169.0000     -2.052290837862715E-003
   170.0000     -1.980630747242777E-003
   171.0000     -1.910792276667379E-003
   172.0000     -1.842738905450901E-003
   173.0000     -1.776434889057733E-003
   174.0000     -1.711845240063935E-003
   175.0000     -1.648935709731469E-003
   176.0000     -1.587672770566514E-003
   177.0000     -1.528023601620253E-003
   178.0000     -1.469956090332929E-003
   179.0000     -1.413439498653705E-003
   180.0000     -1.403748414227341E-003
   181.0000     -1.358440165959406E-003
   182.0000     -1.304931279130512E-003
   183.0000     -1.252881863730370E-003
   184.0000     -1.202263015959098E-003
   185.0000     -1.153046367477417E-003
   186.0000     -1.105204116180845E-003
   187.0000     -1.058709017382221E-003
   188.0000     -1.013534371139638E-003
   189.0000     -9.696540090668263E-004
   190.0000     -9.270422812414050E-004
   191.0000     -8.856740433699862E-004
   192.0000     -8.455246442554499E-004
   193.0000     -8.065699135836520E-004
   194.0000     -7.687861500321981E-004
   195.0000     -7.321501097034555E-004
   196.0000     -6.966389948781391E-004
   197.0000     -6.622304430908460E-004
   198.0000     -6.289025165245541E-004
   199.0000     -5.966336917236841E-004
   200.0000     -5.654028496269569E-004
   201.0000     -5.351892659198716E-004
   202.0000     -5.059726017100282E-004
   203.0000     -4.777328945285862E-004
   204.0000     -4.504505496632311E-004
   205.0000     -4.241063318296642E-004
   206.0000     -3.986813571913696E-004
   207.0000     -3.741570857392775E-004
   208.0000     -3.505153140465985E-004
   209.0000     -3.277381684181517E-004
   210.0000     -3.058080984573666E-004
   211.0000     -2.847078710798694E-004
   212.0000     -2.644205650099784E-004
   213.0000     -2.449295658034979E-004
   214.0000     -2.262185614516978E-004
   215.0000     -2.082715386329833E-004
   216.0000     -1.910727796953919E-004
   217.0000     -1.746068604732686E-004
   218.0000     -1.588586490665979E-004
   219.0000     -1.438133057453476E-004
   220.0000     -1.294562841835862E-004
   221.0000     -1.157733342850344E-004
   222.0000     -1.027505069362350E-004
   223.0000     -9.037416112472696E-005
   224.0000     -7.863097399627842E-005
   225.0000     -6.750795461491964E-005
   226.0000     -5.699246245552002E-005
   227.0000     -4.707223203879441E-005
   228.0000     -3.773540567278686E-005
   229.0000     -2.897057709120191E-005
   230.0000     -2.076685004163060E-005
   231.0000     -1.311391786389646E-005
   232.0000     -6.002173329627891E-006
