  0.0000000E+00 -7.143473680206762E-002
   1.000000     -7.086748151169492E-002
   2.000000     -7.030306752929028E-002
   3.000000     -6.974148399241502E-002
   4.000000     -6.918272715455921E-002
   5.000000     -6.862679147844165E-002
   6.000000     -6.807367141727234E-002
   7.000000     -6.752336141485145E-002
   8.000000     -6.697585590783359E-002
   9.000000     -6.643114929724452E-002
   10.00000     -6.588923607311163E-002
   11.00000     -6.535011101643037E-002
   12.00000     -6.481376428400079E-002
   13.00000     -6.428020549030235E-002
   14.00000     -6.374943757196261E-002
   15.00000     -6.322119537126600E-002
   16.00000     -6.269646328811589E-002
   17.00000     -6.217451747985114E-002
   18.00000     -6.164949332255328E-002
   19.00000     -6.114622507752622E-002
   20.00000     -6.063437281051041E-002
   21.00000     -6.006841143909479E-002
   22.00000     -5.969039385268510E-002
   23.00000     -5.913046148507856E-002
   24.00000     -5.839637228133372E-002
   25.00000     -5.822545908806746E-002
   26.00000     -5.751428517751297E-002
   27.00000     -5.665707329173039E-002
   28.00000     -5.631179054630228E-002
   29.00000     -5.577079512252739E-002
   30.00000     -5.487248341295621E-002
   31.00000     -5.396606276346329E-002
   32.00000     -5.392839147157030E-002
   33.00000     -5.304356281597405E-002
   34.00000     -5.212039654924693E-002
   35.00000     -5.119524029272503E-002
   36.00000     -5.113498396156813E-002
   37.00000     -5.026817794982057E-002
   38.00000     -4.934316730208053E-002
   39.00000     -4.842100736693841E-002
   40.00000     -4.790344020890416E-002
   41.00000     -4.750298237789139E-002
   42.00000     -4.659049522445379E-002
   43.00000     -4.568449601657841E-002
   44.00000     -4.478595206797671E-002
   45.00000     -4.420502483068561E-002
   46.00000     -4.389564793699131E-002
   47.00000     -4.301440751363907E-002
   48.00000     -4.214280411328210E-002
   49.00000     -4.128140839502269E-002
   50.00000     -4.043070857257829E-002
   51.00000     -4.000268080344516E-002
   52.00000     -3.959109617389915E-002
   53.00000     -3.876297046497129E-002
   54.00000     -3.794660685684159E-002
   55.00000     -3.714226068938838E-002
   56.00000     -3.635013887232758E-002
   57.00000     -3.557040944797108E-002
   58.00000     -3.525315565343455E-002
   59.00000     -3.480318433699447E-002
   60.00000     -3.404858198754596E-002
   61.00000     -3.330665262227178E-002
   62.00000     -3.257743351561505E-002
   63.00000     -3.186093554324062E-002
   64.00000     -3.115714683558428E-002
   65.00000     -3.046603544284687E-002
   66.00000     -2.990803490418152E-002
   67.00000     -2.978754045463764E-002
   68.00000     -2.912161860898457E-002
   69.00000     -2.846816755859809E-002
   70.00000     -2.782709705872323E-002
   71.00000     -2.719830007099152E-002
   72.00000     -2.658165889408699E-002
   73.00000     -2.597704651569078E-002
   74.00000     -2.538432775240607E-002
   75.00000     -2.480336030973056E-002
   76.00000     -2.423399614670807E-002
   77.00000     -2.391374165115999E-002
   78.00000     -2.367607671560650E-002
   79.00000     -2.312945170630808E-002
   80.00000     -2.259395333976740E-002
   81.00000     -2.206941683570159E-002
   82.00000     -2.155567397551133E-002
   83.00000     -2.105255438540190E-002
   84.00000     -2.055988608043312E-002
   85.00000     -2.007749592444285E-002
   86.00000     -1.960521004250483E-002
   87.00000     -1.914285419435827E-002
   88.00000     -1.869025411364856E-002
   89.00000     -1.824723581912964E-002
   90.00000     -1.781362592077932E-002
   91.00000     -1.738925232524382E-002
   92.00000     -1.721140475081845E-002
   93.00000     -1.697394014553392E-002
   94.00000     -1.656752402820233E-002
   95.00000     -1.616983219718332E-002
   96.00000     -1.578069756353595E-002
   97.00000     -1.539995445530515E-002
   98.00000     -1.502743900381266E-002
   99.00000     -1.466298927708110E-002
   100.0000     -1.430644538134846E-002
   101.0000     -1.395764954653453E-002
   102.0000     -1.361644619913445E-002
   103.0000     -1.328268202410229E-002
   104.0000     -1.295620601681067E-002
   105.0000     -1.263686952598142E-002
   106.0000     -1.232452628839073E-002
   107.0000     -1.201903245607134E-002
   108.0000     -1.172024661668801E-002
   109.0000     -1.142802980771416E-002
   110.0000     -1.114224552502693E-002
   111.0000     -1.086275972659557E-002
   112.0000     -1.058944083228136E-002
   113.0000     -1.032215972262170E-002
   114.0000     -1.006078975475867E-002
   115.0000     -9.805207333834384E-003
   116.0000     -9.736445337447611E-003
   117.0000     -9.555287659193373E-003
   118.0000     -9.310915189864728E-003
   119.0000     -9.071971040493638E-003
   120.0000     -8.838340631109495E-003
   121.0000     -8.609911595300921E-003
   122.0000     -8.386573851367738E-003
   123.0000     -8.168219584118012E-003
   124.0000     -7.954743217059208E-003
   125.0000     -7.746041381790813E-003
   126.0000     -7.542012885935746E-003
   127.0000     -7.342558680064008E-003
   128.0000     -7.147581823838036E-003
   129.0000     -6.956987451544269E-003
   130.0000     -6.770682737138777E-003
   131.0000     -6.588576858918848E-003
   132.0000     -6.410580963924942E-003
   133.0000     -6.236608132154518E-003
   134.0000     -6.066573340676763E-003
   135.0000     -5.900393427716019E-003
   136.0000     -5.737987056773509E-003
   137.0000     -5.579274680844834E-003
   138.0000     -5.424178506790792E-003
   139.0000     -5.272622459905400E-003
   140.0000     -5.124532148731889E-003
   141.0000     -4.979834830160297E-003
   142.0000     -4.838459374844133E-003
   143.0000     -4.700336232968649E-003
   144.0000     -4.565397400396944E-003
   145.0000     -4.433576385220333E-003
   146.0000     -4.304808174732379E-003
   147.0000     -4.179029202848066E-003
   148.0000     -4.056177317982514E-003
   149.0000     -3.936191751404926E-003
   150.0000     -3.819013086077684E-003
   151.0000     -3.704583225994288E-003
   152.0000     -3.592845366018693E-003
   153.0000     -3.483743962238691E-003
   154.0000     -3.377224702833879E-003
   155.0000     -3.273234479464152E-003
   156.0000     -3.171721359181114E-003
   157.0000     -3.072634556861303E-003
   158.0000     -2.975924408166722E-003
   159.0000     -2.881542343025309E-003
   160.0000     -2.789440859635273E-003
   161.0000     -2.699573498988518E-003
   162.0000     -2.611894819910818E-003
   163.0000     -2.526360374614928E-003
   164.0000     -2.442926684763305E-003
   165.0000     -2.361551218034298E-003
   166.0000     -2.282192365189399E-003
   167.0000     -2.204809417634370E-003
   168.0000     -2.129362545468829E-003
   169.0000     -2.055812776021696E-003
   170.0000     -1.984121972864611E-003
   171.0000     -1.914252815302273E-003
   172.0000     -1.846168778340349E-003
   173.0000     -1.779834113140056E-003
   174.0000     -1.715213827999072E-003
   175.0000     -1.652273669987043E-003
   176.0000     -1.590980107729641E-003
   177.0000     -1.531300317872245E-003
   178.0000     -1.473202198613448E-003
   179.0000     -1.418190624623238E-003
   180.0000     -1.416647633679899E-003
   181.0000     -1.361624990488766E-003
   182.0000     -1.308085399089095E-003
   183.0000     -1.256005282314421E-003
   184.0000     -1.205355708856433E-003
   185.0000     -1.156108303139406E-003
   186.0000     -1.108235257707947E-003
   187.0000     -1.061709322863092E-003
   188.0000     -1.016503793700508E-003
   189.0000     -9.725924968375155E-004
   190.0000     -9.299497772896551E-004
   191.0000     -8.885504856168052E-004
   192.0000     -8.483699653775474E-004
   193.0000     -8.093840409039076E-004
   194.0000     -7.715690053984043E-004
   195.0000     -7.349016093544805E-004
   196.0000     -6.993590492975981E-004
   197.0000     -6.649189568458352E-004
   198.0000     -6.315593880888604E-004
   199.0000     -5.992588132838333E-004
   200.0000     -5.679961068692770E-004
   201.0000     -5.377505377961023E-004
   202.0000     -5.085017601796478E-004
   203.0000     -4.802298042747276E-004
   204.0000     -4.529150677792788E-004
   205.0000     -4.265383074728476E-004
   206.0000     -4.010806311991696E-004
   207.0000     -3.765234902037706E-004
   208.0000     -3.528486718415429E-004
   209.0000     -3.300382926715567E-004
   210.0000     -3.080747919625184E-004
   211.0000     -2.869409256353254E-004
   212.0000     -2.666197606780812E-004
   213.0000     -2.470946700745246E-004
   214.0000     -2.283493282982217E-004
   215.0000     -2.103677074363445E-004
   216.0000     -1.931340740216730E-004
   217.0000     -1.766329866717672E-004
   218.0000     -1.608492946571449E-004
   219.0000     -1.457681375531345E-004
   220.0000     -1.313749461696976E-004
   221.0000     -1.176554450072771E-004
   222.0000     -1.045956565572065E-004
   223.0000     -9.218190785983359E-005
   224.0000     -8.040083986215073E-005
   225.0000     -6.923942029380576E-005
   226.0000     -5.868496102844025E-005
   227.0000     -4.872514125082898E-005
   228.0000     -3.934803826333961E-005
   229.0000     -3.054216852754091E-005
   230.0000     -2.229654269656796E-005
   231.0000     -1.460074020833527E-005
   232.0000     -7.445011944075838E-006
   233.0000     -8.204243792899851E-007
