  0.0000000E+00 -7.209466092522292E-002
   1.000000     -7.152610369195486E-002
   2.000000     -7.096038214011396E-002
   3.000000     -7.039749074507370E-002
   4.000000     -6.983742397277609E-002
   5.000000     -6.928017627970399E-002
   6.000000     -6.872574211280162E-002
   7.000000     -6.817411590972798E-002
   8.000000     -6.762529210012982E-002
   9.000000     -6.707926507680970E-002
   10.00000     -6.653602742300788E-002
   11.00000     -6.599557950066806E-002
   12.00000     -6.545790583235349E-002
   13.00000     -6.492302284343596E-002
   14.00000     -6.439090533048938E-002
   15.00000     -6.386134064022596E-002
   16.00000     -6.333546319077332E-002
   17.00000     -6.281144039504048E-002
   18.00000     -6.228589460370471E-002
   19.00000     -6.178413650373902E-002
   20.00000     -6.125976075035976E-002
   21.00000     -6.070653204118542E-002
   22.00000     -6.033563335397783E-002
   23.00000     -5.972534334306386E-002
   24.00000     -5.904016558153206E-002
   25.00000     -5.887632722641940E-002
   26.00000     -5.808739567105031E-002
   27.00000     -5.722509727810412E-002
   28.00000     -5.703957596559503E-002
   29.00000     -5.633111716390464E-002
   30.00000     -5.542711168627167E-002
   31.00000     -5.467311558296964E-002
   32.00000     -5.451036452089900E-002
   33.00000     -5.358772152402696E-002
   34.00000     -5.265954473608105E-002
   35.00000     -5.188447257159745E-002
   36.00000     -5.172850828898132E-002
   37.00000     -5.079762487589637E-002
   38.00000     -4.986789668142450E-002
   39.00000     -4.894112723444329E-002
   40.00000     -4.866036048405704E-002
   41.00000     -4.801852778395789E-002
   42.00000     -4.710153734439822E-002
   43.00000     -4.619111274569238E-002
   44.00000     -4.528821502219268E-002
   45.00000     -4.497030220610114E-002
   46.00000     -4.439360965695211E-002
   47.00000     -4.350811697058423E-002
   48.00000     -4.263232652731530E-002
   49.00000     -4.176679956216402E-002
   50.00000     -4.091203831047506E-002
   51.00000     -4.077629454372077E-002
   52.00000     -4.006838505285356E-002
   53.00000     -3.923628090648006E-002
   54.00000     -3.841599091108071E-002
   55.00000     -3.760776701129910E-002
   56.00000     -3.681181520929627E-002
   57.00000     -3.603542643833246E-002
   58.00000     -3.602805062920358E-002
   59.00000     -3.525733853121107E-002
   60.00000     -3.449904057142519E-002
   61.00000     -3.375346022806681E-002
   62.00000     -3.302063296030350E-002
   63.00000     -3.230056875767977E-002
   64.00000     -3.159325504175867E-002
   65.00000     -3.089866134282729E-002
   66.00000     -3.069851330791208E-002
   67.00000     -3.021672339408002E-002
   68.00000     -2.954739010254608E-002
   69.00000     -2.889057044992003E-002
   70.00000     -2.824616893273187E-002
   71.00000     -2.761407771091844E-002
   72.00000     -2.699417840342518E-002
   73.00000     -2.638634335317573E-002
   74.00000     -2.579043676963321E-002
   75.00000     -2.520631593113642E-002
   76.00000     -2.471279814028458E-002
   77.00000     -2.463382439734764E-002
   78.00000     -2.407282579956726E-002
   79.00000     -2.352314517154453E-002
   80.00000     -2.298462384052829E-002
   81.00000     -2.245709572126994E-002
   82.00000     -2.194039199062383E-002
   83.00000     -2.143434172244928E-002
   84.00000     -2.093877239677722E-002
   85.00000     -2.045351035394364E-002
   86.00000     -1.997838120573328E-002
   87.00000     -1.951321020928199E-002
   88.00000     -1.905782261065114E-002
   89.00000     -1.861204398471488E-002
   90.00000     -1.817570111941241E-002
   91.00000     -1.801913075733499E-002
   92.00000     -1.774861712969969E-002
   93.00000     -1.733062537855487E-002
   94.00000     -1.692155219572552E-002
   95.00000     -1.652122842402657E-002
   96.00000     -1.612948623454473E-002
   97.00000     -1.574615948476360E-002
   98.00000     -1.537108386487001E-002
   99.00000     -1.500409701268251E-002
   100.0000     -1.464503861162790E-002
   101.0000     -1.429375047514349E-002
   102.0000     -1.395007661911575E-002
   103.0000     -1.361386332350328E-002
   104.0000     -1.328495918411005E-002
   105.0000     -1.296321515537232E-002
   106.0000     -1.264848458494900E-002
   107.0000     -1.234062324085236E-002
   108.0000     -1.203948933183459E-002
   109.0000     -1.174494352179267E-002
   110.0000     -1.145684893929014E-002
   111.0000     -1.117507118512371E-002
   112.0000     -1.089947835577709E-002
   113.0000     -1.062994158011983E-002
   114.0000     -1.055296842290779E-002
   115.0000     -1.036633096997991E-002
   116.0000     -1.010852573963120E-002
   117.0000     -9.856401890983118E-003
   118.0000     -9.609839784374869E-003
   119.0000     -9.368722039027753E-003
   120.0000     -9.132933614804595E-003
   121.0000     -8.902361797723569E-003
   122.0000     -8.676896175043993E-003
   123.0000     -8.456428607111686E-003
   124.0000     -8.240853197386936E-003
   125.0000     -8.030066261145673E-003
   126.0000     -7.823966293115662E-003
   127.0000     -7.622453934234916E-003
   128.0000     -7.425431937681939E-003
   129.0000     -7.232805134317278E-003
   130.0000     -7.044480397648715E-003
   131.0000     -6.860366608430448E-003
   132.0000     -6.680374618994043E-003
   133.0000     -6.504417217396832E-003
   134.0000     -6.332409091470880E-003
   135.0000     -6.164266792844101E-003
   136.0000     -5.999908700998504E-003
   137.0000     -5.839254987429456E-003
   138.0000     -5.682227579952789E-003
   139.0000     -5.528750127217961E-003
   140.0000     -5.378747963462650E-003
   141.0000     -5.232148073553721E-003
   142.0000     -5.088879058346079E-003
   143.0000     -4.948871100395378E-003
   144.0000     -4.812055930046884E-003
   145.0000     -4.678366791929244E-003
   146.0000     -4.547738411873332E-003
   147.0000     -4.420106964275423E-003
   148.0000     -4.295410039919878E-003
   149.0000     -4.173586614276779E-003
   150.0000     -4.054577016286478E-003
   151.0000     -3.938322897638740E-003
   152.0000     -3.824767202558344E-003
   153.0000     -3.713854138099148E-003
   154.0000     -3.605529144956017E-003
   155.0000     -3.499738868795549E-003
   156.0000     -3.396431132107804E-003
   157.0000     -3.295554906584072E-003
   158.0000     -3.197060286015613E-003
   159.0000     -3.100898459718833E-003
   160.0000     -3.007021686484115E-003
   161.0000     -2.915383269047353E-003
   162.0000     -2.825937529091536E-003
   163.0000     -2.738639782786154E-003
   164.0000     -2.653446316896953E-003
   165.0000     -2.570314365571048E-003
   166.0000     -2.489202088167155E-003
   167.0000     -2.410068549885729E-003
   168.0000     -2.332873718790024E-003
   169.0000     -2.257579071490043E-003
   170.0000     -2.243632580111453E-003
   171.0000     -2.184143564580215E-003
   172.0000     -2.112532876251119E-003
   173.0000     -2.042708885516544E-003
   174.0000     -1.974635679550365E-003
   175.0000     -1.908278046472305E-003
   176.0000     -1.843601504645558E-003
   177.0000     -1.780572290013550E-003
   178.0000     -1.719157339452134E-003
   179.0000     -1.659324273628512E-003
   180.0000     -1.601041380008067E-003
   181.0000     -1.544277596166234E-003
   182.0000     -1.489002493454312E-003
   183.0000     -1.435186261031556E-003
   184.0000     -1.382799690263603E-003
   185.0000     -1.331814159484155E-003
   186.0000     -1.282201619115136E-003
   187.0000     -1.233934577137381E-003
   188.0000     -1.186986084905615E-003
   189.0000     -1.141329723301441E-003
   190.0000     -1.096939589216506E-003
   191.0000     -1.053790282358860E-003
   192.0000     -1.011856892376140E-003
   193.0000     -9.711149862878932E-004
   194.0000     -9.315405962212961E-004
   195.0000     -8.931102074427530E-004
   196.0000     -8.558007466790958E-004
   197.0000     -8.195895707223887E-004
   198.0000     -7.844544553117564E-004
   199.0000     -7.503735842857870E-004
   200.0000     -7.173255390006259E-004
   201.0000     -6.852892880062984E-004
   202.0000     -6.542441769779275E-004
   203.0000     -6.241699188939580E-004
   204.0000     -5.950465844579509E-004
   205.0000     -5.668545927578311E-004
   206.0000     -5.395747021585853E-004
   207.0000     -5.131880014229254E-004
   208.0000     -4.876759010562131E-004
   209.0000     -4.630201248712854E-004
   210.0000     -4.392027017691839E-004
   211.0000     -4.162059577327863E-004
   212.0000     -3.940125080296030E-004
   213.0000     -3.726052496212076E-004
   214.0000     -3.519673537772592E-004
   215.0000     -3.320822588919482E-004
   216.0000     -3.129336635014549E-004
   217.0000     -2.945055195024072E-004
   218.0000     -2.767820255709707E-004
   219.0000     -2.597476207837137E-004
   220.0000     -2.433869784426414E-004
   221.0000     -2.276850001072254E-004
   222.0000     -2.126268098386460E-004
   223.0000     -1.981977486626657E-004
   224.0000     -1.843833692599805E-004
   225.0000     -1.711694308952808E-004
   226.0000     -1.585418945999005E-004
   227.0000     -1.464869186265550E-004
   228.0000     -1.349908542001173E-004
   229.0000     -1.240402415944210E-004
   230.0000     -1.136218065731200E-004
   231.0000     -1.037224572436084E-004
   232.0000     -9.432928138546512E-005
   233.0000     -8.542954433322528E-005
   234.0000     -7.701068751606885E-005
   235.0000     -6.906032778773414E-005
   236.0000     -6.156625772239480E-005
   237.0000     -5.451644710889731E-005
   238.0000     -4.789904595598820E-005
   239.0000     -4.170238943370630E-005
   240.0000     -3.591500533866547E-005
   241.0000     -3.052562490923493E-005
   242.0000     -2.552319817517742E-005
   243.0000     -2.089691557797610E-005
   244.0000     -1.663623847417329E-005
   245.0000     -1.273094257019653E-005
   246.0000     -9.171180788059935E-006
   247.0000     -5.947576440606726E-006
   248.0000     -3.051365872912618E-006
   249.0000     -4.746264937978776E-007
