  0.0000000E+00 -7.170293277631204E-002
   1.000000     -7.113514905803797E-002
   2.000000     -7.057020224377067E-002
   3.000000     -7.000808681253556E-002
   4.000000     -6.944879723393879E-002
   5.000000     -6.889232796814061E-002
   6.000000     -6.833867346577815E-002
   7.000000     -6.778782816812942E-002
   8.000000     -6.723978650901835E-002
   9.000000     -6.669454288581018E-002
   10.00000     -6.615209180579372E-002
   11.00000     -6.561242795043741E-002
   12.00000     -6.507554150234776E-002
   13.00000     -6.454144420143999E-002
   14.00000     -6.401012793665969E-002
   15.00000     -6.348134473754004E-002
   16.00000     -6.295615228255728E-002
   17.00000     -6.243337394124759E-002
   18.00000     -6.190805061446868E-002
   19.00000     -6.140556948268446E-002
   20.00000     -6.088866924189073E-002
   21.00000     -6.032677990165679E-002
   22.00000     -5.995388637735465E-002
   23.00000     -5.937245648534456E-002
   24.00000     -5.865132258123477E-002
   25.00000     -5.849688023577856E-002
   26.00000     -5.774728592304224E-002
   27.00000     -5.688768284178703E-002
   28.00000     -5.660789813346592E-002
   29.00000     -5.599857153416091E-002
   30.00000     -5.509792522438382E-002
   31.00000     -5.423592145372338E-002
   32.00000     -5.418248828832623E-002
   33.00000     -5.326474906738845E-002
   34.00000     -5.233954378053980E-002
   35.00000     -5.144134397527832E-002
   36.00000     -5.141028163610287E-002
   37.00000     -5.048338201085337E-002
   38.00000     -4.955645299134132E-002
   39.00000     -4.863241541949880E-002
   40.00000     -4.821110589399258E-002
   41.00000     -4.771253624674042E-002
   42.00000     -4.679821686382554E-002
   43.00000     -4.589041860471711E-002
   44.00000     -4.499010384144878E-002
   45.00000     -4.451608454041047E-002
   46.00000     -4.409805385512374E-002
   47.00000     -4.321508338049042E-002
   48.00000     -4.234177792279540E-002
   49.00000     -4.147870283090482E-002
   50.00000     -4.062634805899904E-002
   51.00000     -4.031713341885627E-002
   52.00000     -3.978509758885170E-002
   53.00000     -3.895535426574719E-002
   54.00000     -3.813739459985021E-002
   55.00000     -3.733147216436806E-002
   56.00000     -3.653779344999839E-002
   57.00000     -3.575652948297423E-002
   58.00000     -3.557101703923538E-002
   59.00000     -3.498778150260627E-002
   60.00000     -3.423167673449624E-002
   61.00000     -3.348826326881133E-002
   62.00000     -3.275757747337118E-002
   63.00000     -3.203962985383374E-002
   64.00000     -3.133440823840134E-002
   65.00000     -3.064188073050027E-002
   66.00000     -3.022933573572907E-002
   67.00000     -2.996198851813691E-002
   68.00000     -2.929467825102956E-002
   69.00000     -2.863985785179665E-002
   70.00000     -2.799743329747688E-002
   71.00000     -2.736729720589328E-002
   72.00000     -2.674933159696618E-002
   73.00000     -2.614340919496891E-002
   74.00000     -2.554939456608203E-002
   75.00000     -2.496714520642917E-002
   76.00000     -2.439651397909510E-002
   77.00000     -2.423852680902314E-002
   78.00000     -2.383733892398593E-002
   79.00000     -2.328947152698188E-002
   80.00000     -2.275274427341266E-002
   81.00000     -2.222699162992972E-002
   82.00000     -2.171204512337304E-002
   83.00000     -2.120773415389193E-002
   84.00000     -2.071388651848564E-002
   85.00000     -2.023032886780104E-002
   86.00000     -1.975688711785497E-002
   87.00000     -1.929338682344433E-002
   88.00000     -1.883965351831683E-002
   89.00000     -1.839551303166099E-002
   90.00000     -1.796079184321717E-002
   91.00000     -1.753976214970231E-002
   92.00000     -1.753527231421735E-002
   93.00000     -1.711891517682949E-002
   94.00000     -1.671141870562615E-002
   95.00000     -1.631265683188717E-002
   96.00000     -1.592246206622484E-002
   97.00000     -1.554066853866158E-002
   98.00000     -1.516711219972858E-002
   99.00000     -1.480163094192673E-002
   100.0000     -1.444406469917108E-002
   101.0000     -1.409425553168491E-002
   102.0000     -1.375204769866713E-002
   103.0000     -1.341728772005619E-002
   104.0000     -1.308982442840529E-002
   105.0000     -1.276950901175193E-002
   106.0000     -1.245619504826915E-002
   107.0000     -1.214973853342882E-002
   108.0000     -1.184999790035646E-002
   109.0000     -1.155683403403080E-002
   110.0000     -1.127011028002092E-002
   111.0000     -1.098969244870320E-002
   112.0000     -1.071544881726369E-002
   113.0000     -1.044725014180039E-002
   114.0000     -1.018496990200067E-002
   115.0000     -1.006833461559144E-002
   116.0000     -9.928481759124532E-003
   117.0000     -9.677666813110360E-003
   118.0000     -9.432403730219740E-003
   119.0000     -9.192575531168682E-003
   120.0000     -8.958067393552130E-003
   121.0000     -8.728766803351254E-003
   122.0000     -8.504563542412512E-003
   123.0000     -8.285349662611277E-003
   124.0000     -8.071019456536323E-003
   125.0000     -7.861469426444329E-003
   126.0000     -7.656598252021094E-003
   127.0000     -7.456306757218064E-003
   128.0000     -7.260497876344420E-003
   129.0000     -7.069076619556006E-003
   130.0000     -6.881950037866272E-003
   131.0000     -6.699027187787943E-003
   132.0000     -6.520219095701748E-003
   133.0000     -6.345438722045607E-003
   134.0000     -6.174600925400274E-003
   135.0000     -6.007622426544930E-003
   136.0000     -5.844421772554018E-003
   137.0000     -5.684919300988437E-003
   138.0000     -5.529037104239408E-003
   139.0000     -5.376698994074358E-003
   140.0000     -5.227830466423949E-003
   141.0000     -5.082358666457279E-003
   142.0000     -4.940212353972979E-003
   143.0000     -4.801321869142523E-003
   144.0000     -4.665619098632527E-003
   145.0000     -4.533037442129758E-003
   146.0000     -4.403511779290578E-003
   147.0000     -4.276978437135742E-003
   148.0000     -4.153375157904222E-003
   149.0000     -4.032641067381631E-003
   150.0000     -3.914716643715261E-003
   151.0000     -3.799543686725070E-003
   152.0000     -3.687065287719021E-003
   153.0000     -3.577225799818689E-003
   154.0000     -3.469970808802325E-003
   155.0000     -3.365247104465212E-003
   156.0000     -3.263002652504256E-003
   157.0000     -3.163186566923903E-003
   158.0000     -3.065749082966792E-003
   159.0000     -2.970641530566104E-003
   160.0000     -2.877816308320519E-003
   161.0000     -2.787226857986309E-003
   162.0000     -2.698827639487810E-003
   163.0000     -2.612574106438867E-003
   164.0000     -2.528422682174728E-003
   165.0000     -2.446330736289214E-003
   166.0000     -2.366256561674496E-003
   167.0000     -2.288159352062459E-003
   168.0000     -2.211999180072122E-003
   169.0000     -2.137736975780251E-003
   170.0000     -2.065334505873662E-003
   171.0000     -1.994754353589052E-003
   172.0000     -1.925959900282005E-003
   173.0000     -1.858915313666794E-003
   174.0000     -1.793585612506169E-003
   175.0000     -1.753701311822035E-003
   176.0000     -1.729935394413405E-003
   177.0000     -1.667933027835740E-003
   178.0000     -1.607544214309097E-003
   179.0000     -1.548736959264862E-003
   180.0000     -1.491479704397336E-003
   181.0000     -1.435741525592556E-003
   182.0000     -1.381492129300581E-003
   183.0000     -1.328701838988227E-003
   184.0000     -1.277341580277994E-003
   185.0000     -1.227382866029866E-003
   186.0000     -1.178797781649453E-003
   187.0000     -1.131558970699959E-003
   188.0000     -1.085639620843429E-003
   189.0000     -1.041013450114745E-003
   190.0000     -9.976546935288760E-004
   191.0000     -9.555380900166415E-004
   192.0000     -9.146388696844546E-004
   193.0000     -8.749327413931438E-004
   194.0000     -8.363958806494982E-004
   195.0000     -7.990049178064925E-004
   196.0000     -7.627369265662528E-004
   197.0000     -7.275694127810426E-004
   198.0000     -6.934803035483807E-004
   199.0000     -6.604479365950770E-004
   200.0000     -6.284510499474069E-004
   201.0000     -5.974687718830707E-004
   202.0000     -5.674806111631907E-004
   203.0000     -5.384664475407735E-004
   204.0000     -5.104065225455420E-004
   205.0000     -4.832814305426481E-004
   206.0000     -4.570721100663532E-004
   207.0000     -4.317598354291754E-004
   208.0000     -4.073262086081759E-004
   209.0000     -3.837531514127133E-004
   210.0000     -3.610228979372340E-004
   211.0000     -3.391179873070989E-004
   212.0000     -3.180212567251216E-004
   213.0000     -2.977158348309737E-004
   214.0000     -2.781851353876686E-004
   215.0000     -2.594128513133927E-004
   216.0000     -2.413829490809445E-004
   217.0000     -2.240796635137525E-004
   218.0000     -2.074874930127563E-004
   219.0000     -1.915911952581639E-004
   220.0000     -1.763757834396073E-004
   221.0000     -1.618265230826168E-004
   222.0000     -1.479289295550603E-004
   223.0000     -1.346687663597193E-004
   224.0000     -1.220320443468338E-004
   225.0000     -1.100050220170906E-004
   226.0000     -9.857420713372964E-005
   227.0000     -8.772635992710199E-005
   228.0000     -7.744849826244123E-005
   229.0000     -6.772790526089261E-005
   230.0000     -5.855214003141079E-005
   231.0000     -4.990905240662274E-005
   232.0000     -4.178680291737772E-005
   233.0000     -3.417388974218495E-005
   234.0000     -2.705918512587120E-005
   235.0000     -2.043198493435201E-005
   236.0000     -1.428207688565495E-005
   237.0000     -8.599836095879177E-006
   238.0000     -3.376361920165301E-006
