  0.0000000E+00 -7.249318562709428E-002
   1.000000     -7.192384256325778E-002
   2.000000     -7.135733394456820E-002
   3.000000     -7.079365424275552E-002
   4.000000     -7.023279792010613E-002
   5.000000     -6.967475942943521E-002
   6.000000     -6.911953321400398E-002
   7.000000     -6.856711370786667E-002
   8.000000     -6.801749533639138E-002
   9.000000     -6.747067248872494E-002
   10.00000     -6.692663971934990E-002
   11.00000     -6.638539135755366E-002
   12.00000     -6.584691814574187E-002
   13.00000     -6.531123676416332E-002
   14.00000     -6.477830402376591E-002
   15.00000     -6.424795511179726E-002
   16.00000     -6.372136043151316E-002
   17.00000     -6.319605232636638E-002
   18.00000     -6.267053395505802E-002
   19.00000     -6.216891433190656E-002
   20.00000     -6.163702886520489E-002
   21.00000     -6.109569576938668E-002
   22.00000     -6.072007803073937E-002
   23.00000     -6.008384973373156E-002
   24.00000     -5.945234055271885E-002
   25.00000     -5.924503725547228E-002
   26.00000     -5.843317923498625E-002
   27.00000     -5.757142125368429E-002
   28.00000     -5.747538508870792E-002
   29.00000     -5.666927274142138E-002
   30.00000     -5.576189854134918E-002
   31.00000     -5.511928525805893E-002
   32.00000     -5.484226605739488E-002
   33.00000     -5.391618553814929E-002
   34.00000     -5.298499415040808E-002
   35.00000     -5.233618056700581E-002
   36.00000     -5.205111349055131E-002
   37.00000     -5.111721698819845E-002
   38.00000     -5.018464418942990E-002
   39.00000     -4.925513957975923E-002
   40.00000     -4.911722729720334E-002
   41.00000     -4.832972903838290E-002
   42.00000     -4.741002503994014E-002
   43.00000     -4.649693020076827E-002
   44.00000     -4.559142356897128E-002
   45.00000     -4.543224360577754E-002
   46.00000     -4.469419997434002E-002
   47.00000     -4.380614435988072E-002
   48.00000     -4.292782705765519E-002
   49.00000     -4.205980700141959E-002
   50.00000     -4.124340837260651E-002
   51.00000     -4.120247075005567E-002
   52.00000     -4.035650104030163E-002
   53.00000     -3.952199669543036E-002
   54.00000     -3.869933698884614E-002
   55.00000     -3.788877271745699E-002
   56.00000     -3.709050964766056E-002
   57.00000     -3.650725392137572E-002
   58.00000     -3.630469650032855E-002
   59.00000     -3.553149209091838E-002
   60.00000     -3.477096408469479E-002
   61.00000     -3.402318023283814E-002
   62.00000     -3.328817528182269E-002
   63.00000     -3.256595872001307E-002
   64.00000     -3.185651764025678E-002
   65.00000     -3.117574835025394E-002
   66.00000     -3.115975925760886E-002
   67.00000     -3.047580355791316E-002
   68.00000     -2.980441389960079E-002
   69.00000     -2.914556127059956E-002
   70.00000     -2.849914942471180E-002
   71.00000     -2.786507008337320E-002
   72.00000     -2.724320446309481E-002
   73.00000     -2.663342452395313E-002
   74.00000     -2.603559413477279E-002
   75.00000     -2.544957081655650E-002
   76.00000     -2.519513746963183E-002
   77.00000     -2.487519961687145E-002
   78.00000     -2.431233405387478E-002
   79.00000     -2.376080988734348E-002
   80.00000     -2.322046434846013E-002
   81.00000     -2.269113094050509E-002
   82.00000     -2.217264049670987E-002
   83.00000     -2.166482176202100E-002
   84.00000     -2.116750189553040E-002
   85.00000     -2.068050692316743E-002
   86.00000     -2.020366214880125E-002
   87.00000     -1.973679252990054E-002
   88.00000     -1.927972303179366E-002
   89.00000     -1.883227909044819E-002
   90.00000     -1.850671530209856E-002
   91.00000     -1.839428338416951E-002
   92.00000     -1.796556927930818E-002
   93.00000     -1.754595919414342E-002
   94.00000     -1.713528318750191E-002
   95.00000     -1.673337161967295E-002
   96.00000     -1.634005637198068E-002
   97.00000     -1.595517103252427E-002
   98.00000     -1.557855102927012E-002
   99.00000     -1.521003374252157E-002
   100.0000     -1.484945860217725E-002
   101.0000     -1.449666717183595E-002
   102.0000     -1.415150322106780E-002
   103.0000     -1.381381278692291E-002
   104.0000     -1.348344422561672E-002
   105.0000     -1.316024825525240E-002
   106.0000     -1.284407799038028E-002
   107.0000     -1.253478896917143E-002
   108.0000     -1.223223917405036E-002
   109.0000     -1.193628904705015E-002
   110.0000     -1.164680150355323E-002
   111.0000     -1.136364196963832E-002
   112.0000     -1.108667979211447E-002
   113.0000     -1.104586003679040E-002
   114.0000     -1.081577968846269E-002
   115.0000     -1.055082089298396E-002
   116.0000     -1.029167598187170E-002
   117.0000     -1.003822266834150E-002
   118.0000     -9.790340985216797E-003
   119.0000     -9.547913334824137E-003
   120.0000     -9.310824474139326E-003
   121.0000     -9.078961491183262E-003
   122.0000     -8.852213778257961E-003
   123.0000     -8.630473003237401E-003
   124.0000     -8.413633079374224E-003
   125.0000     -8.201590133886416E-003
   126.0000     -7.994242475517698E-003
   127.0000     -7.791490561239565E-003
   128.0000     -7.593236962232691E-003
   129.0000     -7.399386329285064E-003
   130.0000     -7.209845357714758E-003
   131.0000     -7.024522751933040E-003
   132.0000     -6.843329189734603E-003
   133.0000     -6.666177286413345E-003
   134.0000     -6.492981558773347E-003
   135.0000     -6.323658389118162E-003
   136.0000     -6.158125989275018E-003
   137.0000     -5.996304364721041E-003
   138.0000     -5.838115278860452E-003
   139.0000     -5.683482217505012E-003
   140.0000     -5.532330353599698E-003
   141.0000     -5.384586512233435E-003
   142.0000     -5.240179135969357E-003
   143.0000     -5.099038250528131E-003
   144.0000     -4.961095430849854E-003
   145.0000     -4.826283767560297E-003
   146.0000     -4.694537833862078E-003
   147.0000     -4.565793652872262E-003
   148.0000     -4.439988665418504E-003
   149.0000     -4.317061698311444E-003
   150.0000     -4.196952933103910E-003
   151.0000     -4.079603875346793E-003
   152.0000     -3.964957324349546E-003
   153.0000     -3.852957343453335E-003
   154.0000     -3.743549230821783E-003
   155.0000     -3.636679490753527E-003
   156.0000     -3.532295805522339E-003
   157.0000     -3.430347007751888E-003
   158.0000     -3.330783053333211E-003
   159.0000     -3.233554994918698E-003
   160.0000     -3.138614956065625E-003
   161.0000     -3.045916106294493E-003
   162.0000     -2.955412638190516E-003
   163.0000     -2.867059753864208E-003
   164.0000     -2.780813795713863E-003
   165.0000     -2.741914360523760E-003
   166.0000     -2.696630660684312E-003
   167.0000     -2.614470297874279E-003
   168.0000     -2.534290531869739E-003
   169.0000     -2.456051314526734E-003
   170.0000     -2.379713330145289E-003
   171.0000     -2.305238088132880E-003
   172.0000     -2.232587911768922E-003
   173.0000     -2.161725919940337E-003
   174.0000     -2.092616007978031E-003
   175.0000     -2.025222828576419E-003
   176.0000     -1.959511773027765E-003
   177.0000     -1.895448952837271E-003
   178.0000     -1.833001181738242E-003
   179.0000     -1.772135958108960E-003
   180.0000     -1.712821447790015E-003
   181.0000     -1.655026467295874E-003
   182.0000     -1.598720467414540E-003
   183.0000     -1.543873517187349E-003
   184.0000     -1.490456288263444E-003
   185.0000     -1.438440039618597E-003
   186.0000     -1.387796602634259E-003
   187.0000     -1.338498366526230E-003
   188.0000     -1.290518264117399E-003
   189.0000     -1.243829757946927E-003
   190.0000     -1.198406826707233E-003
   191.0000     -1.154223952003505E-003
   192.0000     -1.111256105426586E-003
   193.0000     -1.069478735933595E-003
   194.0000     -1.028867757528423E-003
   195.0000     -9.893995372356162E-004
   196.0000     -9.510508833604439E-004
   197.0000     -9.137990340290389E-004
   198.0000     -8.776216460011197E-004
   199.0000     -8.424967837497864E-004
   200.0000     -8.084029088013267E-004
   201.0000     -7.753188693286882E-004
   202.0000     -7.432238899931731E-004
   203.0000     -7.120975620277988E-004
   204.0000     -6.819198335557826E-004
   205.0000     -6.526710001395748E-004
   206.0000     -6.243316955539721E-004
   207.0000     -5.968828827776104E-004
   208.0000     -5.703058451976027E-004
   209.0000     -5.445821780219998E-004
   210.0000     -5.196937798943839E-004
   211.0000     -4.956228447057182E-004
   212.0000     -4.723518535987673E-004
   213.0000     -4.498635671588712E-004
   214.0000     -4.281410177877840E-004
   215.0000     -4.071675022545939E-004
   216.0000     -3.869265744195705E-004
   217.0000     -3.674020381265775E-004
   218.0000     -3.485779402589302E-004
   219.0000     -3.304385639551250E-004
   220.0000     -3.129684219793471E-004
   221.0000     -2.961522502433803E-004
   222.0000     -2.799750014750304E-004
   223.0000     -2.644218390298411E-004
   224.0000     -2.494781308415601E-004
   225.0000     -2.351294435076858E-004
   226.0000     -2.213615365066837E-004
   227.0000     -2.081603565426367E-004
   228.0000     -1.955120320143495E-004
   229.0000     -1.834028676047076E-004
   230.0000     -1.718193389875859E-004
   231.0000     -1.607480876483430E-004
   232.0000     -1.501759158149515E-004
   233.0000     -1.400897814964585E-004
   234.0000     -1.304767936255953E-004
   235.0000     -1.213242073024224E-004
   236.0000     -1.126194191361076E-004
   237.0000     -1.043499626818274E-004
   238.0000     -9.650350396971014E-005
   239.0000     -8.906783712346203E-005
   240.0000     -8.203088006529006E-005
   241.0000     -7.538067030485321E-005
   242.0000     -6.910536080940568E-005
   243.0000     -6.319321595259014E-005
   244.0000     -5.763260753915608E-005
   245.0000     -5.241201090330839E-005
   246.0000     -4.752000107810814E-005
   247.0000     -4.294524903352572E-005
   248.0000     -3.867651798085891E-005
   249.0000     -3.470265974110119E-005
   250.0000     -3.101261117504645E-005
   251.0000     -2.759539067308004E-005
   252.0000     -2.444009470221414E-005
   253.0000     -2.153589440860151E-005
   254.0000     -1.887203227336766E-005
   255.0000     -1.643781881987818E-005
   256.0000     -1.422262937077131E-005
   257.0000     -1.221590085309609E-005
   258.0000     -1.040712865015983E-005
   259.0000     -8.785863499234499E-006
   260.0000     -7.341708434537637E-006
   261.0000     -6.064315775907433E-006
   262.0000     -4.943384164978261E-006
   263.0000     -3.968655652776109E-006
   264.0000     -3.129912846866320E-006
   265.0000     -2.416976133204975E-006
   266.0000     -1.819701001573762E-006
   267.0000     -1.327975530916178E-006
   268.0000     -9.317181493381103E-007
   269.0000     -6.208759188713990E-007
   270.0000     -3.854239407231679E-007
   271.0000     -2.153674841259040E-007
   272.0000     -1.007519779295687E-007
   273.0000     -3.170267451558688E-008
