  0.0000000E+00 -6.630660464366658E-002
   1.000000     -6.589910617579457E-002
   2.000000     -6.549319714185861E-002
   3.000000     -6.508887054736562E-002
   4.000000     -6.468612549681493E-002
   5.000000     -6.428495957454472E-002
   6.000000     -6.388537034540907E-002
   7.000000     -6.348735494279421E-002
   8.000000     -6.309091596868749E-002
   9.000000     -6.269602612219502E-002
   10.00000     -6.230273488566360E-002
   11.00000     -6.191127241900658E-002
   12.00000     -6.151961637085468E-002
   13.00000     -6.113559618301026E-002
   14.00000     -6.074643732541464E-002
   15.00000     -6.034600790887729E-002
   16.00000     -6.003619090345949E-002
   17.00000     -5.954750369869222E-002
   18.00000     -5.922415964859913E-002
   19.00000     -5.887607086334511E-002
   20.00000     -5.818885847750326E-002
   21.00000     -5.795000475984496E-002
   22.00000     -5.744814708793353E-002
   23.00000     -5.668066214563606E-002
   24.00000     -5.635190127554800E-002
   25.00000     -5.588765464601418E-002
   26.00000     -5.507598742090741E-002
   27.00000     -5.443673736026828E-002
   28.00000     -5.424863101847488E-002
   29.00000     -5.340955522315637E-002
   30.00000     -5.256119777767219E-002
   31.00000     -5.219163077719002E-002
   32.00000     -5.170607396282326E-002
   33.00000     -5.084653615693747E-002
   34.00000     -4.998447500988256E-002
   35.00000     -4.959324602156753E-002
   36.00000     -4.912161183990731E-002
   37.00000     -4.825957290360577E-002
   38.00000     -4.739972406212867E-002
   39.00000     -4.661209663326164E-002
   40.00000     -4.654328127536277E-002
   41.00000     -4.569147338525555E-002
   42.00000     -4.484519881308440E-002
   43.00000     -4.400537817188394E-002
   44.00000     -4.321450025199068E-002
   45.00000     -4.317277031971570E-002
   46.00000     -4.234816862115427E-002
   47.00000     -4.153210429255552E-002
   48.00000     -4.072514869551930E-002
   49.00000     -3.992777822258726E-002
   50.00000     -3.936297578314826E-002
   51.00000     -3.914040077011973E-002
   52.00000     -3.836338417987215E-002
   53.00000     -3.759702419813390E-002
   54.00000     -3.684157968789518E-002
   55.00000     -3.609726456049919E-002
   56.00000     -3.536425367417097E-002
   57.00000     -3.501618562693316E-002
   58.00000     -3.464268213565885E-002
   59.00000     -3.393266118069543E-002
   60.00000     -3.323426368189189E-002
   61.00000     -3.254753918026494E-002
   62.00000     -3.187251236259528E-002
   63.00000     -3.120918572808109E-002
   64.00000     -3.055754186376444E-002
   65.00000     -3.012866956780832E-002
   66.00000     -2.991754317373342E-002
   67.00000     -2.928914146274726E-002
   68.00000     -2.867226732546032E-002
   69.00000     -2.806684147439092E-002
   70.00000     -2.747277235073568E-002
   71.00000     -2.688995787555533E-002
   72.00000     -2.631828664881927E-002
   73.00000     -2.575763903542409E-002
   74.00000     -2.520788818504356E-002
   75.00000     -2.466890624305474E-002
   76.00000     -2.465066545235325E-002
   77.00000     -2.414053753787184E-002
   78.00000     -2.362265607373744E-002
   79.00000     -2.311510819010960E-002
   80.00000     -2.261774296982106E-002
   81.00000     -2.213040662319294E-002
   82.00000     -2.165294305705386E-002
   83.00000     -2.118519436663950E-002
   84.00000     -2.072700128088769E-002
   85.00000     -2.027820356742822E-002
   86.00000     -1.983864040120278E-002
   87.00000     -1.940815070110993E-002
   88.00000     -1.898657344885199E-002
   89.00000     -1.857374882090683E-002
   90.00000     -1.852779334352498E-002
   91.00000     -1.816951349526684E-002
   92.00000     -1.777371164194749E-002
   93.00000     -1.738618351717719E-002
   94.00000     -1.700677195172675E-002
   95.00000     -1.663532107630510E-002
   96.00000     -1.627167649292157E-002
   97.00000     -1.591568540620030E-002
   98.00000     -1.556719673718208E-002
   99.00000     -1.522606122293338E-002
   100.0000     -1.489213150347739E-002
   101.0000     -1.456526219717863E-002
   102.0000     -1.424530996556617E-002
   103.0000     -1.393213356848771E-002
   104.0000     -1.362559391041500E-002
   105.0000     -1.332555407866041E-002
   106.0000     -1.303187937422431E-002
   107.0000     -1.274443733598758E-002
   108.0000     -1.246309775912340E-002
   109.0000     -1.218773270979041E-002
   110.0000     -1.191821655286183E-002
   111.0000     -1.170060736904498E-002
   112.0000     -1.165442527354382E-002
   113.0000     -1.139623926641503E-002
   114.0000     -1.114353842752343E-002
   115.0000     -1.089620650242325E-002
   116.0000     -1.065412917179833E-002
   117.0000     -1.041719433900060E-002
   118.0000     -1.018529212117171E-002
   119.0000     -9.958314830877578E-003
   120.0000     -9.736156954694798E-003
   121.0000     -9.518715129768388E-003
   122.0000     -9.305888118717728E-003
   123.0000     -9.097576783129585E-003
   124.0000     -8.893684055831991E-003
   125.0000     -8.694114912114748E-003
   126.0000     -8.498776340049037E-003
   127.0000     -8.307577310042159E-003
   128.0000     -8.120428743754082E-003
   129.0000     -7.937243482488383E-003
   130.0000     -7.757936255163876E-003
   131.0000     -7.582423645961400E-003
   132.0000     -7.410624061733206E-003
   133.0000     -7.242457699254218E-003
   134.0000     -7.077846512388544E-003
   135.0000     -6.916714179234458E-003
   136.0000     -6.758986069311145E-003
   137.0000     -6.604589210837512E-003
   138.0000     -6.453452258155152E-003
   139.0000     -6.305505459336520E-003
   140.0000     -6.160680624021100E-003
   141.0000     -6.018911091512862E-003
   142.0000     -5.880131699170947E-003
   143.0000     -5.744278751123381E-003
   144.0000     -5.611289987328162E-003
   145.0000     -5.481104553003144E-003
   146.0000     -5.353662968446003E-003
   147.0000     -5.228907099260004E-003
   148.0000     -5.106780127002129E-003
   149.0000     -4.987226520264971E-003
   150.0000     -4.870192006207696E-003
   151.0000     -4.755623542546120E-003
   152.0000     -4.643469290022743E-003
   153.0000     -4.533678585392172E-003
   154.0000     -4.426201915040787E-003
   155.0000     -4.320990889780656E-003
   156.0000     -4.217998225163552E-003
   157.0000     -4.117177998379915E-003
   158.0000     -4.104201784697023E-003
   159.0000     -4.018483959498165E-003
   160.0000     -3.921873183078958E-003
   161.0000     -3.827302034815610E-003
   162.0000     -3.734728355476346E-003
   163.0000     -3.644110925764988E-003
   164.0000     -3.555409455317935E-003
   165.0000     -3.468584562233418E-003
   166.0000     -3.383597751959946E-003
   167.0000     -3.300411396406007E-003
   168.0000     -3.218988713429991E-003
   169.0000     -3.139293746747105E-003
   170.0000     -3.061291346263414E-003
   171.0000     -2.984947148834545E-003
   172.0000     -2.910227559446553E-003
   173.0000     -2.837099732812088E-003
   174.0000     -2.765531555378314E-003
   175.0000     -2.695491627736992E-003
   176.0000     -2.626949247432278E-003
   177.0000     -2.559874392159656E-003
   178.0000     -2.494237703347816E-003
   179.0000     -2.430010470116729E-003
   180.0000     -2.367164613606673E-003
   181.0000     -2.305672671669042E-003
   182.0000     -2.245507783913364E-003
   183.0000     -2.186643677102879E-003
   184.0000     -2.129054650892062E-003
   185.0000     -2.072715563899548E-003
   186.0000     -2.017601820108362E-003
   187.0000     -1.963689355588348E-003
   188.0000     -1.910954625532277E-003
   189.0000     -1.859374591600495E-003
   190.0000     -1.808926709566634E-003
   191.0000     -1.759588917257794E-003
   192.0000     -1.711339622783176E-003
   193.0000     -1.664157693044637E-003
   194.0000     -1.618022442522994E-003
   195.0000     -1.572913622332979E-003
   196.0000     -1.528811409542588E-003
   197.0000     -1.485696396749070E-003
   198.0000     -1.443549581906460E-003
   199.0000     -1.402352358398280E-003
   200.0000     -1.362086505351378E-003
   201.0000     -1.322734178182453E-003
   202.0000     -1.284277899374708E-003
   203.0000     -1.246700549477033E-003
   204.0000     -1.209985358321510E-003
   205.0000     -1.174115896454472E-003
   206.0000     -1.139076066773942E-003
   207.0000     -1.104850096371463E-003
   208.0000     -1.071422528570606E-003
   209.0000     -1.038778215159512E-003
   210.0000     -1.006902308811266E-003
   211.0000     -9.757802556884802E-004
   212.0000     -9.453977882269045E-004
   213.0000     -9.157409180944706E-004
   214.0000     -8.867959293203773E-004
   215.0000     -8.585493715913606E-004
   216.0000     -8.309880537095137E-004
   217.0000     -8.040990372090415E-004
   218.0000     -7.778696301269717E-004
   219.0000     -7.522873809247707E-004
   220.0000     -7.273400725562820E-004
   221.0000     -7.030157166791144E-004
   222.0000     -6.793025480054360E-004
   223.0000     -6.561890187887249E-004
   224.0000     -6.336637934431311E-004
   225.0000     -6.117157432920398E-004
   226.0000     -5.903339414427027E-004
   227.0000     -5.695076577835067E-004
   228.0000     -5.492263541010347E-004
   229.0000     -5.294796793136653E-004
   230.0000     -5.102574648188518E-004
   231.0000     -4.915497199511599E-004
   232.0000     -4.733466275483093E-004
   233.0000     -4.556385396222440E-004
   234.0000     -4.384159731327493E-004
   235.0000     -4.216696058609689E-004
   236.0000     -4.053902723800608E-004
   237.0000     -3.895689601207644E-004
   238.0000     -3.741968055292907E-004
   239.0000     -3.592650903149115E-004
   240.0000     -3.447652377856317E-004
   241.0000     -3.306888092686543E-004
   242.0000     -3.170275006144316E-004
   243.0000     -3.037731387813926E-004
   244.0000     -2.909176784997094E-004
   245.0000     -2.784531990117019E-004
   246.0000     -2.663719008871638E-004
   247.0000     -2.546661029114023E-004
   248.0000     -2.433282390442361E-004
   249.0000     -2.323508554480934E-004
   250.0000     -2.217266075832708E-004
   251.0000     -2.114482573685055E-004
   252.0000     -2.015086704056536E-004
   253.0000     -1.919008132658777E-004
   254.0000     -1.826177508365526E-004
   255.0000     -1.736526437268330E-004
   256.0000     -1.649987457303207E-004
   257.0000     -1.566494013434628E-004
   258.0000     -1.485980433379734E-004
   259.0000     -1.408381903861109E-004
   260.0000     -1.333634447369895E-004
   261.0000     -1.261674899428607E-004
   262.0000     -1.192440886338420E-004
   263.0000     -1.125870803398085E-004
   264.0000     -1.061903793580914E-004
   265.0000     -1.000479726658014E-004
   266.0000     -9.415391787547206E-005
   267.0000     -8.850234123276824E-005
   268.0000     -8.308743565524689E-005
   269.0000     -7.790345881079771E-005
   270.0000     -7.294473123476337E-005
   271.0000     -6.820563448463610E-005
   272.0000     -6.368060933116154E-005
   273.0000     -5.936415398488918E-005
   274.0000     -5.525082235707908E-005
   275.0000     -5.133522235398929E-005
   276.0000     -4.761201420353157E-005
   277.0000     -4.407590881337516E-005
   278.0000     -4.072166615947797E-005
   279.0000     -3.754409370425928E-005
   280.0000     -3.453804484339199E-005
   281.0000     -3.169841738042224E-005
   282.0000     -2.902015202835251E-005
   283.0000     -2.649823093735210E-005
   284.0000     -2.412767624784255E-005
   285.0000     -2.190354866819624E-005
   286.0000     -1.982094607626173E-005
   287.0000     -1.787500214411395E-005
   288.0000     -1.606088498538803E-005
   289.0000     -1.437379582454176E-005
   290.0000     -1.280896768768796E-005
   291.0000     -1.136166411449936E-005
   292.0000     -1.002717789094854E-005
   293.0000     -8.800829802876662E-006
   294.0000     -7.677967410485309E-006
   295.0000     -6.653963844373751E-006
   296.0000     -5.724216624157827E-006
   297.0000     -4.884146501561917E-006
   298.0000     -4.129196331068314E-006
   299.0000     -3.454829973007373E-006
   300.0000     -2.856531236986539E-006
   301.0000     -2.329802878419096E-006
   302.0000     -1.870165669031352E-006
   303.0000     -1.473157576694114E-006
   304.0000     -1.134333116244575E-006
   305.0000     -8.492629835269707E-007
   306.0000     -6.135341882686438E-007
   307.0000     -4.227511280218761E-007
   308.0000     -2.725385909626085E-007
   309.0000     -1.585491581220925E-007
   310.0000     -7.648225941145727E-008
   311.0000     -2.214235557415300E-008
