  0.0000000E+00 -6.522278965092113E-002
   1.000000     -6.435719432672143E-002
   2.000000     -6.426752723622199E-002
   3.000000     -6.233318429599177E-002
   4.000000     -6.073315683015271E-002
   5.000000     -5.959228770726790E-002
   6.000000     -5.642888787553363E-002
   7.000000     -5.333282921464289E-002
   8.000000     -5.305619844067015E-002
   9.000000     -4.962123333935418E-002
   10.00000     -4.622357003728204E-002
   11.00000     -4.292894558095202E-002
   12.00000     -4.037401620224568E-002
   13.00000     -3.977894555828471E-002
   14.00000     -3.679804404631422E-002
   15.00000     -3.399868079720622E-002
   16.00000     -3.138494235470600E-002
   17.00000     -2.895521411986400E-002
   18.00000     -2.670409288582674E-002
   19.00000     -2.462375874006144E-002
   20.00000     -2.270495340873067E-002
   21.00000     -2.093767192274372E-002
   22.00000     -1.944897643666960E-002
   23.00000     -1.931164532312835E-002
   24.00000     -1.781667332634610E-002
   25.00000     -1.644284342641272E-002
   26.00000     -1.518067548096923E-002
   27.00000     -1.402120615777283E-002
   28.00000     -1.295603430645393E-002
   29.00000     -1.197733784225053E-002
   30.00000     -1.107787111976327E-002
   31.00000     -1.025094919843966E-002
   32.00000     -9.490423636774095E-003
   33.00000     -8.790653152691402E-003
   34.00000     -8.146471530651933E-003
   35.00000     -7.553154452369726E-003
   36.00000     -7.006386411878058E-003
   37.00000     -6.502228498391395E-003
   38.00000     -6.037087555994816E-003
   39.00000     -5.607687030939165E-003
   40.00000     -5.211039675403798E-003
   41.00000     -4.844422176263985E-003
   42.00000     -4.505351707702270E-003
   43.00000     -4.191564359272494E-003
   44.00000     -3.900995360190038E-003
   45.00000     -3.631761001672480E-003
   46.00000     -3.382142148738819E-003
   47.00000     -3.150569228510466E-003
   48.00000     -2.935608581913037E-003
   49.00000     -2.735950068399013E-003
   50.00000     -2.550395817916454E-003
   51.00000     -2.377850030114568E-003
   52.00000     -2.217309727190039E-003
   53.00000     -2.067856373467921E-003
   54.00000     -1.928648281522594E-003
   55.00000     -1.798913731201702E-003
   56.00000     -1.677944734202978E-003
   57.00000     -1.565091382800023E-003
   58.00000     -1.459756726877382E-003
   59.00000     -1.361392128599504E-003
   60.00000     -1.269493048802038E-003
   61.00000     -1.183595223563987E-003
   62.00000     -1.103271193413464E-003
   63.00000     -1.028127151257230E-003
   64.00000     -9.578000784283983E-004
   65.00000     -8.919551412413548E-004
   66.00000     -8.302833231525774E-004
   67.00000     -7.724992700739752E-004
   68.00000     -7.183393285946863E-004
   69.00000     -6.675597588592574E-004
   70.00000     -6.199351056450741E-004
   71.00000     -5.752567127984814E-004
   72.00000     -5.333313676443203E-004
   73.00000     -4.939800632936947E-004
   74.00000     -4.570368679538572E-004
   75.00000     -4.223478914053263E-004
   76.00000     -3.897703397667781E-004
   77.00000     -3.591716505285223E-004
   78.00000     -3.304287006103681E-004
   79.00000     -3.034270808980437E-004
   80.00000     -2.780604313423669E-004
   81.00000     -2.542298312739780E-004
   82.00000     -2.318432401003132E-004
   83.00000     -2.108149734417824E-004
   84.00000     -1.910652847859335E-004
   85.00000     -1.725198166446704E-004
   86.00000     -1.551093607690918E-004
   87.00000     -1.387693364817114E-004
   88.00000     -1.234395698149570E-004
   89.00000     -1.090639339078895E-004
   90.00000     -9.559007710748688E-005
   91.00000     -8.296916433424212E-005
   92.00000     -7.115564054257015E-005
   93.00000     -6.010701498809665E-005
   94.00000     -4.978366529164443E-005
   95.00000     -4.014866060323606E-005
   96.00000     -3.116760354388890E-005
   97.00000     -2.280849107676933E-005
   98.00000     -1.504159509356103E-005
   99.00000     -7.839364397023668E-006
   100.0000     -1.176351087609215E-006
