  0.0000000E+00 -6.491785631622293E-002
   1.000000     -6.406087954684239E-002
   2.000000     -6.395326631499568E-002
   3.000000     -6.205055328328173E-002
   4.000000     -6.040313438736649E-002
   5.000000     -5.931992343014520E-002
   6.000000     -5.616623471159405E-002
   7.000000     -5.298908333104220E-002
   8.000000     -5.280274034137870E-002
   9.000000     -4.937650291797314E-002
   10.00000     -4.598712043196951E-002
   11.00000     -4.270036344252437E-002
   12.00000     -4.001567200862434E-002
   13.00000     -3.955784449628433E-002
   14.00000     -3.658406301322119E-002
   15.00000     -3.379148120016774E-002
   16.00000     -3.118420687575292E-002
   17.00000     -2.876064494205890E-002
   18.00000     -2.651541021674133E-002
   19.00000     -2.444069946866443E-002
   20.00000     -2.252726988085478E-002
   21.00000     -2.076513082183646E-002
   22.00000     -1.914402734623627E-002
   23.00000     -1.907508831479108E-002
   24.00000     -1.765376947282736E-002
   25.00000     -1.628445829727452E-002
   26.00000     -1.502662371830276E-002
   27.00000     -1.387131241782969E-002
   28.00000     -1.281013259296930E-002
   29.00000     -1.183527089334855E-002
   30.00000     -1.093948984276522E-002
   31.00000     -1.011611214822256E-002
   32.00000     -9.358996533824243E-003
   33.00000     -8.662508437391768E-003
   34.00000     -8.021487950686929E-003
   35.00000     -7.431216680435059E-003
   36.00000     -6.887384691155859E-003
   37.00000     -6.386058313492993E-003
   38.00000     -5.923649327290261E-003
   39.00000     -5.496885830387201E-003
   40.00000     -5.102784962169686E-003
   41.00000     -4.738627550569355E-003
   42.00000     -4.401934681491666E-003
   43.00000     -4.090446142407765E-003
   44.00000     -3.802100660998344E-003
   45.00000     -3.535017840776089E-003
   46.00000     -3.287481685188318E-003
   47.00000     -3.057925597327552E-003
   48.00000     -2.844918742224462E-003
   49.00000     -2.647153661413466E-003
   50.00000     -2.463435034058224E-003
   51.00000     -2.292669484685426E-003
   52.00000     -2.133856343982374E-003
   53.00000     -1.986079275799715E-003
   54.00000     -1.848498690208064E-003
   55.00000     -1.720344869010657E-003
   56.00000     -1.600911736398266E-003
   57.00000     -1.489551213375472E-003
   58.00000     -1.385668100148870E-003
   59.00000     -1.288715435830087E-003
   60.00000     -1.198190289567453E-003
   61.00000     -1.113629941589050E-003
   62.00000     -1.034608416631887E-003
   63.00000     -9.607333358681970E-004
   64.00000     -8.916430567426164E-004
   65.00000     -8.270040731277240E-004
   66.00000     -7.665086509141164E-004
   67.00000     -7.098726765985444E-004
   68.00000     -6.568336986424667E-004
   69.00000     -6.071491433651695E-004
   70.00000     -5.605946889306037E-004
   71.00000     -5.169627826038972E-004
   72.00000     -4.760612879095292E-004
   73.00000     -4.377122376780788E-004
   74.00000     -4.017507657971342E-004
   75.00000     -3.680239567764258E-004
   76.00000     -3.363900227325135E-004
   77.00000     -3.067173813400692E-004
   78.00000     -2.788838786133098E-004
   79.00000     -2.527760663162106E-004
   80.00000     -2.282885400848519E-004
   81.00000     -2.053233217114022E-004
   82.00000     -1.837893596065968E-004
   83.00000     -1.636018962216302E-004
   84.00000     -1.446821664801196E-004
   85.00000     -1.269568079479600E-004
   86.00000     -1.103575858654433E-004
   87.00000     -9.482098173707715E-005
   88.00000     -8.028787628811821E-005
   89.00000     -6.670325084125647E-005
   90.00000     -5.401591607159207E-005
   91.00000     -4.217826694244955E-005
   92.00000     -3.114606310136050E-005
   93.00000     -2.087823460324385E-005
   94.00000     -1.133671359672407E-005
   95.00000     -2.486293674013176E-006
