  0.0000000E+00 -6.558382676215790E-002
   1.000000     -6.471010237088379E-002
   2.000000     -6.463750770853671E-002
   3.000000     -6.266780727959063E-002
   4.000000     -6.112388946555147E-002
   5.000000     -5.991475540804476E-002
   6.000000     -5.673985815928929E-002
   7.000000     -5.373981230140693E-002
   8.000000     -5.335627973885748E-002
   9.000000     -4.991098386401668E-002
   10.00000     -4.650351642738786E-002
   11.00000     -4.319957722404750E-002
   12.00000     -4.079828073130700E-002
   13.00000     -4.004071984774717E-002
   14.00000     -3.705138859619792E-002
   15.00000     -3.424399641364821E-002
   16.00000     -3.162260472876902E-002
   17.00000     -2.918557585447197E-002
   18.00000     -2.692748524373486E-002
   19.00000     -2.484049323404124E-002
   20.00000     -2.291532325141784E-002
   21.00000     -2.114195335269012E-002
   22.00000     -1.989164328711680E-002
   23.00000     -1.951009894782469E-002
   24.00000     -1.800954466755867E-002
   25.00000     -1.663036479430297E-002
   26.00000     -1.536306633203604E-002
   27.00000     -1.419867409284415E-002
   28.00000     -1.312877585959015E-002
   29.00000     -1.214553920662481E-002
   30.00000     -1.124170881685955E-002
   31.00000     -1.041059069569871E-002
   32.00000     -9.646027918249613E-003
   33.00000     -8.942371246814365E-003
   34.00000     -8.294446998794027E-003
   35.00000     -7.697523841535586E-003
   36.00000     -7.147279674535213E-003
   37.00000     -6.639769382159028E-003
   38.00000     -6.171393965656364E-003
   39.00000     -5.738871365013960E-003
   40.00000     -5.339209139306365E-003
   41.00000     -4.969679073895203E-003
   42.00000     -4.627793713150123E-003
   43.00000     -4.311284770149955E-003
   44.00000     -4.018083334003384E-003
   45.00000     -3.746301776491053E-003
   46.00000     -3.494217249327214E-003
   47.00000     -3.260256658985298E-003
   48.00000     -3.042983005895325E-003
   49.00000     -2.841082977552536E-003
   50.00000     -2.653355689687713E-003
   51.00000     -2.478702475423235E-003
   52.00000     -2.316117628757049E-003
   53.00000     -2.164680015413142E-003
   54.00000     -2.023545470813179E-003
   55.00000     -1.891939911485744E-003
   56.00000     -1.769153092521178E-003
   57.00000     -1.654532949629229E-003
   58.00000     -1.547480469924554E-003
   59.00000     -1.447445040732372E-003
   60.00000     -1.353920230472730E-003
   61.00000     -1.266439960054738E-003
   62.00000     -1.184575027208084E-003
   63.00000     -1.107929949818731E-003
   64.00000     -1.036140097641493E-003
   65.00000     -9.688690847582471E-004
   66.00000     -9.058063978616771E-004
   67.00000     -8.466652378931534E-004
   68.00000     -7.911805547739831E-004
   69.00000     -7.391072569615667E-004
   70.00000     -6.902185793578445E-004
   71.00000     -6.443045947140472E-004
   72.00000     -6.011708551314329E-004
   73.00000     -5.606371515675989E-004
   74.00000     -5.225363804367198E-004
   75.00000     -4.867135074528293E-004
   76.00000     -4.530246198197201E-004
   77.00000     -4.213360587301826E-004
   78.00000     -3.915236249106264E-004
   79.00000     -3.634718506434313E-004
   80.00000     -3.370733323267443E-004
   81.00000     -3.122281181964970E-004
   82.00000     -2.888431463452043E-004
   83.00000     -2.668317286316621E-004
   84.00000     -2.461130764907343E-004
   85.00000     -2.266118650273762E-004
   86.00000     -2.082578321180545E-004
   87.00000     -1.909854095498876E-004
   88.00000     -1.747333835062984E-004
   89.00000     -1.594445819610792E-004
   90.00000     -1.450655867735574E-004
   91.00000     -1.315464684886365E-004
   92.00000     -1.188405420394486E-004
   93.00000     -1.069041417302480E-004
   94.00000     -9.569641404518362E-005
   95.00000     -8.517912698783104E-005
   96.00000     -7.531649481028581E-005
   97.00000     -6.607501714274879E-005
   98.00000     -5.742333169027078E-005
   99.00000     -4.933207982890140E-005
   100.0000     -4.177378461861985E-005
   101.0000     -3.472274096819928E-005
   102.0000     -2.815491795832686E-005
   103.0000     -2.204787368548232E-005
   104.0000     -1.638068348155263E-005
   105.0000     -1.113388307832074E-005
   106.0000     -6.289429369030861E-006
   107.0000     -1.830683135558955E-006
