  0.0000000E+00 -6.531076625546338E-002
   1.000000     -6.444293193683247E-002
   2.000000     -6.435794299471419E-002
   3.000000     -6.241472485647490E-002
   4.000000     -6.082837010713856E-002
   5.000000     -5.967086627262013E-002
   6.000000     -5.650466475117053E-002
   7.000000     -5.343200222758072E-002
   8.000000     -5.312932204929563E-002
   9.000000     -4.969183940756593E-002
   10.00000     -4.629178704514583E-002
   11.00000     -4.299489278189180E-002
   12.00000     -4.047740047975368E-002
   13.00000     -3.984273441499464E-002
   14.00000     -3.685977874851795E-002
   15.00000     -3.405845901816262E-002
   16.00000     -3.144285564237842E-002
   17.00000     -2.901134839609992E-002
   18.00000     -2.675852887231725E-002
   19.00000     -2.467657234583591E-002
   20.00000     -2.275621608344818E-002
   21.00000     -2.098745097971354E-002
   22.00000     -1.955684494172453E-002
   23.00000     -1.936000430082102E-002
   24.00000     -1.786367198560567E-002
   25.00000     -1.648853840983187E-002
   26.00000     -1.522512026538838E-002
   27.00000     -1.406445133099855E-002
   28.00000     -1.299812775953059E-002
   29.00000     -1.201832494634146E-002
   30.00000     -1.111779488921658E-002
   31.00000     -1.028985044129144E-002
   32.00000     -9.528341093799773E-003
   33.00000     -8.827623626005069E-003
   34.00000     -8.182530002752398E-003
   35.00000     -7.588334196444388E-003
   36.00000     -7.040719094097987E-003
   37.00000     -6.535744272860746E-003
   38.00000     -6.069815152954652E-003
   39.00000     -5.639653838770657E-003
   40.00000     -5.242271816924583E-003
   41.00000     -4.874944579767471E-003
   42.00000     -4.535188173147841E-003
   43.00000     -4.220737619999112E-003
   44.00000     -3.929527140492491E-003
   45.00000     -3.659672070549654E-003
   46.00000     -3.409452370096527E-003
   47.00000     -3.177297608077787E-003
   48.00000     -2.961773311108042E-003
   49.00000     -2.761568565360758E-003
   50.00000     -2.575484765901568E-003
   51.00000     -2.402425413440585E-003
   52.00000     -2.241386864892479E-003
   53.00000     -2.091449950824614E-003
   54.00000     -1.951772379586497E-003
   55.00000     -1.821581854471827E-003
   56.00000     -1.700169836553068E-003
   57.00000     -1.586885891774867E-003
   58.00000     -1.481132566458107E-003
   59.00000     -1.382360740531360E-003
   60.00000     -1.290065412570604E-003
   61.00000     -1.203781875099207E-003
   62.00000     -1.123082242594586E-003
   63.00000     -1.047572298285933E-003
   64.00000     -9.768886291320353E-004
   65.00000     -9.106960213632065E-004
   66.00000     -8.486850916811603E-004
   67.00000     -7.905701316590740E-004
   68.00000     -7.360871450933493E-004
   69.00000     -6.849920600508596E-004
   70.00000     -6.370590991505002E-004
   71.00000     -5.920792932343391E-004
   72.00000     -5.498591250390793E-004
   73.00000     -5.102192907884926E-004
   74.00000     -4.729935688062518E-004
   75.00000     -4.380277853098158E-004
   76.00000     -4.051788685008839E-004
   77.00000     -3.743139829277915E-004
   78.00000     -3.453097368696392E-004
   79.00000     -3.180514561894977E-004
   80.00000     -2.924325187330219E-004
   81.00000     -2.683537439161647E-004
   82.00000     -2.457228326580544E-004
   83.00000     -2.244538532780531E-004
   84.00000     -2.044667693955512E-004
   85.00000     -1.856870062512310E-004
   86.00000     -1.680450522146673E-004
   87.00000     -1.514760925590301E-004
   88.00000     -1.359196728734212E-004
   89.00000     -1.213193897513978E-004
   90.00000     -1.076226066440221E-004
   91.00000     -9.478019300238444E-005
   92.00000     -8.274628506236856E-005
   93.00000     -7.147806684992572E-005
   94.00000     -6.093557021550312E-005
   95.00000     -5.108149295206279E-005
   96.00000     -4.188103432642775E-005
   97.00000     -3.330174767970285E-005
   98.00000     -2.531341016125952E-005
   99.00000     -1.788791020282272E-005
   100.0000     -1.099915409682446E-005
   101.0000     -4.622994155512903E-006
