  0.0000000E+00 -1.718385588967015E-002
   1.000000     -1.576044299434205E-002
   2.000000     -1.439988532644334E-002
   3.000000     -1.310131289870025E-002
   4.000000     -1.186384841239349E-002
   5.000000     -1.068660766156815E-002
   6.000000     -9.568700075149556E-003
   7.000000     -8.509229435990846E-003
   8.000000     -7.507294828962373E-003
   9.000000     -6.561991888582247E-003
   10.00000     -5.672414443083528E-003
   11.00000     -4.837656690358992E-003
   12.00000     -4.056816098794812E-003
   13.00000     -3.328997314172160E-003
   14.00000     -2.653317492671200E-003
   15.00000     -2.028913705958207E-003
   16.00000     -1.454953446270229E-003
   17.00000     -9.306499345455714E-004
   18.00000     -4.552851944477939E-004
   19.00000     -2.824636691890786E-005
