  0.0000000E+00 -2.552418971711583E-002
   1.000000     -2.396565538726958E-002
   2.000000     -2.246798381291036E-002
   3.000000     -2.103023139661814E-002
   4.000000     -1.965144186798794E-002
   5.000000     -1.833064597523220E-002
   6.000000     -1.706686117035831E-002
   7.000000     -1.585909128824409E-002
   8.000000     -1.470632621995881E-002
   9.000000     -1.360754158078241E-002
   10.00000     -1.256169837347470E-002
   11.00000     -1.156774264747735E-002
   12.00000     -1.062460515486362E-002
   13.00000     -9.731201004002528E-003
   14.00000     -8.886429312121556E-003
   15.00000     -8.089172858129932E-003
   16.00000     -7.338297737354017E-003
   17.00000     -6.632653020123652E-003
   18.00000     -5.971070416508252E-003
   19.00000     -5.352363949937722E-003
   20.00000     -4.775329642975553E-003
   21.00000     -4.238745219159350E-003
   22.00000     -3.741369825667212E-003
   23.00000     -3.281943782628693E-003
   24.00000     -2.859188366351005E-003
   25.00000     -2.471805635645956E-003
   26.00000     -2.118478313223651E-003
   27.00000     -1.797869738078247E-003
   28.00000     -1.508623910806790E-003
   29.00000     -1.249365663153547E-003
   30.00000     -1.018700998258045E-003
   31.00000     -8.152176737289777E-004
   32.00000     -6.374861450878901E-004
   33.00000     -4.840610718321057E-004
   34.00000     -3.534837564308537E-004
   35.00000     -2.442862458871757E-004
   36.00000     -1.549986700705537E-004
   37.00000     -8.416364294583595E-005
   38.00000     -3.036874450618731E-005
