  0.0000000E+00 -1.988965848189052E-002
   1.000000     -1.842098950702905E-002
   2.000000     -1.701443748667396E-002
   3.000000     -1.566909943444193E-002
   4.000000     -1.438406208069344E-002
   5.000000     -1.315840182353048E-002
   6.000000     -1.199118471881854E-002
   7.000000     -1.088146652025597E-002
   8.000000     -9.828292783714472E-003
   9.000000     -8.830699054366155E-003
   10.00000     -7.887711160993805E-003
   11.00000     -6.998345649954240E-003
   12.00000     -6.161610402614925E-003
   13.00000     -5.376505496218446E-003
   14.00000     -4.642024391581919E-003
   15.00000     -3.957155565794905E-003
   16.00000     -3.320884760806208E-003
   17.00000     -2.732198101028335E-003
   18.00000     -2.190086465187109E-003
   19.00000     -1.693551717693061E-003
   20.00000     -1.241615786729380E-003
   21.00000     -8.333342730125494E-004
   22.00000     -4.678176231760355E-004
   23.00000     -1.442657216978346E-004
