  0.0000000E+00 -2.135845218873132E-002
   1.000000     -1.986581718650013E-002
   2.000000     -1.843493891800857E-002
   3.000000     -1.706490073246159E-002
   4.000000     -1.575477469393637E-002
   5.000000     -1.450362140370223E-002
   6.000000     -1.331048983710980E-002
   7.000000     -1.217441719994923E-002
   8.000000     -1.109442881057575E-002
   9.000000     -1.006953801583186E-002
   10.00000     -9.098746151170171E-003
   11.00000     -8.181042558484628E-003
   12.00000     -7.315404679458393E-003
   13.00000     -6.500798248080961E-003
   14.00000     -5.736177614240885E-003
   15.00000     -5.020486241926789E-003
   16.00000     -4.352657442522698E-003
   17.00000     -3.731615428632303E-003
   18.00000     -3.156276811698136E-003
   19.00000     -2.625552725323700E-003
   20.00000     -2.138351850117844E-003
   21.00000     -1.693584771270942E-003
   22.00000     -1.290170367969750E-003
   23.00000     -9.270454181212910E-004
   24.00000     -6.031795296119798E-004
   25.00000     -3.175994183776321E-004
   26.00000     -6.943085768208913E-005
