  0.0000000E+00 -0.100750079565861     
   1.000000     -9.902927708245249E-002
   2.000000     -9.772580628605748E-002
   3.000000     -9.574198365495544E-002
   4.000000     -9.156986050177784E-002
   5.000000     -9.143226467409429E-002
   6.000000     -8.641930774256150E-002
   7.000000     -8.097888477868560E-002
   8.000000     -7.852581512500502E-002
   9.000000     -7.541280851445266E-002
   10.00000     -6.989463248543000E-002
   11.00000     -6.453785499159927E-002
   12.00000     -5.941462332078128E-002
   13.00000     -5.599814385060345E-002
   14.00000     -5.456759541234212E-002
   15.00000     -5.001890233967668E-002
   16.00000     -4.577619720991646E-002
   17.00000     -4.183741931142634E-002
   18.00000     -3.819398130853578E-002
   19.00000     -3.483312734175580E-002
   20.00000     -3.173960714861530E-002
   21.00000     -2.889685971150395E-002
   22.00000     -2.628784031600738E-002
   23.00000     -2.389558861356646E-002
   24.00000     -2.170360924484134E-002
   25.00000     -1.986202694195530E-002
   26.00000     -1.969610078960691E-002
   27.00000     -1.785817651625144E-002
   28.00000     -1.617580689370342E-002
   29.00000     -1.463597909404943E-002
   30.00000     -1.322663381053637E-002
   31.00000     -1.193665081605962E-002
   32.00000     -1.075580926031890E-002
   33.00000     -9.674738973442974E-003
   34.00000     -8.684866958056082E-003
   35.00000     -7.778361952223690E-003
   36.00000     -6.948079054382071E-003
   37.00000     -6.187505755607205E-003
   38.00000     -5.490710255871042E-003
   39.00000     -4.852292602605781E-003
   40.00000     -4.267338947921218E-003
   41.00000     -3.731379050029245E-003
   42.00000     -3.240347026170140E-003
   43.00000     -2.790545284767042E-003
   44.00000     -2.378611513440435E-003
   45.00000     -2.001488569370825E-003
   46.00000     -1.656397103875498E-003
   47.00000     -1.340810750139492E-003
   48.00000     -1.052433709326807E-003
   49.00000     -7.891805845059835E-004
   50.00000     -5.491583339104425E-004
   51.00000     -3.306502465337110E-004
   52.00000     -1.321018877759753E-004
