  0.0000000E+00 -0.108766657209131     
   1.000000     -0.106945252099937     
   2.000000     -0.105896531296367     
   3.000000     -0.103216213163159     
   4.000000     -0.100218780264011     
   5.000000     -9.865714987741590E-002
   6.000000     -9.334405260849074E-002
   7.000000     -8.766420734731062E-002
   8.000000     -8.758077951111327E-002
   9.000000     -8.186365687584538E-002
   10.00000     -7.612691491413091E-002
   11.00000     -7.056257118699163E-002
   12.00000     -6.544309358797010E-002
   13.00000     -6.524178539094216E-002
   14.00000     -6.020715871062269E-002
   15.00000     -5.547956324192420E-002
   16.00000     -5.106632558628567E-002
   17.00000     -4.696485440029642E-002
   18.00000     -4.316608221354336E-002
   19.00000     -3.965680933928621E-002
   20.00000     -3.642137418815097E-002
   21.00000     -3.344283394670174E-002
   22.00000     -3.070379051139136E-002
   23.00000     -2.971673228050154E-002
   24.00000     -2.818694260408619E-002
   25.00000     -2.587550069640022E-002
   26.00000     -2.375338273868067E-002
   27.00000     -2.180539159740881E-002
   28.00000     -2.001728315550034E-002
   29.00000     -1.837579610470081E-002
   30.00000     -1.686864787479554E-002
   31.00000     -1.548450814142170E-002
   32.00000     -1.421295785695077E-002
   33.00000     -1.304443950194367E-002
   34.00000     -1.197020261842911E-002
   35.00000     -1.098224748557173E-002
   36.00000     -1.007326891803410E-002
   37.00000     -9.236601524030698E-003
   38.00000     -8.466167292195525E-003
   39.00000     -7.756426038372007E-003
   40.00000     -7.102329001463490E-003
   41.00000     -6.499275706425250E-003
   42.00000     -5.943074093629000E-003
   43.00000     -5.429903833290988E-003
   44.00000     -4.956282691069763E-003
   45.00000     -4.519035778622643E-003
   46.00000     -4.115267505151479E-003
   47.00000     -3.742336038534640E-003
   48.00000     -3.397830084414834E-003
   49.00000     -3.079547796287791E-003
   50.00000     -2.785477637536449E-003
   51.00000     -2.513781026261244E-003
   52.00000     -2.262776604787770E-003
   53.00000     -2.030925987276893E-003
   54.00000     -1.816820850486903E-003
   55.00000     -1.619171244163414E-003
   56.00000     -1.436795008582687E-003
   57.00000     -1.268608197363792E-003
   58.00000     -1.113616413767002E-003
   59.00000     -9.709069783561908E-004
   60.00000     -8.396418552168975E-004
   61.00000     -7.190512730677304E-004
   62.00000     -6.084279868504894E-004
   63.00000     -5.071221351621548E-004
   64.00000     -4.145366598737003E-004
   65.00000     -3.301232675792700E-004
   66.00000     -2.533789300303607E-004
   67.00000     -1.838429458232571E-004
   68.00000     -1.210946246681889E-004
   69.00000     -6.475172113599454E-005
   70.00000     -1.446986331883284E-005
