  0.0000000E+00 -0.112417505214842     
   1.000000     -0.110578039000997     
   2.000000     -0.109568698874763     
   3.000000     -0.106609829931804     
   4.000000     -0.104165845441778     
   5.000000     -0.101921614406369     
   6.000000     -9.649037997687843E-002
   7.000000     -9.170150370401783E-002
   8.000000     -9.069537052760809E-002
   9.000000     -8.479472712439977E-002
   10.00000     -7.895869292267813E-002
   11.00000     -7.330004669633702E-002
   12.00000     -6.973436175227572E-002
   13.00000     -6.788975901429377E-002
   14.00000     -6.276963466948195E-002
   15.00000     -5.796076101859542E-002
   16.00000     -5.347004411098287E-002
   17.00000     -4.929465617681111E-002
   18.00000     -4.542531201870820E-002
   19.00000     -4.184861060327111E-002
   20.00000     -3.854870383864252E-002
   21.00000     -3.550847699232870E-002
   22.00000     -3.419445072282545E-002
   23.00000     -3.271035980058844E-002
   24.00000     -3.013692598725003E-002
   25.00000     -2.777122299590532E-002
   26.00000     -2.559704726470266E-002
   27.00000     -2.359907907277451E-002
   28.00000     -2.176296014854899E-002
   29.00000     -2.007532225683240E-002
   30.00000     -1.852378249853494E-002
   31.00000     -1.709691627710570E-002
   32.00000     -1.578421584054081E-002
   33.00000     -1.457604008725015E-002
   34.00000     -1.346355969190251E-002
   35.00000     -1.243870040787886E-002
   36.00000     -1.149408652330013E-002
   37.00000     -1.062298580470561E-002
   38.00000     -9.819256794904157E-003
   39.00000     -9.077298993782507E-003
   40.00000     -8.392006209114693E-003
   41.00000     -7.758723193553389E-003
   42.00000     -7.173205565302999E-003
   43.00000     -6.631582929569351E-003
   44.00000     -6.130325065411524E-003
   45.00000     -5.666211010394271E-003
   46.00000     -5.236300857747360E-003
   47.00000     -4.837910073352504E-003
   48.00000     -4.468586139673872E-003
   49.00000     -4.126087338424943E-003
   50.00000     -3.808363491640933E-003
   51.00000     -3.513538490678423E-003
   52.00000     -3.239894453609073E-003
   53.00000     -2.985857362892749E-003
   54.00000     -2.749984046659486E-003
   55.00000     -2.530950378111194E-003
   56.00000     -2.327540578268101E-003
   57.00000     -2.138637517417274E-003
   58.00000     -1.963213920094229E-003
   59.00000     -1.800324387224098E-003
   60.00000     -1.649098157154266E-003
   61.00000     -1.508732534746165E-003
   62.00000     -1.378486924486220E-003
   63.00000     -1.257677409759871E-003
   64.00000     -1.145671826047975E-003
   65.00000     -1.041885280892083E-003
   66.00000     -9.457760780769690E-004
   67.00000     -8.568420076349664E-004
   68.00000     -7.746169670262289E-004
   69.00000     -6.986678822303131E-004
   70.00000     -6.285919005284725E-004
   71.00000     -5.640138295000444E-004
   72.00000     -5.045837992233830E-004
   73.00000     -4.499751268951880E-004
   74.00000     -3.998823650813189E-004
   75.00000     -3.540195166123195E-004
   76.00000     -3.121184007584727E-004
   77.00000     -2.739271567780754E-004
   78.00000     -2.392088722487777E-004
   79.00000     -2.077403247784960E-004
   80.00000     -1.793108267637423E-004
   81.00000     -1.537211638338723E-004
   82.00000     -1.307826185011008E-004
   83.00000     -1.103160713422309E-004
   84.00000     -9.215117278336430E-005
   85.00000     -7.612557926207791E-005
   86.00000     -6.208424822796733E-005
   87.00000     -4.987878715429796E-005
   88.00000     -3.936685254277259E-005
   89.00000     -3.041159595097689E-005
   90.00000     -2.288115564828809E-005
   91.00000     -1.664819526101808E-005
   92.00000     -1.158949628218908E-005
   93.00000     -7.585623843441072E-006
   94.00000     -4.520717657624944E-006
   95.00000     -2.282559821411087E-006
   96.00000     -7.634628794251265E-007
