  0.0000000E+00 -0.108917217027416     
   1.000000     -0.107094638858758     
   2.000000     -0.106048662431398     
   3.000000     -0.103356279072682     
   4.000000     -0.100381664566290     
   5.000000     -9.879188281731932E-002
   6.000000     -9.347389441512141E-002
   7.000000     -8.779385493252549E-002
   8.000000     -8.774627294832282E-002
   9.000000     -8.198461482769485E-002
   10.00000     -7.624377515176504E-002
   11.00000     -7.067553966439649E-002
   12.00000     -6.562014283384911E-002
   13.00000     -6.535110083789876E-002
   14.00000     -6.031290534538840E-002
   15.00000     -5.558195565636986E-002
   16.00000     -5.116552056041064E-002
   17.00000     -4.706099894207971E-002
   18.00000     -4.325931434175186E-002
   19.00000     -3.974725875992222E-002
   20.00000     -3.650916290493154E-002
   21.00000     -3.352807682323311E-002
   22.00000     -3.078659610849554E-002
   23.00000     -2.990151476561809E-002
   24.00000     -2.826741226278521E-002
   25.00000     -2.595373083624310E-002
   26.00000     -2.382946430483402E-002
   27.00000     -2.187941041050107E-002
   28.00000     -2.008932031406358E-002
   29.00000     -1.844592828483998E-002
   30.00000     -1.693694760153418E-002
   31.00000     -1.555104403725462E-002
   32.00000     -1.427779486998419E-002
   33.00000     -1.310763911543566E-002
   34.00000     -1.203182304330008E-002
   35.00000     -1.104234383727962E-002
   36.00000     -1.013189337906971E-002
   37.00000     -9.293803493163439E-003
   38.00000     -8.521993521490542E-003
   39.00000     -7.810920758900044E-003
   40.00000     -7.155534038535251E-003
   41.00000     -6.551230585098317E-003
   42.00000     -5.993816135158469E-003
   43.00000     -5.479468243121925E-003
   44.00000     -5.004702638899612E-003
   45.00000     -4.566342470993608E-003
   46.00000     -4.161490250963728E-003
   47.00000     -3.787502307801891E-003
   48.00000     -3.441965560510218E-003
   49.00000     -3.122676421848862E-003
   50.00000     -2.827621654111603E-003
   51.00000     -2.554961007680684E-003
   52.00000     -2.303011484129057E-003
   53.00000     -2.070233077159991E-003
   54.00000     -1.855215856271092E-003
   55.00000     -1.656668269416554E-003
   56.00000     -1.473406551942503E-003
   57.00000     -1.304345139585621E-003
   58.00000     -1.148487993331403E-003
   59.00000     -1.004920753448399E-003
   60.00000     -8.728036491304662E-004
   61.00000     -7.513650990364002E-004
   62.00000     -6.398959468354255E-004
   63.00000     -5.377442849942673E-004
   64.00000     -4.443108300156180E-004
   65.00000     -3.590448240237184E-004
   66.00000     -2.814404524493448E-004
   67.00000     -2.110337881416045E-004
   68.00000     -1.474003032044238E-004
   69.00000     -9.015304025988297E-005
   70.00000     -3.894162320366044E-005
