  0.0000000E+00 -0.109968264076534     
   1.000000     -0.108138480103018     
   2.000000     -0.107109065268699     
   3.000000     -0.104333787828535     
   4.000000     -0.101518498091856     
   5.000000     -9.973217671679825E-002
   6.000000     -9.438009827528977E-002
   7.000000     -8.894159864991726E-002
   8.000000     -8.865840768660682E-002
   9.000000     -8.282881738616199E-002
   10.00000     -7.705937893737314E-002
   11.00000     -7.146398195479324E-002
   12.00000     -6.685606540316689E-002
   13.00000     -6.611380636549596E-002
   14.00000     -6.105094432621200E-002
   15.00000     -5.629658469059302E-002
   16.00000     -5.185783383861312E-002
   17.00000     -4.773202249635095E-002
   18.00000     -4.391001147616346E-002
   19.00000     -4.037853477004023E-002
   20.00000     -3.712186934167904E-002
   21.00000     -3.412301545057669E-002
   22.00000     -3.136453805597657E-002
   23.00000     -3.119116215507496E-002
   24.00000     -2.882903766233650E-002
   25.00000     -2.649972680047499E-002
   26.00000     -2.436046540626500E-002
   27.00000     -2.239601572662494E-002
   28.00000     -2.059209599666993E-002
   29.00000     -1.893540964522885E-002
   30.00000     -1.741364100643316E-002
   31.00000     -1.601542864705260E-002
   32.00000     -1.473032423515977E-002
   33.00000     -1.354874264374472E-002
   34.00000     -1.246190734868146E-002
   35.00000     -1.146179398026904E-002
   36.00000     -1.054107400753447E-002
   37.00000     -9.693059891317947E-003
   38.00000     -8.911652574393310E-003
   39.00000     -8.191291838951415E-003
   40.00000     -7.526909819878359E-003
   41.00000     -6.913887791260770E-003
   42.00000     -6.348016224752736E-003
   43.00000     -5.825458037936764E-003
   44.00000     -5.342714898255997E-003
   45.00000     -4.896596415797335E-003
   46.00000     -4.484192040456332E-003
   47.00000     -4.102845471581272E-003
   48.00000     -3.750131387953823E-003
   49.00000     -3.423834310615018E-003
   50.00000     -3.121929418907820E-003
   51.00000     -2.842565149951810E-003
   52.00000     -2.584047422723196E-003
   53.00000     -2.344825339343832E-003
   54.00000     -2.123478227666366E-003
   55.00000     -1.918703900470880E-003
   56.00000     -1.729308017377130E-003
   57.00000     -1.554194445807395E-003
   58.00000     -1.392356526947488E-003
   59.00000     -1.242869161632586E-003
   60.00000     -1.104881639443551E-003
   61.00000     -9.776111420786277E-004
   62.00000     -8.603368593302256E-004
   63.00000     -7.523946628361622E-004
   64.00000     -6.531722893087903E-004
   65.00000     -5.621049913428607E-004
   66.00000     -4.786716203969546E-004
   67.00000     -4.023911134895773E-004
   68.00000     -3.328193631015534E-004
   69.00000     -2.695464596387276E-004
   70.00000     -2.121943091485367E-004
   71.00000     -1.604146486237488E-004
   72.00000     -1.138875125350315E-004
   73.00000     -7.232025801189298E-005
   74.00000     -3.544735556160477E-005
   75.00000     -3.031351494545152E-006
