  0.0000000E+00 -0.112464511821498     
   1.000000     -0.110796624891156     
   2.000000     -0.109144461275547     
   3.000000     -0.107507962681525     
   4.000000     -0.105887068103933     
   5.000000     -0.104281726439688     
   6.000000     -0.102691871256221     
   7.000000     -0.101117446020770     
   8.000000     -9.955839148399359E-002
   9.000000     -9.801464820190176E-002
   10.00000     -9.648615653466205E-002
   11.00000     -9.497285664544726E-002
   12.00000     -9.347468597544294E-002
   13.00000     -9.199159186176312E-002
   14.00000     -9.052350629807958E-002
   15.00000     -8.907037117161584E-002
   16.00000     -8.763212564285491E-002
   17.00000     -8.620870866817273E-002
   18.00000     -8.480005899859157E-002
   19.00000     -8.340611517861332E-002
   20.00000     -8.202681554496670E-002
   21.00000     -8.066209669270558E-002
   22.00000     -7.931190113741270E-002
   23.00000     -7.797616198705547E-002
   24.00000     -7.665481826747260E-002
   25.00000     -7.534780725841343E-002
   26.00000     -7.405506602648702E-002
   27.00000     -7.277653141868339E-002
   28.00000     -7.151214004346094E-002
   29.00000     -7.026182829710141E-002
   30.00000     -6.902553251806064E-002
   31.00000     -6.780318893232427E-002
   32.00000     -6.659473261515673E-002
   33.00000     -6.540009689536223E-002
   34.00000     -6.421921858127570E-002
   35.00000     -6.305204581475470E-002
   36.00000     -6.189852012744722E-002
   37.00000     -6.075852467881142E-002
   38.00000     -5.963191266873384E-002
   39.00000     -5.851873985612437E-002
   40.00000     -5.741937797570083E-002
   41.00000     -5.633380537852643E-002
   42.00000     -5.526057371163161E-002
   43.00000     -5.419805876944199E-002
   44.00000     -5.314860630023936E-002
   45.00000     -5.211929763340251E-002
   46.00000     -5.111122838503004E-002
   47.00000     -5.010757754162670E-002
   48.00000     -4.909125511181009E-002
   49.00000     -4.807569926106531E-002
   50.00000     -4.711643184892444E-002
   51.00000     -4.625967565082725E-002
   52.00000     -4.537489056304309E-002
   53.00000     -4.437841046125840E-002
   54.00000     -4.333087874748390E-002
   55.00000     -4.229128582097538E-002
   56.00000     -4.149401557821455E-002
   57.00000     -4.099258102399778E-002
   58.00000     -4.002964201513190E-002
   59.00000     -3.899142084809382E-002
   60.00000     -3.795455757795424E-002
   61.00000     -3.692954495064532E-002
   62.00000     -3.592241447064898E-002
   63.00000     -3.519290969296560E-002
   64.00000     -3.489553504130796E-002
   65.00000     -3.393363137900787E-002
   66.00000     -3.297401472601449E-002
   67.00000     -3.203084159768660E-002
   68.00000     -3.110531767895888E-002
   69.00000     -3.019784392363926E-002
   70.00000     -2.930863896633307E-002
   71.00000     -2.843805119009553E-002
   72.00000     -2.764885562772326E-002
   73.00000     -2.757089402950404E-002
   74.00000     -2.674838214919452E-002
   75.00000     -2.593221618238890E-002
   76.00000     -2.513372863382076E-002
   77.00000     -2.435300232515644E-002
   78.00000     -2.358992391722074E-002
   79.00000     -2.284433247882010E-002
   80.00000     -2.211604426953515E-002
   81.00000     -2.140486122231618E-002
   82.00000     -2.071057681466472E-002
   83.00000     -2.003298759224963E-002
   84.00000     -1.937197489851490E-002
   85.00000     -1.887348913968108E-002
   86.00000     -1.872549160009065E-002
   87.00000     -1.809738080301451E-002
   88.00000     -1.748415796189251E-002
   89.00000     -1.688634849767084E-002
   90.00000     -1.630374555875171E-002
   91.00000     -1.573610847806299E-002
   92.00000     -1.518318925183484E-002
   93.00000     -1.464473747057963E-002
   94.00000     -1.412050198081208E-002
   95.00000     -1.361023171858369E-002
   96.00000     -1.311367625166577E-002
   97.00000     -1.263058618899683E-002
   98.00000     -1.216071351651796E-002
   99.00000     -1.170381188830894E-002
   100.0000     -1.125963689534667E-002
   101.0000     -1.082794634495138E-002
   102.0000     -1.040850063396943E-002
   103.0000     -1.000106351224478E-002
   104.0000     -9.605404758522057E-003
   105.0000     -9.221319631282907E-003
   106.0000     -8.882337564406638E-003
   107.0000     -8.847383240364723E-003
   108.0000     -8.486549390534908E-003
   109.0000     -8.135693210213917E-003
   110.0000     -7.795444124225660E-003
   111.0000     -7.465602739316117E-003
   112.0000     -7.145957426935783E-003
   113.0000     -6.836296801188048E-003
   114.0000     -6.536411643168116E-003
   115.0000     -6.246095396605532E-003
   116.0000     -5.965144329959623E-003
   117.0000     -5.693357592355263E-003
   118.0000     -5.430537227153384E-003
   119.0000     -5.176488165085768E-003
   120.0000     -4.931018205789813E-003
   121.0000     -4.693937991806513E-003
   122.0000     -4.465060977164092E-003
   123.0000     -4.244203391784352E-003
   124.0000     -4.031184202534932E-003
   125.0000     -3.825825071497941E-003
   126.0000     -3.627950311910252E-003
   127.0000     -3.437386842132028E-003
   128.0000     -3.253964137953647E-003
   129.0000     -3.077514183500047E-003
   130.0000     -2.907871420966044E-003
   131.0000     -2.744872699385512E-003
   132.0000     -2.588357222617686E-003
   133.0000     -2.438166496714673E-003
   134.0000     -2.294144276816352E-003
   135.0000     -2.156136513706123E-003
   136.0000     -2.023991300145657E-003
   137.0000     -1.897558817096094E-003
   138.0000     -1.776691279923290E-003
   139.0000     -1.661242884672573E-003
   140.0000     -1.551069754489798E-003
   141.0000     -1.446029886259874E-003
   142.0000     -1.345983097524240E-003
   143.0000     -1.250790973730485E-003
   144.0000     -1.160316815864510E-003
   145.0000     -1.074425588508182E-003
   146.0000     -9.929838683577343E-004
   147.0000     -9.158597932381090E-004
   148.0000     -8.429230116398781E-004
   149.0000     -7.740446328031157E-004
   150.0000     -7.090971773679511E-004
   151.0000     -6.479545286092028E-004
   152.0000     -5.904918842686651E-004
   153.0000     -5.365857089948462E-004
   154.0000     -4.861136873984580E-004
   155.0000     -4.389546777303513E-004
   156.0000     -3.949886661828451E-004
   157.0000     -3.540967218172724E-004
   158.0000     -3.161609521169071E-004
   159.0000     -2.810644591616807E-004
   160.0000     -2.486912964218573E-004
   161.0000     -2.189264261638731E-004
   162.0000     -1.916556774626764E-004
   163.0000     -1.667657048108714E-004
   164.0000     -1.441439473163344E-004
   165.0000     -1.236785884775134E-004
   166.0000     -1.052585165247428E-004
   167.0000     -8.877328531515784E-005
   168.0000     -7.411307576822419E-005
   169.0000     -6.116865782725581E-005
   170.0000     -4.983135293272993E-005
   171.0000     -3.999299699096079E-005
   172.0000     -3.154590382252277E-005
   173.0000     -2.438282907333778E-005
   174.0000     -1.839693457086031E-005
   175.0000     -1.348175310807721E-005
   176.0000     -9.531153637002172E-006
   177.0000     -6.439306855110514E-006
   178.0000     -4.100651169799302E-006
   179.0000     -2.409859035207680E-006
   180.0000     -1.261803682877617E-006
   181.0000     -5.515263779026450E-007
   182.0000     -1.742049070554248E-007
   183.0000     -2.477290792480593E-008
