  0.0000000E+00 -9.759862414933354E-002
   1.000000     -9.592898949483868E-002
   2.000000     -9.448512829013757E-002
   3.000000     -9.279311939987622E-002
   4.000000     -8.865315057870277E-002
   5.000000     -8.809355285200794E-002
   6.000000     -8.369068505201178E-002
   7.000000     -7.834624009189647E-002
   8.000000     -7.495633780188536E-002
   9.000000     -7.287097580241213E-002
   10.00000     -6.743895020746887E-002
   11.00000     -6.216396705972536E-002
   12.00000     -5.711849966370478E-002
   13.00000     -5.234590527948325E-002
   14.00000     -5.227623992801026E-002
   15.00000     -4.786728043874657E-002
   16.00000     -4.369177547767346E-002
   17.00000     -3.981710911213927E-002
   18.00000     -3.623488389050197E-002
   19.00000     -3.293251915012875E-002
   20.00000     -2.989492701667400E-002
   21.00000     -2.710569729885147E-002
   22.00000     -2.454792561041199E-002
   23.00000     -2.220478235678014E-002
   24.00000     -2.005989399731387E-002
   25.00000     -1.809758896396421E-002
   26.00000     -1.630305007672765E-002
   27.00000     -1.597899619740704E-002
   28.00000     -1.466237034691203E-002
   29.00000     -1.316263943892318E-002
   30.00000     -1.179187864698307E-002
   31.00000     -1.053905219888814E-002
   32.00000     -9.394018936905751E-003
   33.00000     -8.347484332293952E-003
   34.00000     -7.390947423122663E-003
   35.00000     -6.516645780434228E-003
   36.00000     -5.717500516993225E-003
   37.00000     -4.987062691980927E-003
   38.00000     -4.319461846942175E-003
   39.00000     -3.709358248849052E-003
   40.00000     -3.151896049448044E-003
   41.00000     -2.642662651950948E-003
   42.00000     -2.177649146071011E-003
   43.00000     -1.753214847272083E-003
   44.00000     -1.366054804114195E-003
   45.00000     -1.013170293144830E-003
   46.00000     -6.918421692468402E-004
   47.00000     -3.996069523682831E-004
   48.00000     -1.342355628073398E-004
