  0.0000000E+00 -0.111849160119716     
   1.000000     -0.110011020992107     
   2.000000     -0.108999399718018     
   3.000000     -0.106081896577278     
   4.000000     -0.103551762909172     
   5.000000     -0.101413763319826     
   6.000000     -9.600086803135080E-002
   7.000000     -9.106116905274116E-002
   8.000000     -9.022299676628089E-002
   9.000000     -8.433870319507333E-002
   10.00000     -7.851811660985189E-002
   11.00000     -7.287414173612276E-002
   12.00000     -6.906669126533793E-002
   13.00000     -6.747780181043805E-002
   14.00000     -6.237095651187427E-002
   15.00000     -5.757472811536468E-002
   16.00000     -5.309606543001574E-002
   17.00000     -4.893217742873437E-002
   18.00000     -4.507381277557274E-002
   19.00000     -4.150760175079182E-002
   20.00000     -3.821772525551326E-002
   21.00000     -3.518709496571527E-002
   22.00000     -3.349779534031207E-002
   23.00000     -3.239816672773542E-002
   24.00000     -2.983353793797519E-002
   25.00000     -2.747627618992507E-002
   26.00000     -2.531019885423375E-002
   27.00000     -2.332000518290938E-002
   28.00000     -2.149135463326611E-002
   29.00000     -1.981089557569448E-002
   30.00000     -1.826626068689641E-002
   31.00000     -1.684603999946722E-002
   32.00000     -1.553973951930474E-002
   33.00000     -1.433773110019790E-002
   34.00000     -1.323119763243588E-002
   35.00000     -1.221207640266024E-002
   36.00000     -1.127300260243627E-002
   37.00000     -1.040725432006767E-002
   38.00000     -9.608699882575534E-003
   39.00000     -8.871748076980593E-003
   40.00000     -8.191301538251821E-003
   41.00000     -7.562713420386962E-003
   42.00000     -6.981747348383653E-003
   43.00000     -6.444540568429415E-003
   44.00000     -5.947570161148561E-003
   45.00000     -5.487622150498766E-003
   46.00000     -5.061763323201981E-003
   47.00000     -4.667315566195424E-003
   48.00000     -4.301832529370884E-003
   49.00000     -3.963078425538427E-003
   50.00000     -3.649008787417357E-003
   51.00000     -3.357753011301831E-003
   52.00000     -3.087598527989705E-003
   53.00000     -2.836976452972148E-003
   54.00000     -2.604448579325037E-003
   55.00000     -2.388695587918198E-003
   56.00000     -2.188506360271620E-003
   57.00000     -2.002768289514893E-003
   58.00000     -1.830458494383049E-003
   59.00000     -1.670635849972815E-003
   60.00000     -1.522433757092184E-003
   61.00000     -1.385053579473497E-003
   62.00000     -1.257758684917702E-003
   63.00000     -1.139869032626859E-003
   64.00000     -1.030756254608616E-003
   65.00000     -9.298391841368755E-004
   66.00000     -8.365797888747417E-004
   67.00000     -7.504794704489070E-004
   68.00000     -6.710756960514382E-004
   69.00000     -5.979389310761163E-004
   70.00000     -5.306698449114332E-004
   71.00000     -4.688967648503836E-004
   72.00000     -4.122733556796169E-004
   73.00000     -3.604765049207037E-004
   74.00000     -3.132043959636953E-004
   75.00000     -2.701747535211229E-004
   76.00000     -2.311232480222859E-004
   77.00000     -1.958020478850324E-004
   78.00000     -1.639785112369454E-004
   79.00000     -1.354340119271590E-004
   80.00000     -1.099628991322518E-004
   81.00000     -8.737159654770299E-005
   82.00000     -6.747785809079526E-005
   83.00000     -5.011021641990689E-005
   84.00000     -3.510769776941282E-005
   85.00000     -2.231995441729966E-005
   86.00000     -1.160814653819362E-005
   87.00000     -2.847383455390052E-006
