  0.0000000E+00 -7.390772218064393E-003
   1.000000     -6.973251577525555E-003
   2.000000     -6.567699916598058E-003
   3.000000     -6.173838717598627E-003
   4.000000     -5.791385555326253E-003
   5.000000     -5.420054868649450E-003
   6.000000     -5.059558845387410E-003
   7.000000     -4.709608416167632E-003
   8.000000     -4.369914348903710E-003
   9.000000     -4.040188431358302E-003
   10.00000     -3.720144725218255E-003
   11.00000     -3.409500871500382E-003
   12.00000     -3.107979424233050E-003
   13.00000     -2.815309187507642E-003
   14.00000     -2.531226530359698E-003
   15.00000     -2.255476654668783E-003
   16.00000     -1.987814793347361E-003
   17.00000     -1.728007319442319E-003
   18.00000     -1.475832751188090E-003
   19.00000     -1.231082643253117E-003
   20.00000     -9.935623601083122E-004
   21.00000     -7.630917332978954E-004
   22.00000     -5.395056101609924E-004
   23.00000     -3.226543070376849E-004
   24.00000     -1.124039851352032E-004
