  0.0000000E+00 -1.202519916938438E-002
   1.000000     -1.157320385733917E-002
   2.000000     -1.113289721531859E-002
   3.000000     -1.070401895949681E-002
   4.000000     -1.028630611637828E-002
   5.000000     -9.879493597143088E-003
   6.000000     -9.483314837592530E-003
   7.000000     -9.097502500230739E-003
   8.000000     -8.721789233034575E-003
   9.000000     -8.355908477435968E-003
   10.00000     -7.999595316096259E-003
   11.00000     -7.652587349266035E-003
   12.00000     -7.314625587050337E-003
   13.00000     -6.985455343822285E-003
   14.00000     -6.664826708236370E-003
   15.00000     -6.352497459867678E-003
   16.00000     -6.048229762400795E-003
   17.00000     -5.751795047669026E-003
   18.00000     -5.462972652342778E-003
   19.00000     -5.181550854370489E-003
   20.00000     -4.907327416952256E-003
   21.00000     -4.640110047935650E-003
   22.00000     -4.379716772852984E-003
   23.00000     -4.125976222252496E-003
   24.00000     -3.878727836226488E-003
   25.00000     -3.637821990998606E-003
   26.00000     -3.403120054114072E-003
   27.00000     -3.174494376148137E-003
   28.00000     -2.951828227888660E-003
   29.00000     -2.735015692616868E-003
   30.00000     -2.523961523266898E-003
   31.00000     -2.318580973896421E-003
   32.00000     -2.118799614224116E-003
   33.00000     -1.924553135478294E-003
   34.00000     -1.735787156101735E-003
   35.00000     -1.552457037397561E-003
   36.00000     -1.374527721746948E-003
   37.00000     -1.201973608516983E-003
   38.00000     -1.034778483694471E-003
   39.00000     -8.729355176083939E-004
   40.00000     -7.164473412954045E-004
   41.00000     -5.653262085665361E-004
   42.00000     -4.195942514405572E-004
   43.00000     -2.792838450685547E-004
   44.00000     -1.444381166034434E-004
   45.00000     -1.511166037498872E-005
