  0.0000000E+00 -1.506313365244920E-002
   1.000000     -1.458996657357498E-002
   2.000000     -1.412834447961602E-002
   3.000000     -1.367801749240570E-002
   4.000000     -1.323873361935702E-002
   5.000000     -1.281023923957431E-002
   6.000000     -1.239227963769995E-002
   7.000000     -1.198459958261491E-002
   8.000000     -1.158694394679141E-002
   9.000000     -1.119905836078607E-002
   10.00000     -1.082068989608239E-002
   11.00000     -1.045158776833139E-002
   12.00000     -1.009150405205372E-002
   13.00000     -9.740194397122190E-003
   14.00000     -9.397418736887781E-003
   15.00000     -9.062941977685417E-003
   16.00000     -8.736534659681067E-003
   17.00000     -8.417973579593181E-003
   18.00000     -8.107042366718997E-003
   19.00000     -7.803532004874027E-003
   20.00000     -7.507241294246757E-003
   21.00000     -7.217977248707971E-003
   22.00000     -6.935555425763230E-003
   23.00000     -6.659800188073374E-003
   24.00000     -6.390544897236131E-003
   25.00000     -6.127632042070552E-003
   26.00000     -5.870913304500913E-003
   27.00000     -5.620249565882224E-003
   28.00000     -5.375510855698000E-003
   29.00000     -5.136576244882767E-003
   30.00000     -4.903333690271710E-003
   31.00000     -4.675679845829713E-003
   32.00000     -4.453519866126043E-003
   33.00000     -4.236767227834344E-003
   34.00000     -4.025343574839400E-003
   35.00000     -3.819178550756131E-003
   36.00000     -3.618209537708467E-003
   37.00000     -3.422381208177449E-003
   38.00000     -3.231644852458489E-003
   39.00000     -3.045957572030770E-003
   40.00000     -2.865281581560372E-003
   41.00000     -2.689583948015482E-003
   42.00000     -2.518837023176551E-003
   43.00000     -2.353019567975430E-003
   44.00000     -2.192118203357253E-003
   45.00000     -2.036128522668691E-003
   46.00000     -1.885055139709368E-003
   47.00000     -1.738910200706528E-003
   48.00000     -1.597710389065637E-003
   49.00000     -1.461473025852094E-003
   50.00000     -1.330212319568698E-003
   51.00000     -1.203936979327395E-003
   52.00000     -1.082650162821851E-003
   53.00000     -9.663520693929929E-004
   54.00000     -8.550445740791024E-004
   55.00000     -7.487365006024745E-004
   56.00000     -6.474478652392652E-004
   57.00000     -5.512118590806429E-004
   58.00000     -4.600742371253799E-004
   59.00000     -3.740906705898833E-004
   60.00000     -2.933231168686270E-004
   61.00000     -2.178362997274488E-004
   62.00000     -1.476951482977759E-004
   63.00000     -8.296375882258148E-005
   64.00000     -2.370629998079625E-005
