  0.0000000E+00 -6.642144324689063E-003
   1.000000     -6.230480622617031E-003
   2.000000     -5.830840343379738E-003
   3.000000     -5.442941740493736E-003
   4.000000     -5.066498912397717E-003
   5.000000     -4.701222616605529E-003
   6.000000     -4.346821208718656E-003
   7.000000     -4.003001701911831E-003
   8.000000     -3.669470937924665E-003
   9.000000     -3.345936855858827E-003
   10.00000     -3.032109840488924E-003
   11.00000     -2.727704127725307E-003
   12.00000     -2.432439241663169E-003
   13.00000     -2.146041435652583E-003
   14.00000     -1.868245109275496E-003
   15.00000     -1.598794174157947E-003
   16.00000     -1.337443344183595E-003
   17.00000     -1.083959329780725E-003
   18.00000     -8.381219212876521E-004
   19.00000     -5.997249526346933E-004
   20.00000     -3.685771433556166E-004
   21.00000     -1.445028239307724E-004
