  0.0000000E+00 -6.325506040557850E-003
   1.000000     -5.916346559641111E-003
   2.000000     -5.519234466938801E-003
   3.000000     -5.133886626886186E-003
   4.000000     -4.760015639042991E-003
   5.000000     -4.397330671460415E-003
   6.000000     -4.045538424267605E-003
   7.000000     -3.704344219073058E-003
   8.000000     -3.373453204946553E-003
   9.000000     -3.052571666746579E-003
   10.00000     -2.741408416717371E-003
   11.00000     -2.439676245985945E-003
   12.00000     -2.147093409237551E-003
   13.00000     -1.863385113791811E-003
   14.00000     -1.588284983801957E-003
   15.00000     -1.321536471509935E-003
   16.00000     -1.062894190410081E-003
   17.00000     -8.121251496641936E-004
   18.00000     -5.690098749038145E-004
   19.00000     -3.333434073080882E-004
   20.00000     -1.049361801824063E-004
