  0.0000000E+00 -1.382119996676627E-002
   1.000000     -1.335656633162698E-002
   2.000000     -1.290353332380804E-002
   3.000000     -1.246184694868598E-002
   4.000000     -1.203125087908213E-002
   5.000000     -1.161148697457402E-002
   6.000000     -1.120229585499637E-002
   7.000000     -1.080341752501569E-002
   8.000000     -1.041459204512137E-002
   9.000000     -1.003556024280645E-002
   10.00000     -9.666064456207886E-003
   11.00000     -9.305849301088735E-003
   12.00000     -8.954662450895927E-003
   13.00000     -8.612255418751553E-003
   14.00000     -8.278384329736627E-003
   15.00000     -7.952810671711594E-003
   16.00000     -7.635302013247292E-003
   17.00000     -7.325632677978512E-003
   18.00000     -7.023584365819235E-003
   19.00000     -6.728946712948555E-003
   20.00000     -6.441517784189277E-003
   21.00000     -6.161104493264151E-003
   22.00000     -5.887522948357924E-003
   23.00000     -5.620598722317222E-003
   24.00000     -5.360167048691097E-003
   25.00000     -5.106072946582851E-003
   26.00000     -4.858171278832361E-003
   27.00000     -4.616326749121213E-003
   28.00000     -4.380413843829378E-003
   29.00000     -4.150316723876006E-003
   30.00000     -3.925929071010158E-003
   31.00000     -3.707153893573554E-003
   32.00000     -3.493903300113434E-003
   33.00000     -3.286098255171763E-003
   34.00000     -3.083668336981636E-003
   35.00000     -2.886551515918598E-003
   36.00000     -2.694693960406297E-003
   37.00000     -2.508049854102999E-003
   38.00000     -2.326581183925114E-003
   39.00000     -2.150257448864465E-003
   40.00000     -1.979055259289559E-003
   41.00000     -1.812957847960734E-003
   42.00000     -1.651954580973692E-003
   43.00000     -1.496040607347087E-003
   44.00000     -1.345216786428965E-003
   45.00000     -1.199489966577224E-003
   46.00000     -1.058873571749009E-003
   47.00000     -9.233883300874669E-004
   48.00000     -7.930629071543643E-004
   49.00000     -6.679342260033011E-004
   50.00000     -5.480473681152186E-004
   51.00000     -4.334551152452309E-004
   52.00000     -3.242173551980123E-004
   53.00000     -2.204006856046911E-004
   54.00000     -1.220785877171663E-004
   55.00000     -2.933251877055654E-005
