  0.0000000E+00 -1.280538731576852E-002
   1.000000     -1.234785698564294E-002
   2.000000     -1.190197590287764E-002
   3.000000     -1.146748656603949E-002
   4.000000     -1.104412894566939E-002
   5.000000     -1.063164103360220E-002
   6.000000     -1.022975945258568E-002
   7.000000     -9.838220122892448E-003
   8.000000     -9.456758980836831E-003
   9.000000     -9.085112742303766E-003
   10.00000     -8.723019702651637E-003
   11.00000     -8.370220562761169E-003
   12.00000     -8.026459269676586E-003
   13.00000     -7.691483859302475E-003
   14.00000     -7.365047288069741E-003
   15.00000     -7.046908240404371E-003
   16.00000     -6.736831899270261E-003
   17.00000     -6.434590667973671E-003
   18.00000     -6.139964832795075E-003
   19.00000     -5.852743157761798E-003
   20.00000     -5.572723404912576E-003
   21.00000     -5.299712775600913E-003
   22.00000     -5.033528270633427E-003
   23.00000     -4.773996969224930E-003
   24.00000     -4.520956228783257E-003
   25.00000     -4.274253809387608E-003
   26.00000     -4.033747928440974E-003
   27.00000     -3.799307252332794E-003
   28.00000     -3.570810832862115E-003
   29.00000     -3.348147996486777E-003
   30.00000     -3.131218194060462E-003
   31.00000     -2.919930817910416E-003
   32.00000     -2.714204992634530E-003
   33.00000     -2.513969346868576E-003
   34.00000     -2.319161775950329E-003
   35.00000     -2.129729209090726E-003
   36.00000     -1.945627396976326E-003
   37.00000     -1.766820733727118E-003
   38.00000     -1.593282119209420E-003
   39.00000     -1.424992855565835E-003
   40.00000     -1.261942560970024E-003
   41.00000     -1.104129081394368E-003
   42.00000     -9.515583929163147E-004
   43.00000     -8.042445123543890E-004
   44.00000     -6.622094653557571E-004
   45.00000     -5.254833865567548E-004
   46.00000     -3.941048353686025E-004
   47.00000     -2.681213998350072E-004
   48.00000     -1.475906372409423E-004
   49.00000     -3.258138111798424E-005
