  0.0000000E+00 -1.275020158208282E-002
   1.000000     -1.229306045792889E-002
   2.000000     -1.184757130829519E-002
   3.000000     -1.141347643751514E-002
   4.000000     -1.099051561080406E-002
   5.000000     -1.057842660528883E-002
   6.000000     -1.017694582169447E-002
   7.000000     -9.785808953369873E-003
   8.000000     -9.404751707538381E-003
   9.000000     -9.033510571843727E-003
   10.00000     -8.671823617497697E-003
   11.00000     -8.319431328739232E-003
   12.00000     -7.976077446972766E-003
   13.00000     -7.641509816970073E-003
   14.00000     -7.315481221962097E-003
   15.00000     -6.997750194373913E-003
   16.00000     -6.688081789397313E-003
   17.00000     -6.386248309526861E-003
   18.00000     -6.092029969571203E-003
   19.00000     -5.805215493426203E-003
   20.00000     -5.525602635945301E-003
   21.00000     -5.252998625459352E-003
   22.00000     -4.987220524771977E-003
   23.00000     -4.728095510650085E-003
   24.00000     -4.475461073880488E-003
   25.00000     -4.229165143814897E-003
   26.00000     -3.989066142954169E-003
   27.00000     -3.755032978464821E-003
   28.00000     -3.526944978473113E-003
   29.00000     -3.304691781314783E-003
   30.00000     -3.088173185574809E-003
   31.00000     -2.877298967944490E-003
   32.00000     -2.671988675393412E-003
   33.00000     -2.472171398832002E-003
   34.00000     -2.277785537899735E-003
   35.00000     -2.088778570066343E-003
   36.00000     -1.905106839740674E-003
   37.00000     -1.726735381692256E-003
   38.00000     -1.553637786061579E-003
   39.00000     -1.385796100883075E-003
   40.00000     -1.223200757318793E-003
   41.00000     -1.065850499691019E-003
   42.00000     -9.137523123405407E-004
   43.00000     -7.669213586100410E-004
   44.00000     -6.253809774505251E-004
   45.00000     -4.891628093788667E-004
   46.00000     -3.583071354122044E-004
   47.00000     -2.328635062485546E-004
   48.00000     -1.128917205697665E-004
