  0.0000000E+00 -7.562714664821668E-003
   1.000000     -7.143861156591418E-003
   2.000000     -6.736964543443528E-003
   3.000000     -6.341747038146613E-003
   4.000000     -5.957927000513803E-003
   5.000000     -5.585219699739743E-003
   6.000000     -5.223338187578742E-003
   7.000000     -4.871994278062655E-003
   8.000000     -4.530899625536223E-003
   9.000000     -4.199766888731926E-003
   10.00000     -3.878310964671873E-003
   11.00000     -3.566250272682766E-003
   12.00000     -3.263308066005726E-003
   13.00000     -2.969213746661452E-003
   14.00000     -2.683704158591801E-003
   15.00000     -2.406524834761235E-003
   16.00000     -2.137431175879349E-003
   17.00000     -1.876189541609097E-003
   18.00000     -1.622578239357459E-003
   19.00000     -1.376388400749239E-003
   20.00000     -1.137424741350460E-003
   21.00000     -9.055062048493665E-004
   22.00000     -6.804664984419179E-004
   23.00000     -4.621545314386213E-004
   24.00000     -2.504347739996531E-004
   25.00000     -4.518755745862012E-005
