# system            = k2        
# reduced mass (au) = 36424.96
# rho               = 25.00
# nr                = 5000
# r0                = 5.00
# rmax              = 50.00
# kappa             = 5.0000
# alpha1            = 5.0000
# q0                = .8000
# rotational q.n.   = 79
#
#  nu    j        Energy (a.u.)       Energy (K)        Energy (1/cm)        Energy (Hz)                 <R>               <R^2>            delta(R)              <R^-2>
     0    79   -0.1851222234E-01   -0.5845690530E+04   -0.4062963174E+08   -0.1218045717E+15    0.7497701634E+01    0.5624923263E+02    0.1835833221E+00    0.1782071553E-01
     1    79   -0.1810547264E-01   -0.5717249286E+04   -0.3973691934E+08   -0.1191282872E+15    0.7526175531E+01    0.5674474248E+02    0.3184719128E+00    0.1774991030E-01
     2    79   -0.1770170828E-01   -0.5589750736E+04   -0.3885075899E+08   -0.1164716453E+15    0.7555084378E+01    0.5724917414E+02    0.4121579600E+00    0.1767804442E-01
     3    79   -0.1730095516E-01   -0.5463203061E+04   -0.3797120757E+08   -0.1138348165E+15    0.7584412127E+01    0.5776237837E+02    0.4889489256E+00    0.1760523144E-01
     4    79   -0.1690323728E-01   -0.5337613837E+04   -0.3709831772E+08   -0.1112179586E+15    0.7614162949E+01    0.5828451054E+02    0.5559074802E+00    0.1753148855E-01
     5    79   -0.1650857707E-01   -0.5212990146E+04   -0.3623213867E+08   -0.1086212191E+15    0.7644351727E+01    0.5881589122E+02    0.6162612227E+00    0.1745678326E-01
     6    79   -0.1611699639E-01   -0.5089338894E+04   -0.3537271842E+08   -0.1060447420E+15    0.7674998003E+01    0.5935691727E+02    0.6718057223E+00    0.1738106333E-01
     7    79   -0.1572851758E-01   -0.4966667135E+04   -0.3452010599E+08   -0.1034886742E+15    0.7706122616E+01    0.5990801251E+02    0.7236620313E+00    0.1730427355E-01
     8    79   -0.1534316423E-01   -0.4844982314E+04   -0.3367435313E+08   -0.1009531710E+15    0.7737746261E+01    0.6046960652E+02    0.7725861237E+00    0.1722636293E-01
     9    79   -0.1496096156E-01   -0.4724292400E+04   -0.3283551523E+08   -0.9843839820E+14    0.7769889258E+01    0.6104213143E+02    0.8191168112E+00    0.1714728584E-01
    10    79   -0.1458193660E-01   -0.4604605927E+04   -0.3200365161E+08   -0.9594453380E+14    0.7802571953E+01    0.6162602811E+02    0.8636544631E+00    0.1706700007E-01
    11    79   -0.1420611808E-01   -0.4485931965E+04   -0.3117882529E+08   -0.9347176671E+14    0.7835815325E+01    0.6222175560E+02    0.9065063626E+00    0.1698546386E-01
    12    79   -0.1383353621E-01   -0.4368280056E+04   -0.3036110261E+08   -0.9102029579E+14    0.7869641536E+01    0.6282979986E+02    0.9479145264E+00    0.1690263333E-01
    13    79   -0.1346422254E-01   -0.4251660159E+04   -0.2955055278E+08   -0.8859032854E+14    0.7904074277E+01    0.6345067976E+02    0.9880736741E+00    0.1681846109E-01
    14    79   -0.1309820976E-01   -0.4136082603E+04   -0.2874724759E+08   -0.8618208015E+14    0.7939138907E+01    0.6408495006E+02    0.1027143357E+01    0.1673289582E-01
    15    79   -0.1273553172E-01   -0.4021558071E+04   -0.2795126129E+08   -0.8379577328E+14    0.7974862426E+01    0.6473320200E+02    0.1065256448E+01    0.1664588293E-01
    16    79   -0.1237622344E-01   -0.3908097624E+04   -0.2716267076E+08   -0.8143163833E+14    0.8011273357E+01    0.6539606276E+02    0.1102525264E+01    0.1655736560E-01
    17    79   -0.1202032122E-01   -0.3795712728E+04   -0.2638155570E+08   -0.7908991428E+14    0.8048401645E+01    0.6607419499E+02    0.1139046072E+01    0.1646728582E-01
    18    79   -0.1166786287E-01   -0.3684415315E+04   -0.2560799903E+08   -0.7677084973E+14    0.8086278619E+01    0.6676829765E+02    0.1174902443E+01    0.1637558513E-01
    19    79   -0.1131888780E-01   -0.3574217834E+04   -0.2484208728E+08   -0.7447470407E+14    0.8124937086E+01    0.6747910868E+02    0.1210167772E+01    0.1628220465E-01
    20    79   -0.1097343724E-01   -0.3465133304E+04   -0.2408391094E+08   -0.7220174858E+14    0.8164411546E+01    0.6820740976E+02    0.1244907171E+01    0.1618708463E-01
    21    79   -0.1063155434E-01   -0.3357175351E+04   -0.2333356470E+08   -0.6995226715E+14    0.8204738525E+01    0.6895403291E+02    0.1279178897E+01    0.1609016339E-01
    22    79   -0.1029328426E-01   -0.3250358235E+04   -0.2259114769E+08   -0.6772655695E+14    0.8245956966E+01    0.6971986833E+02    0.1313035429E+01    0.1599137607E-01
    23    79   -0.9958674223E-02   -0.3144696867E+04   -0.2185676354E+08   -0.6552492866E+14    0.8288108656E+01    0.7050587282E+02    0.1346524315E+01    0.1589065323E-01
    24    79   -0.9627773521E-02   -0.3040206814E+04   -0.2113052044E+08   -0.6334770663E+14    0.8331238615E+01    0.7131307817E+02    0.1379688843E+01    0.1578791978E-01
    25    79   -0.9300633543E-02   -0.2936904302E+04   -0.2041253118E+08   -0.6119522898E+14    0.8375395442E+01    0.7214259888E+02    0.1412568610E+01    0.1568309422E-01
    26    79   -0.8977307783E-02   -0.2834806223E+04   -0.1970291316E+08   -0.5906784767E+14    0.8420631575E+01    0.7299563925E+02    0.1445200032E+01    0.1557608845E-01
    27    79   -0.8657851871E-02   -0.2733930144E+04   -0.1900178848E+08   -0.5696592874E+14    0.8467003496E+01    0.7387349961E+02    0.1477616803E+01    0.1546680791E-01
    28    79   -0.8342323639E-02   -0.2634294327E+04   -0.1830928405E+08   -0.5488985271E+14    0.8514571881E+01    0.7477758236E+02    0.1509850334E+01    0.1535515214E-01
    29    79   -0.8030783206E-02   -0.2535917756E+04   -0.1762553184E+08   -0.5284001513E+14    0.8563401748E+01    0.7570939811E+02    0.1541930160E+01    0.1524101556E-01
    30    79   -0.7723293097E-02   -0.2438820175E+04   -0.1695066906E+08   -0.5081682741E+14    0.8613562624E+01    0.7667057287E+02    0.1573884304E+01    0.1512428812E-01
    31    79   -0.7419918375E-02   -0.2343022128E+04   -0.1628483850E+08   -0.4882071762E+14    0.8665128800E+01    0.7766285679E+02    0.1605739600E+01    0.1500485587E-01
    32    79   -0.7120726790E-02   -0.2248545010E+04   -0.1562818887E+08   -0.4685213156E+14    0.8718179685E+01    0.7868813516E+02    0.1637521951E+01    0.1488260113E-01
    33    79   -0.6825788930E-02   -0.2155411110E+04   -0.1498087509E+08   -0.4491153367E+14    0.8772800286E+01    0.7974844225E+02    0.1669256536E+01    0.1475740222E-01
    34    79   -0.6535178365E-02   -0.2063643661E+04   -0.1434305863E+08   -0.4299940801E+14    0.8829081848E+01    0.8084597822E+02    0.1700967941E+01    0.1462913286E-01
    35    79   -0.6248971783E-02   -0.1973266878E+04   -0.1371490778E+08   -0.4111625916E+14    0.8887122621E+01    0.8198312931E+02    0.1732680247E+01    0.1449766112E-01
    36    79   -0.5967249112E-02   -0.1884306000E+04   -0.1309659799E+08   -0.3926261303E+14    0.8947028775E+01    0.8316249150E+02    0.1764417068E+01    0.1436284808E-01
    37    79   -0.5690093635E-02   -0.1796787326E+04   -0.1248831203E+08   -0.3743901760E+14    0.9008915445E+01    0.8438689755E+02    0.1796201562E+01    0.1422454647E-01
    38    79   -0.5417592096E-02   -0.1710738248E+04   -0.1189024028E+08   -0.3564604360E+14    0.9072907884E+01    0.8565944777E+02    0.1828056424E+01    0.1408259910E-01
    39    79   -0.5149834808E-02   -0.1626187284E+04   -0.1130258096E+08   -0.3388428528E+14    0.9139142744E+01    0.8698354454E+02    0.1860003884E+01    0.1393683750E-01
    40    79   -0.4886915764E-02   -0.1543164115E+04   -0.1072554036E+08   -0.3215436107E+14    0.9207769479E+01    0.8836293141E+02    0.1892065705E+01    0.1378708062E-01
    41    79   -0.4628932763E-02   -0.1461699623E+04   -0.1015933312E+08   -0.3045691447E+14    0.9278951900E+01    0.8980173725E+02    0.1924263206E+01    0.1363313366E-01
    42    79   -0.4375987548E-02   -0.1381825936E+04   -0.9604182539E+07   -0.2879261490E+14    0.9352869917E+01    0.9130452689E+02    0.1956617286E+01    0.1347478706E-01
    43    79   -0.4128185968E-02   -0.1303576479E+04   -0.9060320935E+07   -0.2716215883E+14    0.9429721517E+01    0.9287635951E+02    0.1989148464E+01    0.1331181543E-01
    44    79   -0.3885638157E-02   -0.1226986029E+04   -0.8527990022E+07   -0.2556627090E+14    0.9509725054E+01    0.9452285687E+02    0.2021876918E+01    0.1314397650E-01
    45    79   -0.3648458734E-02   -0.1152090780E+04   -0.8007441358E+07   -0.2400570527E+14    0.9593121917E+01    0.9625028362E+02    0.2054822502E+01    0.1297100992E-01
    46    79   -0.3416767020E-02   -0.1078928410E+04   -0.7498936821E+07   -0.2248124702E+14    0.9680179691E+01    0.9806564270E+02    0.2088004752E+01    0.1279263566E-01
    47    79   -0.3190687268E-02   -0.1007538155E+04   -0.7002749119E+07   -0.2099371371E+14    0.9771195912E+01    0.9997678926E+02    0.2121442835E+01    0.1260855228E-01
    48    79   -0.2970348913E-02   -0.9379608883E+03   -0.6519162327E+07   -0.1954395698E+14    0.9866502550E+01    0.1019925676E+03    0.2155155462E+01    0.1241843456E-01
    49    79   -0.2755886821E-02   -0.8702391962E+03   -0.6048472441E+07   -0.1813286420E+14    0.9966471406E+01    0.1041229770E+03    0.2189160722E+01    0.1222193073E-01
    50    79   -0.2547441550E-02   -0.8044174637E+03   -0.5590987950E+07   -0.1676136020E+14    0.1007152061E+02    0.1063793723E+03    0.2223475847E+01    0.1201865915E-01
    51    79   -0.2345159614E-02   -0.7405419562E+03   -0.5147030417E+07   -0.1543040900E+14    0.1018212251E+02    0.1087747107E+03    0.2258116884E+01    0.1180820435E-01
    52    79   -0.2149193747E-02   -0.6786609033E+03   -0.4716935054E+07   -0.1414101554E+14    0.1029881329E+02    0.1113238547E+03    0.2293098251E+01    0.1159011232E-01
    53    79   -0.1959703172E-02   -0.6188245834E+03   -0.4301051314E+07   -0.1289422745E+14    0.1042220477E+02    0.1140439486E+03    0.2328432171E+01    0.1136388502E-01
    54    79   -0.1776853861E-02   -0.5610854060E+03   -0.3899743461E+07   -0.1169113678E+14    0.1055299910E+02    0.1169548910E+03    0.2364127941E+01    0.1112897393E-01
    55    79   -0.1600818797E-02   -0.5054979952E+03   -0.3513391153E+07   -0.1053288170E+14    0.1069200711E+02    0.1200799328E+03    0.2400190994E+01    0.1088477225E-01
    56    79   -0.1431778232E-02   -0.4521192701E+03   -0.3142389997E+07   -0.9420648211E+13    0.1084017155E+02    0.1234464446E+03    0.2436621702E+01    0.1063060554E-01
    57    79   -0.1269919940E-02   -0.4010085245E+03   -0.2787152106E+07   -0.8355671808E+13    0.1099859709E+02    0.1270869140E+03    0.2473413828E+01    0.1036572017E-01
    58    79   -0.1115439458E-02   -0.3522275046E+03   -0.2448106640E+07   -0.7339239069E+13    0.1116858924E+02    0.1310402595E+03    0.2510552509E+01    0.1008926885E-01
    59    79   -0.9685403353E-03   -0.3058404854E+03   -0.2125700331E+07   -0.6372689271E+13    0.1135170610E+02    0.1353535945E+03    0.2548011597E+01    0.9800291971E-02
    60    79   -0.8294343712E-03   -0.2619143483E+03   -0.1820398029E+07   -0.5457415995E+13    0.1154982826E+02    0.1400846365E+03    0.2585750091E+01    0.9497693132E-02
    61    79   -0.6983418814E-03   -0.2205186632E+03   -0.1532683270E+07   -0.4594868848E+13    0.1176525525E+02    0.1453050708E+03    0.2623707265E+01    0.9180206107E-02
    62    79   -0.5754920000E-03   -0.1817257849E+03   -0.1263058946E+07   -0.3786555459E+13    0.1200084199E+02    0.1511053656E+03    0.2661795869E+01    0.8846348995E-02
    63    79   -0.4611230804E-03   -0.1456109793E+03   -0.1012048181E+07   -0.3034044117E+13    0.1226019757E+02    0.1576018633E+03    0.2699892359E+01    0.8494358471E-02
    64    79   -0.3554832973E-03   -0.1122526138E+03   -0.7801956563E+06   -0.2338967735E+13    0.1254798479E+02    0.1649475937E+03    0.2737822378E+01    0.8122091737E-02
    65    79   -0.2588316690E-03   -0.8173247969E+02   -0.5680698515E+06   -0.1703030571E+13    0.1287039128E+02    0.1733494734E+03    0.2775338126E+01    0.7726872731E-02
    66    79   -0.1714399826E-03   -0.5413640049E+02   -0.3762672698E+06   -0.1128020897E+13    0.1323591210E+02    0.1830971668E+03    0.2812080674E+01    0.7305234425E-02
    67    79   -0.9359678097E-04   -0.2955549075E+02   -0.2054211900E+06   -0.6158372348E+12    0.1365674710E+02    0.1946150596E+03    0.2847510894E+01    0.6852446858E-02
    68    79   -0.2561643980E-04   -0.8089022311E+01   -0.5622158681E+05   -0.1685480770E+12    0.1415155814E+02    0.2085653996E+03    0.2880764102E+01    0.6361544893E-02
