# system            = k2        
# reduced mass (au) = 36424.96
# rho               = 25.00
# nr                = 5000
# r0                = 5.00
# rmax              = 50.00
# kappa             = 5.0000
# alpha1            = 5.0000
# q0                = .8000
# rotational q.n.   = 96
#
#  nu    j        Energy (a.u.)       Energy (K)        Energy (1/cm)        Energy (Hz)                 <R>               <R^2>            delta(R)              <R^-2>
     0    96   -0.1778345416E-01   -0.5615564012E+04   -0.3903017045E+08   -0.1170095074E+15    0.7530023478E+01    0.5673520002E+02    0.1842456006E+00    0.1766801141E-01
     1    96   -0.1737963858E-01   -0.5488049291E+04   -0.3814389772E+08   -0.1143525285E+15    0.7559004131E+01    0.5724070683E+02    0.3196300628E+00    0.1759593615E-01
     2    96   -0.1697885241E-01   -0.5361491177E+04   -0.3726427374E+08   -0.1117154822E+15    0.7588435376E+01    0.5775547860E+02    0.4136751570E+00    0.1752277780E-01
     3    96   -0.1658111700E-01   -0.5235896418E+04   -0.3639134542E+08   -0.1090985089E+15    0.7618302674E+01    0.5827939138E+02    0.4907705709E+00    0.1744864222E-01
     4    96   -0.1618645558E-01   -0.5111272345E+04   -0.3552516371E+08   -0.1065017615E+15    0.7648610172E+01    0.5881260611E+02    0.5580040700E+00    0.1737354902E-01
     5    96   -0.1579489182E-01   -0.4987626436E+04   -0.3466578060E+08   -0.1039253957E+15    0.7679372760E+01    0.5935545085E+02    0.6186152817E+00    0.1729746932E-01
     6    96   -0.1540644972E-01   -0.4864966269E+04   -0.3381324874E+08   -0.1013695695E+15    0.7710610612E+01    0.5990834022E+02    0.6744065652E+00    0.1722035196E-01
     7    96   -0.1502115394E-01   -0.4743299628E+04   -0.3296762224E+08   -0.9883444506E+14    0.7742345863E+01    0.6047172620E+02    0.7265030926E+00    0.1714213976E-01
     8    96   -0.1463903023E-01   -0.4622634647E+04   -0.3212895763E+08   -0.9632019182E+14    0.7774600933E+01    0.6104607349E+02    0.7756634694E+00    0.1706277770E-01
     9    96   -0.1426010580E-01   -0.4502979919E+04   -0.3129731464E+08   -0.9382698885E+14    0.7807398004E+01    0.6163185193E+02    0.8224283158E+00    0.1698221558E-01
    10    96   -0.1388440949E-01   -0.4384344548E+04   -0.3047275655E+08   -0.9135502588E+14    0.7840759182E+01    0.6222953934E+02    0.8671993888E+00    0.1690040731E-01
    11    96   -0.1351197178E-01   -0.4266738160E+04   -0.2965535026E+08   -0.8890450347E+14    0.7874707002E+01    0.6283962945E+02    0.9102851713E+00    0.1681730861E-01
    12    96   -0.1314282472E-01   -0.4150170875E+04   -0.2884516610E+08   -0.8647563246E+14    0.7909264986E+01    0.6346264106E+02    0.9519288030E+00    0.1673287444E-01
    13    96   -0.1277700178E-01   -0.4034653265E+04   -0.2804227756E+08   -0.8406863317E+14    0.7944458121E+01    0.6409912589E+02    0.9923260807E+00    0.1664705704E-01
    14    96   -0.1241453779E-01   -0.3920196326E+04   -0.2724676105E+08   -0.8168373469E+14    0.7980313159E+01    0.6474967419E+02    0.1031637568E+01    0.1655980482E-01
    15    96   -0.1205546885E-01   -0.3806811458E+04   -0.2645869583E+08   -0.7932117457E+14    0.8016858758E+01    0.6541491804E+02    0.1069997054E+01    0.1647106212E-01
    16    96   -0.1169983237E-01   -0.3694510472E+04   -0.2567816397E+08   -0.7698119892E+14    0.8054125500E+01    0.6609553289E+02    0.1107517638E+01    0.1638076971E-01
    17    96   -0.1134766713E-01   -0.3583305615E+04   -0.2490525060E+08   -0.7466406293E+14    0.8092145852E+01    0.6679223835E+02    0.1144296233E+01    0.1628886554E-01
    18    96   -0.1099901343E-01   -0.3473209616E+04   -0.2414004418E+08   -0.7237003180E+14    0.8130954129E+01    0.6750579917E+02    0.1180416932E+01    0.1619528553E-01
    19    96   -0.1065391326E-01   -0.3364235730E+04   -0.2338263685E+08   -0.7009938175E+14    0.8170586526E+01    0.6823702728E+02    0.1215953580E+01    0.1609996408E-01
    20    96   -0.1031241044E-01   -0.3256397798E+04   -0.2263312480E+08   -0.6785240117E+14    0.8211081240E+01    0.6898678536E+02    0.1250971716E+01    0.1600283411E-01
    21    96   -0.9974550813E-02   -0.3149710292E+04   -0.2189160863E+08   -0.6562939160E+14    0.8252478693E+01    0.6975599214E+02    0.1285530070E+01    0.1590382668E-01
    22    96   -0.9640382327E-02   -0.3044188355E+04   -0.2115819357E+08   -0.6343066859E+14    0.8294821854E+01    0.7054562937E+02    0.1319681698E+01    0.1580287023E-01
    23    96   -0.9309955164E-02   -0.2939847834E+04   -0.2043298978E+08   -0.6125656230E+14    0.8338156616E+01    0.7135674995E+02    0.1353474860E+01    0.1569988953E-01
    24    96   -0.8983321799E-02   -0.2836705297E+04   -0.1971611240E+08   -0.5910741799E+14    0.8382532220E+01    0.7219048700E+02    0.1386953705E+01    0.1559480457E-01
    25    96   -0.8660537041E-02   -0.2734778053E+04   -0.1900768175E+08   -0.5698359632E+14    0.8428001672E+01    0.7304806328E+02    0.1420158828E+01    0.1548752961E-01
    26    96   -0.8341658081E-02   -0.2634084161E+04   -0.1830782332E+08   -0.5488547355E+14    0.8474622144E+01    0.7393080069E+02    0.1453127730E+01    0.1537797244E-01
    27    96   -0.8026744523E-02   -0.2534642442E+04   -0.1761666795E+08   -0.5281344187E+14    0.8522455342E+01    0.7484012970E+02    0.1485895235E+01    0.1526603392E-01
    28    96   -0.7715858439E-02   -0.2436472498E+04   -0.1693435187E+08   -0.5076790970E+14    0.8571567837E+01    0.7577759881E+02    0.1518493864E+01    0.1515160787E-01
    29    96   -0.7409064439E-02   -0.2339594730E+04   -0.1626101687E+08   -0.4874930216E+14    0.8622031394E+01    0.7674488426E+02    0.1550954189E+01    0.1503458126E-01
    30    96   -0.7106429766E-02   -0.2244030372E+04   -0.1559681053E+08   -0.4675806167E+14    0.8673923292E+01    0.7774380053E+02    0.1583305166E+01    0.1491483442E-01
    31    96   -0.6808024413E-02   -0.2149801526E+04   -0.1494188648E+08   -0.4479464876E+14    0.8727326700E+01    0.7877631209E+02    0.1615574439E+01    0.1479224146E-01
    32    96   -0.6513921259E-02   -0.2056931206E+04   -0.1429640467E+08   -0.4285954297E+14    0.8782331119E+01    0.7984454721E+02    0.1647788617E+01    0.1466667039E-01
    33    96   -0.6224196225E-02   -0.1965443385E+04   -0.1366053172E+08   -0.4095324382E+14    0.8839032939E+01    0.8095081429E+02    0.1679973508E+01    0.1453798315E-01
    34    96   -0.5938928438E-02   -0.1875363049E+04   -0.1303444130E+08   -0.3907627195E+14    0.8897536124E+01    0.8209762147E+02    0.1712154313E+01    0.1440603528E-01
    35    96   -0.5658200396E-02   -0.1786716250E+04   -0.1241831446E+08   -0.3722917016E+14    0.8957953061E+01    0.8328770009E+02    0.1744355769E+01    0.1427067528E-01
    36    96   -0.5382098142E-02   -0.1699530157E+04   -0.1181234006E+08   -0.3541250461E+14    0.9020405581E+01    0.8452403240E+02    0.1776602248E+01    0.1413174356E-01
    37    96   -0.5110711435E-02   -0.1613833115E+04   -0.1121671508E+08   -0.3362686585E+14    0.9085026167E+01    0.8580988414E+02    0.1808917819E+01    0.1398907123E-01
    38    96   -0.4844133914E-02   -0.1529654691E+04   -0.1063164505E+08   -0.3187287002E+14    0.9151959359E+01    0.8714884255E+02    0.1841326271E+01    0.1384247852E-01
    39    96   -0.4582463274E-02   -0.1447025737E+04   -0.1005734438E+08   -0.3015115992E+14    0.9221363370E+01    0.8854486042E+02    0.1873851117E+01    0.1369177309E-01
    40    96   -0.4325801443E-02   -0.1365978437E+04   -0.9494036771E+07   -0.2846240620E+14    0.9293411941E+01    0.9000230716E+02    0.1906515579E+01    0.1353674824E-01
    41    96   -0.4074254767E-02   -0.1286546373E+04   -0.8941955630E+07   -0.2680730858E+14    0.9368296452E+01    0.9152602801E+02    0.1939342568E+01    0.1337718105E-01
    42    96   -0.3827934211E-02   -0.1208764586E+04   -0.8401344499E+07   -0.2518659718E+14    0.9446228353E+01    0.9312141297E+02    0.1972354651E+01    0.1321283040E-01
    43    96   -0.3586955586E-02   -0.1132669645E+04   -0.7872457551E+07   -0.2360103400E+14    0.9527441969E+01    0.9479447765E+02    0.2005574026E+01    0.1304343499E-01
    44    96   -0.3351439791E-02   -0.1058299727E+04   -0.7355560126E+07   -0.2205141450E+14    0.9612197774E+01    0.9655195870E+02    0.2039022474E+01    0.1286871114E-01
    45    96   -0.3121513081E-02   -0.9856947007E+03   -0.6850929329E+07   -0.2053856943E+14    0.9700786240E+01    0.9840142729E+02    0.2072721306E+01    0.1268835047E-01
    46    96   -0.2897307379E-02   -0.9148962234E+03   -0.6358854689E+07   -0.1906336677E+14    0.9793532421E+01    0.1003514254E+03    0.2106691271E+01    0.1250201714E-01
    47    96   -0.2678960596E-02   -0.8459478446E+03   -0.5879638893E+07   -0.1762671396E+14    0.9890801447E+01    0.1024116306E+03    0.2140952434E+01    0.1230934469E-01
    48    96   -0.2466617006E-02   -0.7788951218E+03   -0.5413598582E+07   -0.1622956025E+14    0.9993005181E+01    0.1045930571E+03    0.2175523973E+01    0.1210993233E-01
    49    96   -0.2260427640E-02   -0.7137857470E+03   -0.4961065231E+07   -0.1487289940E+14    0.1010061034E+02    0.1069083031E+03    0.2210423905E+01    0.1190334029E-01
    50    96   -0.2060550724E-02   -0.6506696838E+03   -0.4522386106E+07   -0.1355777247E+14    0.1021414851E+02    0.1093718577E+03    0.2245668688E+01    0.1168908436E-01
    51    96   -0.1867152156E-02   -0.5895993185E+03   -0.4097925311E+07   -0.1228527102E+14    0.1033422858E+02    0.1120004853E+03    0.2281272666E+01    0.1146662909E-01
    52    96   -0.1680406028E-02   -0.5306296252E+03   -0.3688064935E+07   -0.1105654052E+14    0.1046155233E+02    0.1148137123E+03    0.2317247325E+01    0.1123537938E-01
    53    96   -0.1500495208E-02   -0.4738183491E+03   -0.3293206327E+07   -0.9872784193E+13    0.1059693431E+02    0.1178344510E+03    0.2353600263E+01    0.1099467009E-01
    54    96   -0.1327611990E-02   -0.4192262114E+03   -0.2913771521E+07   -0.8735267263E+13    0.1074132732E+02    0.1210898083E+03    0.2390333804E+01    0.1074375289E-01
    55    96   -0.1161958830E-02   -0.3669171427E+03   -0.2550204858E+07   -0.7645321828E+13    0.1089585573E+02    0.1246121521E+03    0.2427443107E+01    0.1048177948E-01
    56    96   -0.1003749209E-02   -0.3169585552E+03   -0.2202974877E+07   -0.6604352532E+13    0.1106185970E+02    0.1284405388E+03    0.2464913552E+01    0.1020777967E-01
    57    96   -0.8532086652E-03   -0.2694216676E+03   -0.1872576573E+07   -0.5613843336E+13    0.1124095508E+02    0.1326226639E+03    0.2502717087E+01    0.9920632225E-02
    58    96   -0.7105760632E-03   -0.2243819077E+03   -0.1559534195E+07   -0.4675365898E+13    0.1143511633E+02    0.1372175856E+03    0.2540806993E+01    0.9619025007E-02
    59    96   -0.5761052303E-03   -0.1819194275E+03   -0.1264404831E+07   -0.3790590320E+13    0.1164679433E+02    0.1422996276E+03    0.2579110202E+01    0.9301398850E-02
    60    96   -0.4500671413E-03   -0.1421197940E+03   -0.9877831992E+06   -0.2961299533E+13    0.1187908901E+02    0.1479641439E+03    0.2617515641E+01    0.8965865910E-02
    61    96   -0.3327529814E-03   -0.1050749562E+03   -0.7303083793E+06   -0.2189409441E+13    0.1213601163E+02    0.1543363482E+03    0.2655855794E+01    0.8610086015E-02
    62    96   -0.2244786615E-03   -0.7088467078E+02   -0.4926737149E+06   -0.1476998640E+13    0.1242290144E+02    0.1615854486E+03    0.2693876091E+01    0.8231070237E-02
    63    96   -0.1255918685E-03   -0.3965872831E+02   -0.2756422904E+06   -0.8263547976E+12    0.1274712591E+02    0.1699485671E+03    0.2731180721E+01    0.7824849570E-02
    64    96   -0.3648386169E-04   -0.1152067866E+02   -0.8007282096E+05   -0.2400522781E+12    0.1311934652E+02    0.1797742537E+03    0.2767128584E+01    0.7385870469E-02
