# system            = k2        
# reduced mass (au) = 36424.96
# rho               = 25.00
# nr                = 5000
# r0                = 5.00
# rmax              = 50.00
# kappa             = 5.0000
# alpha1            = 5.0000
# q0                = .8000
# rotational q.n.   = 22
#
#  nu    j        Energy (a.u.)       Energy (K)        Energy (1/cm)        Energy (Hz)                 <R>               <R^2>            delta(R)              <R^-2>
     0    22   -0.1994645823E-01   -0.6298585865E+04   -0.4377741566E+08   -0.1312413905E+15    0.7435000727E+01    0.5531248719E+02    0.1823496263E+00    0.1812266427E-01
     1    22   -0.1953415697E-01   -0.6168391580E+04   -0.4287251900E+08   -0.1285285785E+15    0.7462517530E+01    0.5578922334E+02    0.3163154369E+00    0.1805435418E-01
     2    22   -0.1912475924E-01   -0.6039114154E+04   -0.4197399484E+08   -0.1258348708E+15    0.7490433090E+01    0.5627414280E+02    0.4093347348E+00    0.1798506246E-01
     3    22   -0.1871829952E-01   -0.5910764481E+04   -0.4108191888E+08   -0.1231604944E+15    0.7518735765E+01    0.5676715703E+02    0.4855610432E+00    0.1791488230E-01
     4    22   -0.1831480253E-01   -0.5783350358E+04   -0.4019634533E+08   -0.1205056117E+15    0.7547432881E+01    0.5726845791E+02    0.5520097931E+00    0.1784381105E-01
     5    22   -0.1791428772E-01   -0.5656877935E+04   -0.3931731694E+08   -0.1178703509E+15    0.7576539805E+01    0.5777836014E+02    0.6118861978E+00    0.1777180713E-01
     6    22   -0.1751677285E-01   -0.5531352815E+04   -0.3844487264E+08   -0.1152548287E+15    0.7606074129E+01    0.5829721729E+02    0.6669734973E+00    0.1769882052E-01
     7    22   -0.1712227616E-01   -0.5406780762E+04   -0.3757905248E+08   -0.1126591651E+15    0.7636053282E+01    0.5882538734E+02    0.7183854231E+00    0.1762480535E-01
     8    22   -0.1673081759E-01   -0.5283168068E+04   -0.3671990023E+08   -0.1100834915E+15    0.7666494153E+01    0.5936322717E+02    0.7668732489E+00    0.1754972183E-01
     9    22   -0.1634241911E-01   -0.5160521673E+04   -0.3586746409E+08   -0.1075279522E+15    0.7697413637E+01    0.5991110082E+02    0.8129723993E+00    0.1747353342E-01
    10    22   -0.1595710459E-01   -0.5038849118E+04   -0.3502179648E+08   -0.1049927045E+15    0.7728829397E+01    0.6046939076E+02    0.8570804580E+00    0.1739620278E-01
    11    22   -0.1557489951E-01   -0.4918158441E+04   -0.3418295328E+08   -0.1024779159E+15    0.7760760419E+01    0.6103850648E+02    0.8995021959E+00    0.1731768897E-01
    12    22   -0.1519583054E-01   -0.4798458071E+04   -0.3335099307E+08   -0.9998376189E+14    0.7793227209E+01    0.6161888789E+02    0.9404773039E+00    0.1723794651E-01
    13    22   -0.1481992539E-01   -0.4679756752E+04   -0.3252597661E+08   -0.9751042477E+14    0.7826251685E+01    0.6221100435E+02    0.9801984082E+00    0.1715692620E-01
    14    22   -0.1444721265E-01   -0.4562063519E+04   -0.3170796671E+08   -0.9505809279E+14    0.7859856867E+01    0.6281535085E+02    0.1018823281E+01    0.1707457701E-01
    15    22   -0.1407772195E-01   -0.4445387721E+04   -0.3089702835E+08   -0.9262696073E+14    0.7894066559E+01    0.6343244399E+02    0.1056483387E+01    0.1699084812E-01
    16    22   -0.1371148402E-01   -0.4329739068E+04   -0.3009322901E+08   -0.9021723095E+14    0.7928905137E+01    0.6406281969E+02    0.1093289995E+01    0.1690569035E-01
    17    22   -0.1334853098E-01   -0.4215127697E+04   -0.2929663915E+08   -0.8782911463E+14    0.7964397545E+01    0.6470703392E+02    0.1129338594E+01    0.1681905656E-01
    18    22   -0.1298889642E-01   -0.4101564222E+04   -0.2850733255E+08   -0.8546283295E+14    0.8000569512E+01    0.6536566681E+02    0.1164712110E+01    0.1673090095E-01
    19    22   -0.1263261562E-01   -0.3989059776E+04   -0.2772538656E+08   -0.8311861786E+14    0.8037447947E+01    0.6603932958E+02    0.1199483255E+01    0.1664117738E-01
    20    22   -0.1227972551E-01   -0.3877626025E+04   -0.2695088229E+08   -0.8079671248E+14    0.8075061446E+01    0.6672867318E+02    0.1233716266E+01    0.1654983727E-01
    21    22   -0.1193026473E-01   -0.3767275170E+04   -0.2618390454E+08   -0.7849737103E+14    0.8113440788E+01    0.6743439710E+02    0.1267468218E+01    0.1645682749E-01
    22    22   -0.1158427357E-01   -0.3658019933E+04   -0.2542454172E+08   -0.7622085857E+14    0.8152619358E+01    0.6815725722E+02    0.1300790075E+01    0.1636208882E-01
    23    22   -0.1124179392E-01   -0.3549873539E+04   -0.2467288575E+08   -0.7396745066E+14    0.8192633425E+01    0.6889807165E+02    0.1333727565E+01    0.1626555514E-01
    24    22   -0.1090286920E-01   -0.3442849707E+04   -0.2392903199E+08   -0.7173743319E+14    0.8233522249E+01    0.6965772434E+02    0.1366321968E+01    0.1616715363E-01
    25    22   -0.1056754447E-01   -0.3336962655E+04   -0.2319307926E+08   -0.6953110240E+14    0.8275328049E+01    0.7043716656E+02    0.1398610827E+01    0.1606680575E-01
    26    22   -0.1023586637E-01   -0.3232227119E+04   -0.2246512998E+08   -0.6734876535E+14    0.8318095876E+01    0.7123741726E+02    0.1430628622E+01    0.1596442873E-01
    27    22   -0.9907883323E-02   -0.3128658389E+04   -0.2174529040E+08   -0.6519074059E+14    0.8361873463E+01    0.7205956311E+02    0.1462407366E+01    0.1585993721E-01
    28    22   -0.9583645652E-02   -0.3026272352E+04   -0.2103367097E+08   -0.6305735920E+14    0.8406711127E+01    0.7290475961E+02    0.1493977119E+01    0.1575324474E-01
    29    22   -0.9263205739E-02   -0.2925085550E+04   -0.2033038665E+08   -0.6094896585E+14    0.8452661800E+01    0.7377423420E+02    0.1525366411E+01    0.1564426455E-01
    30    22   -0.8946618201E-02   -0.2825115231E+04   -0.1963555732E+08   -0.5886591992E+14    0.8499781209E+01    0.7466929207E+02    0.1556602539E+01    0.1553290976E-01
    31    22   -0.8633940041E-02   -0.2726379395E+04   -0.1894930808E+08   -0.5680859646E+14    0.8548128233E+01    0.7559132493E+02    0.1587711763E+01    0.1541909272E-01
    32    22   -0.8325230754E-02   -0.2628896828E+04   -0.1827176951E+08   -0.5477738693E+14    0.8597765414E+01    0.7654182261E+02    0.1618719398E+01    0.1530272375E-01
    33    22   -0.8020552414E-02   -0.2532687131E+04   -0.1760307784E+08   -0.5277269975E+14    0.8648759580E+01    0.7752238689E+02    0.1649649846E+01    0.1518370945E-01
    34    22   -0.7719969713E-02   -0.2437770734E+04   -0.1694337507E+08   -0.5079496059E+14    0.8701182533E+01    0.7853474705E+02    0.1680526578E+01    0.1506195102E-01
    35    22   -0.7423549988E-02   -0.2344168899E+04   -0.1629280897E+08   -0.4884461249E+14    0.8755111747E+01    0.7958077625E+02    0.1711372126E+01    0.1493734261E-01
    36    22   -0.7131363230E-02   -0.2251903728E+04   -0.1565153316E+08   -0.4692211598E+14    0.8810631044E+01    0.8066250840E+02    0.1742208086E+01    0.1480977020E-01
    37    22   -0.6843482098E-02   -0.2160998164E+04   -0.1501970711E+08   -0.4502794912E+14    0.8867831227E+01    0.8178215529E+02    0.1773055166E+01    0.1467911094E-01
    38    22   -0.6559981946E-02   -0.2071476003E+04   -0.1439749619E+08   -0.4316260773E+14    0.8926810669E+01    0.8294212403E+02    0.1803933291E+01    0.1454523302E-01
    39    22   -0.6280940875E-02   -0.1983361906E+04   -0.1378507183E+08   -0.4132660568E+14    0.8987675897E+01    0.8414503561E+02    0.1834861736E+01    0.1440799594E-01
    40    22   -0.6006439811E-02   -0.1896681429E+04   -0.1318261163E+08   -0.3952047544E+14    0.9050542200E+01    0.8539374504E+02    0.1865859297E+01    0.1426725099E-01
    41    22   -0.5736562606E-02   -0.1811461049E+04   -0.1259029963E+08   -0.3774476874E+14    0.9115534329E+01    0.8669136442E+02    0.1896944466E+01    0.1412284185E-01
    42    22   -0.5471396160E-02   -0.1727728207E+04   -0.1200832655E+08   -0.3600005734E+14    0.9182787326E+01    0.8804128995E+02    0.1928135595E+01    0.1397460486E-01
    43    22   -0.5211030555E-02   -0.1645511350E+04   -0.1143689010E+08   -0.3428693395E+14    0.9252447551E+01    0.8944723396E+02    0.1959451014E+01    0.1382236905E-01
    44    22   -0.4955559194E-02   -0.1564839970E+04   -0.1087619527E+08   -0.3260601315E+14    0.9324673937E+01    0.9091326313E+02    0.1990909115E+01    0.1366595574E-01
    45    22   -0.4705078936E-02   -0.1485744654E+04   -0.1032645465E+08   -0.3095793222E+14    0.9399639510E+01    0.9244384392E+02    0.2022528368E+01    0.1350517769E-01
    46    22   -0.4459690220E-02   -0.1408257118E+04   -0.9787888670E+07   -0.2934335203E+14    0.9477533204E+01    0.9404389623E+02    0.2054327287E+01    0.1333983776E-01
    47    22   -0.4219497178E-02   -0.1332410245E+04   -0.9260725878E+07   -0.2776295774E+14    0.9558561977E+01    0.9571885633E+02    0.2086324343E+01    0.1316972740E-01
    48    22   -0.3984607732E-02   -0.1258238112E+04   -0.8745203132E+07   -0.2621745943E+14    0.9642953282E+01    0.9747475054E+02    0.2118537830E+01    0.1299462480E-01
    49    22   -0.3755133669E-02   -0.1185776020E+04   -0.8241565779E+07   -0.2470759263E+14    0.9730957896E+01    0.9931828107E+02    0.2150985705E+01    0.1281429301E-01
    50    22   -0.3531190705E-02   -0.1115060509E+04   -0.7750067784E+07   -0.2323411871E+14    0.9822853174E+01    0.1012569264E+03    0.2183685399E+01    0.1262847796E-01
    51    22   -0.3312898529E-02   -0.1046129374E+04   -0.7270971835E+07   -0.2179782518E+14    0.9918946797E+01    0.1032990587E+03    0.2216653599E+01    0.1243690664E-01
    52    22   -0.3100380827E-02   -0.9790216706E+03   -0.6804549392E+07   -0.2039952588E+14    0.1001958110E+02    0.1054540825E+03    0.2249906026E+01    0.1223928524E-01
    53    22   -0.2893765287E-02   -0.9137777208E+03   -0.6351080697E+07   -0.1904006093E+14    0.1012513807E+02    0.1077325977E+03    0.2283457185E+01    0.1203529749E-01
    54    22   -0.2693183575E-02   -0.8504391009E+03   -0.5910854724E+07   -0.1772029667E+14    0.1023604528E+02    0.1101465954E+03    0.2317320097E+01    0.1182460306E-01
    55    22   -0.2498771278E-02   -0.7890486258E+03   -0.5484169052E+07   -0.1644112520E+14    0.1035278275E+02    0.1127096912E+03    0.2351506003E+01    0.1160683606E-01
    56    22   -0.2310667801E-02   -0.7296503162E+03   -0.5071329639E+07   -0.1520346378E+14    0.1047589122E+02    0.1154374076E+03    0.2386024046E+01    0.1138160370E-01
    57    22   -0.2129016208E-02   -0.6722893478E+03   -0.4672650473E+07   -0.1400825371E+14    0.1060598194E+02    0.1183475174E+03    0.2420880915E+01    0.1114848503E-01
    58    22   -0.1953962980E-02   -0.6170119761E+03   -0.4288453047E+07   -0.1285645880E+14    0.1074374855E+02    0.1214604642E+03    0.2456080464E+01    0.1090702976E-01
    59    22   -0.1785657683E-02   -0.5638654299E+03   -0.3919065617E+07   -0.1174906314E+14    0.1088998144E+02    0.1247998825E+03    0.2491623303E+01    0.1065675737E-01
    60    22   -0.1624252497E-02   -0.5128977637E+03   -0.3564822180E+07   -0.1068706804E+14    0.1104558536E+02    0.1283932444E+03    0.2527506370E+01    0.1039715621E-01
    61    22   -0.1469901583E-02   -0.4641576578E+03   -0.3226061080E+07   -0.9671487808E+13    0.1121160113E+02    0.1322726731E+03    0.2563722512E+01    0.1012768301E-01
    62    22   -0.1322760235E-02   -0.4176941501E+03   -0.2903123149E+07   -0.8703344246E+13    0.1138923268E+02    0.1364759737E+03    0.2600260137E+01    0.9847762751E-02
    63    22   -0.1182983761E-02   -0.3735562830E+03   -0.2596349248E+07   -0.7783659229E+13    0.1157988086E+02    0.1410479530E+03    0.2637103012E+01    0.9556789139E-02
    64    22   -0.1050726009E-02   -0.3317926378E+03   -0.2306077035E+07   -0.6913445027E+13    0.1178518629E+02    0.1460421242E+03    0.2674230405E+01    0.9254126282E-02
    65    22   -0.9261374430E-03   -0.2924507269E+03   -0.2032636739E+07   -0.6093691642E+13    0.1200708383E+02    0.1515229338E+03    0.2711617897E+01    0.8939112182E-02
    66    22   -0.8093626287E-03   -0.2555762008E+03   -0.1776345646E+07   -0.5325350274E+13    0.1224787242E+02    0.1575686961E+03    0.2749239422E+01    0.8611065361E-02
    67    22   -0.7005369592E-03   -0.2212118131E+03   -0.1537500909E+07   -0.4609311766E+13    0.1251030530E+02    0.1642755066E+03    0.2787071561E+01    0.8269296529E-02
    68    22   -0.5997823816E-03   -0.1893960716E+03   -0.1316370171E+07   -0.3946378492E+13    0.1279770743E+02    0.1717625160E+03    0.2825101856E+01    0.7913128077E-02
    69    22   -0.5072018361E-03   -0.1601614823E+03   -0.1113179360E+07   -0.3337227766E+13    0.1311412959E+02    0.1801791345E+03    0.2863344121E+01    0.7541924978E-02
    70    22   -0.4228720685E-03   -0.1335322794E+03   -0.9280969134E+06   -0.2782364549E+13    0.1346455385E+02    0.1897150354E+03    0.2901865786E+01    0.7155140785E-02
    71    22   -0.3468344947E-03   -0.1095215412E+03   -0.7612137287E+06   -0.2282061348E+13    0.1385517416E+02    0.2006143633E+03    0.2940835296E+01    0.6752380210E-02
    72    22   -0.2790839645E-03   -0.8812764122E+02   -0.6125185024E+06   -0.1836284274E+13    0.1429379484E+02    0.2131965585E+03    0.2980601871E+01    0.6333473305E-02
    73    22   -0.2195556581E-03   -0.6933011108E+02   -0.4818689712E+06   -0.1444606833E+13    0.1479042405E+02    0.2278880764E+03    0.3021826069E+01    0.5898546952E-02
    74    22   -0.1681108100E-03   -0.5308513218E+02   -0.3689605805E+06   -0.1106115993E+13    0.1535818272E+02    0.2452722432E+03    0.3065691893E+01    0.5448086829E-02
    75    22   -0.1245215671E-03   -0.3932075426E+02   -0.2732932503E+06   -0.8193125527E+12    0.1601462504E+02    0.2661668917E+03    0.3114269805E+01    0.4983072582E-02
    76    22   -0.8845238613E-04   -0.2793102127E+02   -0.1941305484E+06   -0.5819887427E+12    0.1678329336E+02    0.2917355251E+03    0.3171212554E+01    0.4505485535E-02
    77    22   -0.5943374426E-04   -0.1876766979E+02   -0.1304419911E+06   -0.3910552514E+12    0.1769548483E+02    0.3236476909E+03    0.3243070724E+01    0.4019144728E-02
    78    22   -0.3684926372E-04   -0.1163606335E+02   -0.8087478571E+05   -0.2424565080E+12    0.1879742326E+02    0.3645033625E+03    0.3340694752E+01    0.3527992907E-02
    79    22   -0.1998940204E-04   -0.6312146433E+01   -0.4387166644E+05   -0.1315239472E+12    0.2017292292E+02    0.4190625607E+03    0.3480767393E+01    0.3031085685E-02
    80    22   -0.8156299626E-05   -0.2575552660E+01   -0.1790100854E+05   -0.5366587350E+11    0.2200746794E+02    0.4979351364E+03    0.3688697794E+01    0.2515307074E-02
    81    22   -0.6450085694E-06   -0.2036773553E+00   -0.1415630180E+04   -0.4243952513E+10    0.2467584824E+02    0.6252970737E+03    0.4049640380E+01    0.1973671500E-02
