# system            = k2        
# reduced mass (au) = 36424.96
# rho               = 25.00
# nr                = 5000
# r0                = 5.00
# rmax              = 50.00
# kappa             = 5.0000
# alpha1            = 5.0000
# q0                = .8000
# rotational q.n.   = 2
#
#  nu    j        Energy (a.u.)       Energy (K)        Energy (1/cm)        Energy (Hz)                 <R>               <R^2>            delta(R)              <R^-2>
     0     2   -0.2007093204E-01   -0.6337891539E+04   -0.4405060410E+08   -0.1320603888E+15    0.7429612692E+01    0.5523235863E+02    0.1822467429E+00    0.1814896996E-01
     1     2   -0.1965816268E-01   -0.6207549441E+04   -0.4314468008E+08   -0.1293444969E+15    0.7457048705E+01    0.5570751715E+02    0.3161356817E+00    0.1808087692E-01
     2     2   -0.1924829015E-01   -0.6078122084E+04   -0.4224511385E+08   -0.1266476652E+15    0.7484880021E+01    0.5619079135E+02    0.4090995277E+00    0.1801181123E-01
     3     2   -0.1884134955E-01   -0.5949620560E+04   -0.4135198247E+08   -0.1239701247E+15    0.7513095851E+01    0.5668210487E+02    0.4852788919E+00    0.1794186193E-01
     4     2   -0.1843736556E-01   -0.5822052657E+04   -0.4046534010E+08   -0.1213120377E+15    0.7541703956E+01    0.5718165518E+02    0.5516852472E+00    0.1787102382E-01
     5     2   -0.1803635737E-01   -0.5695424435E+04   -0.3958522884E+08   -0.1186735306E+15    0.7570719738E+01    0.5768975646E+02    0.6115219581E+00    0.1779925460E-01
     6     2   -0.1763834237E-01   -0.5569741388E+04   -0.3871168689E+08   -0.1160547177E+15    0.7600160558E+01    0.5820675776E+02    0.6665712661E+00    0.1772650483E-01
     7     2   -0.1724333851E-01   -0.5445009181E+04   -0.3784475362E+08   -0.1134557171E+15    0.7630043500E+01    0.5873301072E+02    0.7179463145E+00    0.1765272976E-01
     8     2   -0.1685136544E-01   -0.5321234025E+04   -0.3698447219E+08   -0.1108766582E+15    0.7660385115E+01    0.5926886598E+02    0.7663979905E+00    0.1757789071E-01
     9     2   -0.1646244490E-01   -0.5198422777E+04   -0.3613089026E+08   -0.1083176840E+15    0.7691202039E+01    0.5981468236E+02    0.8124614247E+00    0.1750195177E-01
    10     2   -0.1607660051E-01   -0.5076582899E+04   -0.3528405971E+08   -0.1057789499E+15    0.7722511767E+01    0.6037083839E+02    0.8565339480E+00    0.1742487578E-01
    11     2   -0.1569385744E-01   -0.4955722342E+04   -0.3444403577E+08   -0.1032606215E+15    0.7754333177E+01    0.6093774037E+02    0.8989201015E+00    0.1734662159E-01
    12     2   -0.1531424208E-01   -0.4835849432E+04   -0.3361087635E+08   -0.1007628724E+15    0.7786686684E+01    0.6151582515E+02    0.9398593716E+00    0.1726714337E-01
    13     2   -0.1493778177E-01   -0.4716972809E+04   -0.3278464147E+08   -0.9828588250E+14    0.7819594069E+01    0.6210555826E+02    0.9795442137E+00    0.1718639176E-01
    14     2   -0.1456450477E-01   -0.4599101397E+04   -0.3196539316E+08   -0.9582983787E+14    0.7853078143E+01    0.6270742964E+02    0.1018132270E+01    0.1710431590E-01
    15     2   -0.1419444036E-01   -0.4482244436E+04   -0.3115319565E+08   -0.9339493098E+14    0.7887162408E+01    0.6332194930E+02    0.1055754917E+01    0.1702086552E-01
    16     2   -0.1382761894E-01   -0.4366411530E+04   -0.3034811569E+08   -0.9098136197E+14    0.7921870860E+01    0.6394964523E+02    0.1092523364E+01    0.1693599234E-01
    17     2   -0.1346407229E-01   -0.4251612714E+04   -0.2955022302E+08   -0.8858933993E+14    0.7957228009E+01    0.6459106445E+02    0.1128533057E+01    0.1684965034E-01
    18     2   -0.1310383371E-01   -0.4137858505E+04   -0.2875959074E+08   -0.8621908399E+14    0.7993259134E+01    0.6524677770E+02    0.1163866878E+01    0.1676179478E-01
    19     2   -0.1274693816E-01   -0.4025159936E+04   -0.2797629554E+08   -0.8387082405E+14    0.8029990715E+01    0.6591738679E+02    0.1198597472E+01    0.1667238040E-01
    20     2   -0.1239342224E-01   -0.3913528570E+04   -0.2720041777E+08   -0.8154480102E+14    0.8067450953E+01    0.6660353354E+02    0.1232788977E+01    0.1658135918E-01
    21     2   -0.1204332423E-01   -0.3802976492E+04   -0.2643204145E+08   -0.7924126676E+14    0.8105670274E+01    0.6730590862E+02    0.1266498332E+01    0.1648867819E-01
    22     2   -0.1169668400E-01   -0.3693516296E+04   -0.2567125409E+08   -0.7696048362E+14    0.8144681735E+01    0.6802525910E+02    0.1299776338E+01    0.1639427813E-01
    23     2   -0.1135354298E-01   -0.3585161062E+04   -0.2491814661E+08   -0.7470272421E+14    0.8184521265E+01    0.6876239379E+02    0.1332668543E+01    0.1629809272E-01
    24     2   -0.1101394413E-01   -0.3477924353E+04   -0.2417281328E+08   -0.7246827109E+14    0.8225227736E+01    0.6951818617E+02    0.1365216047E+01    0.1620004907E-01
    25     2   -0.1067793192E-01   -0.3371820216E+04   -0.2343535173E+08   -0.7025741699E+14    0.8266842885E+01    0.7029357523E+02    0.1397456239E+01    0.1610006883E-01
    26     2   -0.1034555247E-01   -0.3266863210E+04   -0.2270586314E+08   -0.6807046522E+14    0.8309411154E+01    0.7108956520E+02    0.1429423474E+01    0.1599806992E-01
    27     2   -0.1001685359E-01   -0.3163068438E+04   -0.2198445250E+08   -0.6590773053E+14    0.8352979523E+01    0.7190722531E+02    0.1461149683E+01    0.1589396816E-01
    28     2   -0.9691885032E-02   -0.3060451604E+04   -0.2127122895E+08   -0.6376954011E+14    0.8397597413E+01    0.7274769077E+02    0.1492664885E+01    0.1578767877E-01
    29     2   -0.9370698579E-02   -0.2959029064E+04   -0.2056630616E+08   -0.6165623477E+14    0.8443316728E+01    0.7361216605E+02    0.1523997595E+01    0.1567911706E-01
    30     2   -0.9053348265E-02   -0.2858817880E+04   -0.1986980273E+08   -0.5956817001E+14    0.8490192068E+01    0.7450193095E+02    0.1555175105E+01    0.1556819840E-01
    31     2   -0.8739890497E-02   -0.2759835863E+04   -0.1918184245E+08   -0.5750571697E+14    0.8538281112E+01    0.7541834983E+02    0.1586223654E+01    0.1545483738E-01
    32     2   -0.8430384163E-02   -0.2662101608E+04   -0.1850255457E+08   -0.5546926312E+14    0.8587645162E+01    0.7636288341E+02    0.1617168510E+01    0.1533894639E-01
    33     2   -0.8124890701E-02   -0.2565634517E+04   -0.1783207392E+08   -0.5345921270E+14    0.8638349772E+01    0.7733710277E+02    0.1648033977E+01    0.1522043385E-01
    34     2   -0.7823474131E-02   -0.2470454806E+04   -0.1717054101E+08   -0.5147598694E+14    0.8690465438E+01    0.7834270462E+02    0.1678843380E+01    0.1509920237E-01
    35     2   -0.7526201068E-02   -0.2376583508E+04   -0.1651810205E+08   -0.4952002415E+14    0.8744068272E+01    0.7938152724E+02    0.1709619051E+01    0.1497514730E-01
    36     2   -0.7233140723E-02   -0.2284042480E+04   -0.1587490894E+08   -0.4759177971E+14    0.8799240637E+01    0.8045556651E+02    0.1740382351E+01    0.1484815568E-01
    37     2   -0.6944364916E-02   -0.2192854401E+04   -0.1524111930E+08   -0.4569172618E+14    0.8856071723E+01    0.8156699191E+02    0.1771153734E+01    0.1471810580E-01
    38     2   -0.6659948101E-02   -0.2103042781E+04   -0.1461689655E+08   -0.4382035344E+14    0.8914658078E+01    0.8271816280E+02    0.1801952871E+01    0.1458486724E-01
    39     2   -0.6379967423E-02   -0.2014631980E+04   -0.1400240998E+08   -0.4197816907E+14    0.8975104130E+01    0.8391164559E+02    0.1832798804E+01    0.1444830138E-01
    40     2   -0.6104502794E-02   -0.1927647233E+04   -0.1339783500E+08   -0.4016569888E+14    0.9037522734E+01    0.8515023264E+02    0.1863710138E+01    0.1430826204E-01
    41     2   -0.5833637004E-02   -0.1842114683E+04   -0.1280335331E+08   -0.3838348760E+14    0.9102035822E+01    0.8643696398E+02    0.1894705218E+01    0.1416459608E-01
    42     2   -0.5567455844E-02   -0.1758061421E+04   -0.1221915319E+08   -0.3663209970E+14    0.9168775197E+01    0.8777515311E+02    0.1925802298E+01    0.1401714377E-01
    43     2   -0.5306048238E-02   -0.1675515525E+04   -0.1164542981E+08   -0.3491212028E+14    0.9237883515E+01    0.8916841775E+02    0.1957019652E+01    0.1386573872E-01
    44     2   -0.5049506381E-02   -0.1594506110E+04   -0.1108238552E+08   -0.3322415594E+14    0.9309515507E+01    0.9062071669E+02    0.1988375646E+01    0.1371020744E-01
    45     2   -0.4797925865E-02   -0.1515063361E+04   -0.1053023011E+08   -0.3156883566E+14    0.9383839462E+01    0.9213639356E+02    0.2019888737E+01    0.1355036832E-01
    46     2   -0.4551405798E-02   -0.1437218573E+04   -0.9989181096E+07   -0.2994681154E+14    0.9461038979E+01    0.9372022850E+02    0.2051577426E+01    0.1338603026E-01
    47     2   -0.4310048902E-02   -0.1361004184E+04   -0.9459463940E+07   -0.2835875946E+14    0.9541315018E+01    0.9537749847E+02    0.2083460152E+01    0.1321699108E-01
    48     2   -0.4073961600E-02   -0.1286453798E+04   -0.8941312204E+07   -0.2680537963E+14    0.9624888264E+01    0.9711404771E+02    0.2115555154E+01    0.1304303562E-01
    49     2   -0.3843254076E-02   -0.1213602211E+04   -0.8434967717E+07   -0.2528739705E+14    0.9712001831E+01    0.9893636936E+02    0.2147880301E+01    0.1286393389E-01
    50     2   -0.3618040330E-02   -0.1142485419E+04   -0.7940680676E+07   -0.2380556178E+14    0.9802924346E+01    0.1008517006E+03    0.2180452903E+01    0.1267943924E-01
    51     2   -0.3398438202E-02   -0.1073140634E+04   -0.7458709716E+07   -0.2236064919E+14    0.9897953486E+01    0.1028681336E+03    0.2213289503E+01    0.1248928655E-01
    52     2   -0.3184569393E-02   -0.1005606285E+04   -0.6989321936E+07   -0.2095346003E+14    0.9997420036E+01    0.1049947458E+03    0.2246405661E+01    0.1229319060E-01
    53     2   -0.2976559454E-02   -0.9399220196E+03   -0.6532792888E+07   -0.1958482038E+14    0.1010169259E+02    0.1072417528E+03    0.2279815721E+01    0.1209084462E-01
    54     2   -0.2774537750E-02   -0.8761286870E+03   -0.6089406500E+07   -0.1825558142E+14    0.1021118301E+02    0.1096206913E+03    0.2313532567E+01    0.1188191888E-01
    55     2   -0.2578637401E-02   -0.8142683228E+03   -0.5659454930E+07   -0.1696661904E+14    0.1032635286E+02    0.1121446359E+03    0.2347567356E+01    0.1166605955E-01
    56     2   -0.2388995163E-02   -0.7543841115E+03   -0.5243238328E+07   -0.1571883306E+14    0.1044772098E+02    0.1148284606E+03    0.2381929238E+01    0.1144288765E-01
    57     2   -0.2205751266E-02   -0.6965203341E+03   -0.4841064460E+07   -0.1451314614E+14    0.1057587251E+02    0.1176891560E+03    0.2416625051E+01    0.1121199826E-01
    58     2   -0.2029049168E-02   -0.6407222908E+03   -0.4453248181E+07   -0.1335050218E+14    0.1071146969E+02    0.1207462147E+03    0.2451659002E+01    0.1097295981E-01
    59     2   -0.1859035211E-02   -0.5870361932E+03   -0.4080110677E+07   -0.1223186409E+14    0.1085526490E+02    0.1240221059E+03    0.2487032334E+01    0.1072531369E-01
    60     2   -0.1695858155E-02   -0.5355090152E+03   -0.3721978433E+07   -0.1115821063E+14    0.1100811658E+02    0.1275428629E+03    0.2522742995E+01    0.1046857411E-01
    61     2   -0.1539668536E-02   -0.4861882932E+03   -0.3379181844E+07   -0.1013053231E+14    0.1117100864E+02    0.1313388164E+03    0.2558785331E+01    0.1020222833E-01
    62     2   -0.1390617830E-02   -0.4391218586E+03   -0.3052053356E+07   -0.9149825777E+13    0.1134507447E+02    0.1354455176E+03    0.2595149859E+01    0.9925737346E-02
    63     2   -0.1248857331E-02   -0.3943574866E+03   -0.2740925023E+07   -0.8217086500E+13    0.1153162685E+02    0.1399049112E+03    0.2631823208E+01    0.9638537480E-02
    64     2   -0.1114536698E-02   -0.3519424358E+03   -0.2446125310E+07   -0.7333299192E+13    0.1173219523E+02    0.1447668365E+03    0.2668788402E+01    0.9340043113E-02
    65     2   -0.9878020589E-03   -0.3119228494E+03   -0.2167974928E+07   -0.6499425324E+13    0.1194857282E+02    0.1500909680E+03    0.2706025784E+01    0.9029651541E-02
    66     2   -0.8687935470E-03   -0.2743429782E+03   -0.1906781435E+07   -0.5716386932E+13    0.1218287606E+02    0.1559493442E+03    0.2743515105E+01    0.8706751089E-02
    67     2   -0.7576421128E-03   -0.2392441730E+03   -0.1662832234E+07   -0.4985045627E+13    0.1243762022E+02    0.1624296910E+03    0.2781239686E+01    0.8370734445E-02
    68     2   -0.6544653916E-03   -0.2066635800E+03   -0.1436385506E+07   -0.4306175414E+13    0.1271581591E+02    0.1696398301E+03    0.2819194201E+01    0.8021019973E-02
    69     2   -0.5593623628E-03   -0.1766324543E+03   -0.1227658484E+07   -0.3680427545E+13    0.1302109258E+02    0.1777135793E+03    0.2857398680E+01    0.7657084713E-02
    70     2   -0.4724064894E-03   -0.1491739938E+03   -0.1036812401E+07   -0.3108285382E+13    0.1335785823E+02    0.1868187464E+03    0.2895922986E+01    0.7278513163E-02
    71     2   -0.3936370322E-03   -0.1243005961E+03   -0.8639334253E+06   -0.2590007251E+13    0.1373150863E+02    0.1971681346E+03    0.2934928504E+01    0.6885064843E-02
    72     2   -0.3230483644E-03   -0.1020104842E+03   -0.7090092070E+06   -0.2125556129E+13    0.1414871008E+02    0.2090350578E+03    0.2974737097E+01    0.6476759045E-02
    73     2   -0.2605774410E-03   -0.8228375023E+02   -0.5719013781E+06   -0.1714517199E+13    0.1461779753E+02    0.2227759090E+03    0.3015941704E+01    0.6053967481E-02
    74     2   -0.2060900620E-03   -0.6507801719E+02   -0.4523154038E+06   -0.1356007467E+13    0.1514935208E+02    0.2388638976E+03    0.3059579873E+01    0.5617505651E-02
    75     2   -0.1593666487E-03   -0.5032394773E+02   -0.3497693648E+06   -0.1048582176E+13    0.1575699855E+02    0.2579390061E+03    0.3107410954E+01    0.5168763655E-02
    76     2   -0.1200866311E-03   -0.3792031391E+02   -0.2635596910E+06   -0.7901320758E+12    0.1645825107E+02    0.2808747820E+03    0.3162396810E+01    0.4710072373E-02
    77     2   -0.8780794089E-04   -0.2772752180E+02   -0.1927161546E+06   -0.5777484968E+12    0.1727493428E+02    0.3088534764E+03    0.3229569937E+01    0.4245498075E-02
    78     2   -0.6194861217E-04   -0.1956180133E+02   -0.1359614882E+06   -0.4076022874E+12    0.1823468311E+02    0.3435069693E+03    0.3317122413E+01    0.3780717719E-02
    79     2   -0.4181277648E-04   -0.1320341486E+02   -0.9176843704E+05   -0.2751148531E+12    0.1937939294E+02    0.3873709641E+03    0.3436581643E+01    0.3319709127E-02
    80     2   -0.2666199733E-04   -0.8419182875E+01   -0.5851632035E+05   -0.1754275151E+12    0.2078299880E+02    0.4449249462E+03    0.3604428823E+01    0.2862004529E-02
    81     2   -0.1579401403E-04   -0.4987349254E+01   -0.3466385408E+05   -0.1039196202E+12    0.2256533102E+02    0.5239699604E+03    0.3843929812E+01    0.2406814950E-02
    82     2   -0.8410766125E-05   -0.2655906729E+01   -0.1845949795E+05   -0.5534018263E+11    0.2490217145E+02    0.6378423559E+03    0.4210013430E+01    0.1962109846E-02
    83     2   -0.3802813591E-05   -0.1200832131E+01   -0.8346211110E+04   -0.2502131144E+11    0.2821042774E+02    0.8187746902E+03    0.4790246012E+01    0.1520412317E-02
    84     2   -0.1286654166E-05   -0.4062927690E+00   -0.2823879488E+04   -0.8465777729E+10    0.3340761146E+02    0.1149493713E+04    0.5781453969E+01    0.1080810917E-02
    85     2   -0.4500717868E-07   -0.1421212609E-01   -0.9877933949E+02   -0.2961330099E+09    0.3856848232E+02    0.1536334128E+04    0.6986150601E+01    0.8259982436E-03
