# system            = k2        
# reduced mass (au) = 36424.96
# rho               = 25.00
# nr                = 5000
# r0                = 5.00
# rmax              = 50.00
# kappa             = 5.0000
# alpha1            = 5.0000
# q0                = .8000
# rotational q.n.   = 92
#
#  nu    j        Energy (a.u.)       Energy (K)        Energy (1/cm)        Energy (Hz)                 <R>               <R^2>            delta(R)              <R^-2>
     0    92   -0.1796700321E-01   -0.5673524149E+04   -0.3943301405E+08   -0.1182172021E+15    0.7521851994E+01    0.5661214156E+02    0.1840764673E+00    0.1770643097E-01
     1    92   -0.1756244133E-01   -0.5545773766E+04   -0.3854510338E+08   -0.1155553129E+15    0.7550703613E+01    0.5711509943E+02    0.3193342733E+00    0.1763467602E-01
     2    92   -0.1716089764E-01   -0.5418976447E+04   -0.3766381685E+08   -0.1129132823E+15    0.7580002058E+01    0.5762723785E+02    0.4132876141E+00    0.1756184255E-01
     3    92   -0.1676239462E-01   -0.5293139294E+04   -0.3678920380E+08   -0.1102912584E+15    0.7609732184E+01    0.5814842310E+02    0.4903051915E+00    0.1748803938E-01
     4    92   -0.1636695568E-01   -0.5168269701E+04   -0.3592131564E+08   -0.1076893951E+15    0.7639898037E+01    0.5867881301E+02    0.5574683828E+00    0.1741328602E-01
     5    92   -0.1597460420E-01   -0.5044375050E+04   -0.3506020368E+08   -0.1051078464E+15    0.7670514472E+01    0.5921873327E+02    0.6180137502E+00    0.1733755280E-01
     6    92   -0.1558536365E-01   -0.4921462751E+04   -0.3420591941E+08   -0.1025467666E+15    0.7701601519E+01    0.5976859412E+02    0.6737419130E+00    0.1726078824E-01
     7    92   -0.1519925808E-01   -0.4799540402E+04   -0.3335851565E+08   -0.1000063140E+15    0.7733181010E+01    0.6032884076E+02    0.7257769808E+00    0.1718293546E-01
     8    92   -0.1481631270E-01   -0.4678615956E+04   -0.3251804768E+08   -0.9748665442E+14    0.7765274951E+01    0.6089992924E+02    0.7748768781E+00    0.1710394033E-01
     9    92   -0.1443655418E-01   -0.4558697845E+04   -0.3168457408E+08   -0.9498796344E+14    0.7797905055E+01    0.6148231983E+02    0.8215817596E+00    0.1702375376E-01
    10    92   -0.1406001091E-01   -0.4439795023E+04   -0.3085815711E+08   -0.9251042770E+14    0.7831092967E+01    0.6207648067E+02    0.8662930305E+00    0.1694233067E-01
    11    92   -0.1368671289E-01   -0.4321916974E+04   -0.3003886267E+08   -0.9005424476E+14    0.7864860798E+01    0.6268289619E+02    0.9093188741E+00    0.1685962753E-01
    12    92   -0.1331669172E-01   -0.4205073668E+04   -0.2922676007E+08   -0.8761962240E+14    0.7899231694E+01    0.6330207626E+02    0.9509021514E+00    0.1677559973E-01
    13    92   -0.1294998038E-01   -0.4089275523E+04   -0.2842192171E+08   -0.8520677770E+14    0.7934230279E+01    0.6393456367E+02    0.9912383897E+00    0.1669019972E-01
    14    92   -0.1258661316E-01   -0.3974533365E+04   -0.2762442283E+08   -0.8281593622E+14    0.7969882929E+01    0.6458093920E+02    0.1030487895E+01    0.1660337603E-01
    15    92   -0.1222662558E-01   -0.3860858413E+04   -0.2683434142E+08   -0.8044733172E+14    0.8006217867E+01    0.6524182423E+02    0.1068784218E+01    0.1651507330E-01
    16    92   -0.1187005443E-01   -0.3748262284E+04   -0.2605175821E+08   -0.7810120629E+14    0.8043265150E+01    0.6591788176E+02    0.1106240247E+01    0.1642523285E-01
    17    92   -0.1151693787E-01   -0.3636757025E+04   -0.2527675693E+08   -0.7577781091E+14    0.8081056605E+01    0.6660981676E+02    0.1142952716E+01    0.1633379358E-01
    18    92   -0.1116731553E-01   -0.3526355154E+04   -0.2450942460E+08   -0.7347740645E+14    0.8119625789E+01    0.6731837709E+02    0.1179005572E+01    0.1624069275E-01
    19    92   -0.1082122873E-01   -0.3417069716E+04   -0.2374985187E+08   -0.7120026471E+14    0.8159008027E+01    0.6804435551E+02    0.1214472533E+01    0.1614586640E-01
    20    92   -0.1047872062E-01   -0.3308914335E+04   -0.2299813345E+08   -0.6894666956E+14    0.8199240553E+01    0.6878859354E+02    0.1249419023E+01    0.1604924932E-01
    21    92   -0.1013983631E-01   -0.3201903261E+04   -0.2225436835E+08   -0.6671691790E+14    0.8240362759E+01    0.6955198699E+02    0.1283903651E+01    0.1595077453E-01
    22    92   -0.9804623024E-02   -0.3096051404E+04   -0.2151866024E+08   -0.6451132046E+14    0.8282416531E+01    0.7033549312E+02    0.1317979335E+01    0.1585037230E-01
    23    92   -0.9473130180E-02   -0.2991374367E+04   -0.2079111754E+08   -0.6233020232E+14    0.8325446645E+01    0.7114013895E+02    0.1351694164E+01    0.1574796909E-01
    24    92   -0.9145409424E-02   -0.2887888460E+04   -0.2007185362E+08   -0.6017390334E+14    0.8369501186E+01    0.7196703019E+02    0.1385092083E+01    0.1564348640E-01
    25    92   -0.8821514687E-02   -0.2785610713E+04   -0.1936098684E+08   -0.5804277835E+14    0.8414631953E+01    0.7281736029E+02    0.1418213445E+01    0.1553683982E-01
    26    92   -0.8501502207E-02   -0.2684558884E+04   -0.1865864063E+08   -0.5593719737E+14    0.8460894832E+01    0.7369241945E+02    0.1451095481E+01    0.1542793838E-01
    27    92   -0.8185430565E-02   -0.2584751472E+04   -0.1796494356E+08   -0.5385754587E+14    0.8508350122E+01    0.7459360331E+02    0.1483772727E+01    0.1531668424E-01
    28    92   -0.7873360741E-02   -0.2486207732E+04   -0.1728002946E+08   -0.5180422507E+14    0.8557062831E+01    0.7552242148E+02    0.1516277410E+01    0.1520297274E-01
    29    92   -0.7565356181E-02   -0.2388947700E+04   -0.1660403759E+08   -0.4977765242E+14    0.8607102945E+01    0.7648050639E+02    0.1548639818E+01    0.1508669272E-01
    30    92   -0.7261482898E-02   -0.2292992221E+04   -0.1593711282E+08   -0.4777826227E+14    0.8658545714E+01    0.7746962278E+02    0.1580888639E+01    0.1496772689E-01
    31    92   -0.6961809595E-02   -0.2198362988E+04   -0.1527940595E+08   -0.4580650665E+14    0.8711471986E+01    0.7849167858E+02    0.1613051278E+01    0.1484595229E-01
    32    92   -0.6666407799E-02   -0.2105082589E+04   -0.1463107394E+08   -0.4386285620E+14    0.8765968612E+01    0.7954873781E+02    0.1645154128E+01    0.1472124049E-01
    33    92   -0.6375352020E-02   -0.2013174553E+04   -0.1399228034E+08   -0.4194780117E+14    0.8822128979E+01    0.8064303606E+02    0.1677222807E+01    0.1459345758E-01
    34    92   -0.6088719909E-02   -0.1922663398E+04   -0.1336319557E+08   -0.4006185248E+14    0.8880053668E+01    0.8177699923E+02    0.1709282332E+01    0.1446246381E-01
    35    92   -0.5806592420E-02   -0.1833574689E+04   -0.1274399731E+08   -0.3820554278E+14    0.8939851276E+01    0.8295326594E+02    0.1741357260E+01    0.1432811285E-01
    36    92   -0.5529053970E-02   -0.1745935082E+04   -0.1213487082E+08   -0.3637942750E+14    0.9001639402E+01    0.8417471402E+02    0.1773471766E+01    0.1419025072E-01
    37    92   -0.5256192595E-02   -0.1659772377E+04   -0.1153600932E+08   -0.3458408590E+14    0.9065545805E+01    0.8544449156E+02    0.1805649693E+01    0.1404871450E-01
    38    92   -0.4988100103E-02   -0.1575115564E+04   -0.1094761431E+08   -0.3282012204E+14    0.9131709746E+01    0.8676605285E+02    0.1837914568E+01    0.1390333075E-01
    39    92   -0.4724872228E-02   -0.1491994874E+04   -0.1036989590E+08   -0.3108816583E+14    0.9200283513E+01    0.8814319989E+02    0.1870289596E+01    0.1375391392E-01
    40    92   -0.4466608791E-02   -0.1410441828E+04   -0.9803073178E+07   -0.2938887404E+14    0.9271434152E+01    0.8958013014E+02    0.1902797650E+01    0.1360026459E-01
    41    92   -0.4213413866E-02   -0.1330489289E+04   -0.9247374550E+07   -0.2772293146E+14    0.9345345434E+01    0.9108149154E+02    0.1935461251E+01    0.1344216781E-01
    42    92   -0.3965395964E-02   -0.1252171523E+04   -0.8703038175E+07   -0.2609105207E+14    0.9422220092E+01    0.9265244640E+02    0.1968302555E+01    0.1327939135E-01
    43    92   -0.3722668237E-02   -0.1175524260E+04   -0.8170312390E+07   -0.2449398034E+14    0.9502282395E+01    0.9429874584E+02    0.2001343332E+01    0.1311168396E-01
    44    92   -0.3485348699E-02   -0.1100584765E+04   -0.7649456208E+07   -0.2293249279E+14    0.9585781139E+01    0.9602681735E+02    0.2034604949E+01    0.1293877347E-01
    45    92   -0.3253560476E-02   -0.1027391921E+04   -0.7140739862E+07   -0.2140739955E+14    0.9672993157E+01    0.9784386869E+02    0.2068108332E+01    0.1276036480E-01
    46    92   -0.3027432086E-02   -0.9559863074E+03   -0.6644445411E+07   -0.1991954622E+14    0.9764227473E+01    0.9975801206E+02    0.2101873904E+01    0.1257613758E-01
    47    92   -0.2807097734E-02   -0.8864103043E+03   -0.6160867403E+07   -0.1846981582E+14    0.9859830283E+01    0.1017784138E+03    0.2135921487E+01    0.1238574343E-01
    48    92   -0.2592697643E-02   -0.8187081908E+03   -0.5690313595E+07   -0.1705913099E+14    0.9960190949E+01    0.1039154762E+03    0.2170270140E+01    0.1218880266E-01
    49    92   -0.2384378413E-02   -0.7529262587E+03   -0.5233105732E+07   -0.1568845630E+14    0.1006574929E+02    0.1061810601E+03    0.2204937920E+01    0.1198490030E-01
    50    92   -0.2182293397E-02   -0.6891129335E+03   -0.4789580388E+07   -0.1435880077E+14    0.1017700452E+02    0.1085887592E+03    0.2239941541E+01    0.1177358130E-01
    51    92   -0.1986603117E-02   -0.6273189041E+03   -0.4360089869E+07   -0.1307122059E+14    0.1029452627E+02    0.1111542425E+03    0.2275295900E+01    0.1155434466E-01
    52    92   -0.1797475708E-02   -0.5675972627E+03   -0.3945003185E+07   -0.1182682202E+14    0.1041896829E+02    0.1138956833E+03    0.2311013429E+01    0.1132663624E-01
    53    92   -0.1615087395E-02   -0.5100036570E+03   -0.3544707107E+07   -0.1062676457E+14    0.1055108580E+02    0.1168343052E+03    0.2347103223E+01    0.1108984003E-01
    54    92   -0.1439623019E-02   -0.4545964551E+03   -0.3159607315E+07   -0.9472264432E+13    0.1069175749E+02    0.1199950837E+03    0.2383569879E+01    0.1084326717E-01
    55    92   -0.1271276620E-02   -0.4014369299E+03   -0.2790129677E+07   -0.8364598339E+13    0.1084201394E+02    0.1234076602E+03    0.2420411925E+01    0.1058614221E-01
    56    92   -0.1110252093E-02   -0.3505894662E+03   -0.2436721689E+07   -0.7305107847E+13    0.1100307492E+02    0.1271075523E+03    0.2457619706E+01    0.1031758553E-01
    57    92   -0.9567639487E-03   -0.3021218010E+03   -0.2099854150E+07   -0.6295204369E+13    0.1117639912E+02    0.1311377830E+03    0.2495172471E+01    0.1003659033E-01
    58    92   -0.8110382220E-03   -0.2561053107E+03   -0.1780023148E+07   -0.5336375149E+13    0.1136375188E+02    0.1355511198E+03    0.2533034324E+01    0.9741991918E-02
    59    92   -0.6733136004E-03   -0.2126153665E+03   -0.1477752542E+07   -0.4430190670E+13    0.1156729953E+02    0.1404132227E+03    0.2571148428E+01    0.9432425389E-02
    60    92   -0.5438428804E-03   -0.1717317952E+03   -0.1193597157E+07   -0.3578314255E+13    0.1178974439E+02    0.1458071900E+03    0.2609428504E+01    0.9106265814E-02
    61    92   -0.4228949447E-03   -0.1335395031E+03   -0.9281471209E+06   -0.2782515068E+13    0.1203452426E+02    0.1518403325E+03    0.2647745894E+01    0.8761540391E-02
    62    92   -0.3107575835E-03   -0.9812936716E+02   -0.6820340608E+06   -0.2044686675E+13    0.1230611849E+02    0.1586546597E+03    0.2685909059E+01    0.8395794142E-02
    63    92   -0.2077417511E-03   -0.6559957874E+02   -0.4559404424E+06   -0.1366875059E+13    0.1261054034E+02    0.1664438839E+03    0.2723629259E+01    0.8005873753E-02
    64    92   -0.1141884093E-03   -0.3605780499E+02   -0.2506145904E+06   -0.7513236408E+12    0.1295617762E+02    0.1754826731E+03    0.2760459099E+01    0.7587556327E-02
    65    92   -0.3048040556E-04   -0.9624939399E+01   -0.6689675775E+05   -0.2005514344E+12    0.1335534630E+02    0.1861810572E+03    0.2795672091E+01    0.7134854240E-02
