  0.0000000E+00 -1.527834467970970E-002
   1.000000     -1.488044280032418E-002
   2.000000     -1.448761117236717E-002
   3.000000     -1.409985070194805E-002
   4.000000     -1.371716232608794E-002
   5.000000     -1.333954701419844E-002
   6.000000     -1.296700576965128E-002
   7.000000     -1.259953963145073E-002
   8.000000     -1.223714967600920E-002
   9.000000     -1.187983701904123E-002
   10.00000     -1.152760281758163E-002
   11.00000     -1.118044827214012E-002
   12.00000     -1.083837462900152E-002
   13.00000     -1.050138318268632E-002
   14.00000     -1.016947527858466E-002
   15.00000     -9.842652315777307E-003
   16.00000     -9.520915750063474E-003
   17.00000     -9.204267097212889E-003
   18.00000     -8.892707936460065E-003
   19.00000     -8.586239914269924E-003
   20.00000     -8.284864748393697E-003
   21.00000     -7.988584232249418E-003
   22.00000     -7.697400239655265E-003
   23.00000     -7.411314729955329E-003
   24.00000     -7.130329753571573E-003
   25.00000     -6.854447458037842E-003
   26.00000     -6.583670094558414E-003
   27.00000     -6.318000025150501E-003
   28.00000     -6.057439730443768E-003
   29.00000     -5.801991818199464E-003
   30.00000     -5.551659032647119E-003
   31.00000     -5.306444264728436E-003
   32.00000     -5.066350563361605E-003
   33.00000     -4.831381147857856E-003
   34.00000     -4.601539421635831E-003
   35.00000     -4.376828987406231E-003
   36.00000     -4.157253664028677E-003
   37.00000     -3.942817505272390E-003
   38.00000     -3.733524820753380E-003
   39.00000     -3.529380199371667E-003
   40.00000     -3.330388535626495E-003
   41.00000     -3.136555059261684E-003
   42.00000     -2.947885368776228E-003
   43.00000     -2.764385469447932E-003
   44.00000     -2.586061816644244E-003
   45.00000     -2.412921365367198E-003
   46.00000     -2.244971627177413E-003
   47.00000     -2.082220735919370E-003
   48.00000     -1.924677523993298E-003
   49.00000     -1.772351611363813E-003
   50.00000     -1.625253510053718E-003
   51.00000     -1.483394747620468E-003
   52.00000     -1.346788014093775E-003
   53.00000     -1.215447338191717E-003
   54.00000     -1.089388300440045E-003
   55.00000     -9.686282933413125E-004
   56.00000     -8.531868422734403E-004
   57.00000     -7.430860058713517E-004
   58.00000     -6.383508820620005E-004
   59.00000     -5.390102570169720E-004
   60.00000     -4.450974513093607E-004
   61.00000     -3.566514444710319E-004
   62.00000     -2.737184031260252E-004
   63.00000     -1.963538126802148E-004
   64.00000     -1.246255458788502E-004
   65.00000     -5.861845307876368E-005
