  0.0000000E+00 -1.617130032772792E-002
   1.000000     -1.576873156872271E-002
   2.000000     -1.537119954452558E-002
   3.000000     -1.497870444702783E-002
   4.000000     -1.459124647447752E-002
   5.000000     -1.420882583177453E-002
   6.000000     -1.383144273077745E-002
   7.000000     -1.345909739063836E-002
   8.000000     -1.309179003815095E-002
   9.000000     -1.272952090812277E-002
   10.00000     -1.237229024377160E-002
   11.00000     -1.202009829714717E-002
   12.00000     -1.167294532957944E-002
   13.00000     -1.133083161215582E-002
   14.00000     -1.099375742623434E-002
   15.00000     -1.066172306398756E-002
   16.00000     -1.033472882898471E-002
   17.00000     -1.001277503681839E-002
   18.00000     -9.695862015770438E-003
   19.00000     -9.383990107531957E-003
   20.00000     -9.077159667971211E-003
   21.00000     -8.775371067963176E-003
   22.00000     -8.478624694280306E-003
   23.00000     -8.186920950553223E-003
   24.00000     -7.900260258307493E-003
   25.00000     -7.618643058083617E-003
   26.00000     -7.342069810648755E-003
   27.00000     -7.070540998310148E-003
   28.00000     -6.804057126341519E-003
   29.00000     -6.542618724529457E-003
   30.00000     -6.286226348862623E-003
   31.00000     -6.034880583368806E-003
   32.00000     -5.788582042124828E-003
   33.00000     -5.547331371454207E-003
   34.00000     -5.311129252338281E-003
   35.00000     -5.079976403062946E-003
   36.00000     -4.853873582134501E-003
   37.00000     -4.632821591495163E-003
   38.00000     -4.416821280078807E-003
   39.00000     -4.205873547752132E-003
   40.00000     -3.999979349693291E-003
   41.00000     -3.799139701269898E-003
   42.00000     -3.603355683486108E-003
   43.00000     -3.412628449088879E-003
   44.00000     -3.226959229423939E-003
   45.00000     -3.046349342166748E-003
   46.00000     -2.870800200067577E-003
   47.00000     -2.700313320876136E-003
   48.00000     -2.534890338650466E-003
   49.00000     -2.374533016695828E-003
   50.00000     -2.219243262429616E-003
   51.00000     -2.069023144538947E-003
   52.00000     -1.923874912883470E-003
   53.00000     -1.783801021699182E-003
   54.00000     -1.648804156810139E-003
   55.00000     -1.518887267727092E-003
   56.00000     -1.394053605767486E-003
   57.00000     -1.274306769641966E-003
   58.00000     -1.159650760398382E-003
   59.00000     -1.050090048201317E-003
   60.00000     -9.456296542501298E-004
   61.00000     -8.462752522995116E-004
   62.00000     -7.520332958943082E-004
   63.00000     -6.629111798482807E-004
   64.00000     -5.789174480844403E-004
   65.00000     -5.000620654288993E-004
   66.00000     -4.263567795190321E-004
   67.00000     -3.578156128244943E-004
   68.00000     -2.944555479250436E-004
   69.00000     -2.362975095430646E-004
   70.00000     -1.833678207492099E-004
   71.00000     -1.357004544703375E-004
   72.00000     -9.334070231764496E-005
   73.00000     -5.635157542104665E-005
   74.00000     -2.482606309777911E-005
