  0.0000000E+00 -1.526044702275816E-002
   1.000000     -1.486263933485594E-002
   2.000000     -1.446990258684616E-002
   3.000000     -1.408223769985076E-002
   4.000000     -1.369964562643446E-002
   5.000000     -1.332212735211006E-002
   6.000000     -1.294968389693634E-002
   7.000000     -1.258231631721921E-002
   8.000000     -1.222002570732148E-002
   9.000000     -1.186281320159002E-002
   10.00000     -1.151067997641065E-002
   11.00000     -1.116362725240207E-002
   12.00000     -1.082165629675795E-002
   13.00000     -1.048476842575295E-002
   14.00000     -1.015296500742450E-002
   15.00000     -9.826247464447728E-003
   16.00000     -9.504617277216670E-003
   17.00000     -9.188075987159112E-003
   18.00000     -8.876625200295524E-003
   19.00000     -8.570266591074132E-003
   20.00000     -8.269001906505322E-003
   21.00000     -7.972832970624309E-003
   22.00000     -7.681761689313765E-003
   23.00000     -7.395790055527617E-003
   24.00000     -7.114920154952336E-003
   25.00000     -6.839154172154134E-003
   26.00000     -6.568494397265635E-003
   27.00000     -6.302943233270889E-003
   28.00000     -6.042503203952833E-003
   29.00000     -5.787176962587186E-003
   30.00000     -5.536967301460275E-003
   31.00000     -5.291877162320813E-003
   32.00000     -5.051909647870624E-003
   33.00000     -4.817068034434954E-003
   34.00000     -4.587355785957029E-003
   35.00000     -4.362776569497598E-003
   36.00000     -4.143334272443514E-003
   37.00000     -3.929033021662870E-003
   38.00000     -3.719877204888986E-003
   39.00000     -3.515871494658678E-003
   40.00000     -3.317020875201776E-003
   41.00000     -3.123330672735085E-003
   42.00000     -2.934806589719965E-003
   43.00000     -2.751454743740835E-003
   44.00000     -2.573281711805816E-003
   45.00000     -2.400294581036954E-003
   46.00000     -2.232501006934725E-003
   47.00000     -2.069909280671973E-003
   48.00000     -1.912528407222137E-003
   49.00000     -1.760368196571310E-003
   50.00000     -1.613439370854726E-003
   51.00000     -1.471753691019366E-003
   52.00000     -1.335324107645300E-003
   53.00000     -1.204164941934110E-003
   54.00000     -1.078292104759830E-003
   55.00000     -9.577233642918600E-004
   56.00000     -8.424786763855830E-004
   57.00000     -7.325805972275574E-004
   58.00000     -6.280548054716640E-004
   59.00000     -5.289307727284195E-004
   60.00000     -4.352426391442275E-004
   61.00000     -3.470303791452750E-004
   62.00000     -2.643413888978732E-004
   63.00000     -1.872327063956778E-004
   64.00000     -1.157742172146942E-004
   65.00000     -5.005346868193237E-005
