  0.0000000E+00 -5.692769078254242E-003
   1.000000     -5.349757344185621E-003
   2.000000     -5.012318130775043E-003
   3.000000     -4.680467178352080E-003
   4.000000     -4.354221022078585E-003
   5.000000     -4.033597051966243E-003
   6.000000     -3.718613579094765E-003
   7.000000     -3.409289908867371E-003
   8.000000     -3.105646422275274E-003
   9.000000     -2.807704666296291E-003
   10.00000     -2.515487454774495E-003
   11.00000     -2.229018981347665E-003
   12.00000     -1.948324946309379E-003
   13.00000     -1.673432699637795E-003
   14.00000     -1.404371402893018E-003
   15.00000     -1.141172213231799E-003
   16.00000     -8.838684935092525E-004
   17.00000     -6.324960533207451E-004
   18.00000     -3.870934269862142E-004
   19.00000     -1.477021959427166E-004
