  0.0000000E+00 -1.335644578571801E-002
   1.000000     -1.296881180271743E-002
   2.000000     -1.258632606747433E-002
   3.000000     -1.220899127551698E-002
   4.000000     -1.183681022066884E-002
   5.000000     -1.146978580013229E-002
   6.000000     -1.110792101992630E-002
   7.000000     -1.075121900069585E-002
   8.000000     -1.039968298393277E-002
   9.000000     -1.005331633864301E-002
   10.00000     -9.712122568497005E-003
   11.00000     -9.376105319514287E-003
   12.00000     -9.045268388326189E-003
   13.00000     -8.719615731073733E-003
   14.00000     -8.399151473003609E-003
   15.00000     -8.083879918829300E-003
   16.00000     -7.773805563937186E-003
   17.00000     -7.468933106520674E-003
   18.00000     -7.169267460742361E-003
   19.00000     -6.874813771036560E-003
   20.00000     -6.585577427672303E-003
   21.00000     -6.301564083721087E-003
   22.00000     -6.022779673590916E-003
   23.00000     -5.749230433308420E-003
   24.00000     -5.480922922758752E-003
   25.00000     -5.217864050126083E-003
   26.00000     -4.960061098811591E-003
   27.00000     -4.707521757145743E-003
   28.00000     -4.460254151272314E-003
   29.00000     -4.218266881630698E-003
   30.00000     -3.981569063543950E-003
   31.00000     -3.750170372504659E-003
   32.00000     -3.524081094855942E-003
   33.00000     -3.303312184694820E-003
   34.00000     -3.087875327980412E-003
   35.00000     -2.877783015022986E-003
   36.00000     -2.673048622771504E-003
   37.00000     -2.473686508609220E-003
   38.00000     -2.279712117745691E-003
   39.00000     -2.091142106764360E-003
   40.00000     -1.907994486487984E-003
   41.00000     -1.730288788099858E-003
   42.00000     -1.558046257471554E-003
   43.00000     -1.391290083974014E-003
   44.00000     -1.230045671812395E-003
   45.00000     -1.074340964305460E-003
   46.00000     -9.242068347742016E-004
   47.00000     -7.796775622018913E-004
   48.00000     -6.407914161749126E-004
   49.00000     -5.075913847215938E-004
   50.00000     -3.801260920366755E-004
   51.00000     -2.584509731526479E-004
   52.00000     -1.426298035998604E-004
   53.00000     -3.273673138255262E-005
