  0.0000000E+00 -7.363965568769136E-002
   1.000000     -7.306452347307418E-002
   2.000000     -7.249223480515730E-002
   3.000000     -7.192278418539033E-002
   4.000000     -7.135616610590687E-002
   5.000000     -7.079237504950088E-002
   6.000000     -7.023140548952539E-002
   7.000000     -6.967325189027147E-002
   8.000000     -6.911790870854449E-002
   9.000000     -6.856537035510825E-002
   10.00000     -6.801563143811583E-002
   11.00000     -6.746868647183846E-002
   12.00000     -6.692452476443948E-002
   13.00000     -6.638316778701452E-002
   14.00000     -6.584457585171939E-002
   15.00000     -6.530850661125250E-002
   16.00000     -6.477640674004771E-002
   17.00000     -6.424561075678228E-002
   18.00000     -6.371322421707001E-002
   19.00000     -6.320900193244720E-002
   20.00000     -6.267190835333206E-002
   21.00000     -6.211493956220604E-002
   22.00000     -6.175121511015326E-002
   23.00000     -6.110206507148220E-002
   24.00000     -6.043191353811091E-002
   25.00000     -6.024762814550141E-002
   26.00000     -5.942019484280368E-002
   27.00000     -5.853834869232994E-002
   28.00000     -5.840544832474567E-002
   29.00000     -5.762316343173318E-002
   30.00000     -5.669919365917281E-002
   31.00000     -5.599216367584564E-002
   32.00000     -5.576296201945967E-002
   33.00000     -5.482036035660234E-002
   34.00000     -5.387256754611858E-002
   35.00000     -5.314975465479662E-002
   36.00000     -5.292208911491474E-002
   37.00000     -5.197167699975458E-002
   38.00000     -5.102261421643441E-002
   39.00000     -5.007665178806474E-002
   40.00000     -4.986445690346142E-002
   41.00000     -4.913496736033093E-002
   42.00000     -4.819905695738955E-002
   43.00000     -4.726988238680700E-002
   44.00000     -4.634842255081331E-002
   45.00000     -4.610489887957653E-002
   46.00000     -4.543543398787697E-002
   47.00000     -4.453176479784940E-002
   48.00000     -4.363801082036688E-002
   49.00000     -4.275474046025497E-002
   50.00000     -4.188250559403583E-002
   51.00000     -4.183219478654870E-002
   52.00000     -4.102152630736041E-002
   53.00000     -4.017237654050329E-002
   54.00000     -3.933528402095079E-002
   55.00000     -3.851050396135597E-002
   56.00000     -3.769824534194977E-002
   57.00000     -3.700239825797482E-002
   58.00000     -3.689865300900568E-002
   59.00000     -3.611191026899589E-002
   60.00000     -3.533806330071682E-002
   61.00000     -3.457718855692864E-002
   62.00000     -3.382932140977940E-002
   63.00000     -3.309447145468382E-002
   64.00000     -3.237262539324665E-002
   65.00000     -3.166375600494784E-002
   66.00000     -3.156589821296945E-002
   67.00000     -3.096778437642953E-002
   68.00000     -3.028467046670272E-002
   69.00000     -2.961431753737426E-002
   70.00000     -2.895662767870078E-002
   71.00000     -2.831149063105981E-002
   72.00000     -2.767878543007700E-002
   73.00000     -2.705838168175193E-002
   74.00000     -2.645014073122544E-002
   75.00000     -2.585391702299112E-002
   76.00000     -2.546824427647770E-002
   77.00000     -2.526955369511233E-002
   78.00000     -2.469690202310515E-002
   79.00000     -2.413579320362528E-002
   80.00000     -2.358606214765202E-002
   81.00000     -2.304753933681671E-002
   82.00000     -2.252005251278101E-002
   83.00000     -2.200342728787067E-002
   84.00000     -2.149748765904947E-002
   85.00000     -2.100205646930449E-002
   86.00000     -2.051695582606617E-002
   87.00000     -2.004200748239968E-002
   88.00000     -1.957703319007663E-002
   89.00000     -1.912185507627500E-002
   90.00000     -1.867630248397085E-002
   91.00000     -1.864935739290252E-002
   92.00000     -1.824017686186375E-002
   93.00000     -1.781332606381692E-002
   94.00000     -1.739556739855311E-002
   95.00000     -1.698672818611884E-002
   96.00000     -1.658663724604393E-002
   97.00000     -1.619512513122831E-002
   98.00000     -1.581202426785895E-002
   99.00000     -1.543716907081516E-002
   100.0000     -1.507039604296913E-002
   101.0000     -1.471154386094175E-002
   102.0000     -1.436045344875593E-002
   103.0000     -1.401696804051102E-002
   104.0000     -1.368093323304242E-002
   105.0000     -1.335219702943852E-002
   106.0000     -1.303060987422519E-002
   107.0000     -1.271602468097848E-002
   108.0000     -1.240829685313243E-002
   109.0000     -1.210728429890257E-002
   110.0000     -1.181284744207861E-002
   111.0000     -1.152484923590078E-002
   112.0000     -1.124315526123251E-002
   113.0000     -1.104346094609895E-002
   114.0000     -1.096763166246937E-002
   115.0000     -1.069815274658983E-002
   116.0000     -1.043458853278210E-002
   117.0000     -1.017681506738413E-002
   118.0000     -9.924710243968148E-003
   119.0000     -9.678154351103072E-003
   120.0000     -9.437030073382320E-003
   121.0000     -9.201222469682337E-003
   122.0000     -8.970618946441057E-003
   123.0000     -8.745109228588246E-003
   124.0000     -8.524585328859316E-003
   125.0000     -8.308941515831586E-003
   126.0000     -8.098074280903637E-003
   127.0000     -7.891882304390266E-003
   128.0000     -7.690266420886022E-003
   129.0000     -7.493129584026849E-003
   130.0000     -7.300376830772712E-003
   131.0000     -7.111915245316805E-003
   132.0000     -6.927653922721974E-003
   133.0000     -6.747503932375339E-003
   134.0000     -6.571378281338087E-003
   135.0000     -6.399191877670310E-003
   136.0000     -6.230861493794586E-003
   137.0000     -6.066305729959202E-003
   138.0000     -5.905444977858686E-003
   139.0000     -5.748201384459466E-003
   140.0000     -5.594498816073740E-003
   141.0000     -5.444262822725539E-003
   142.0000     -5.297420602842755E-003
   143.0000     -5.153900968305272E-003
   144.0000     -5.013634013524921E-003
   145.0000     -4.876552563077305E-003
   146.0000     -4.742589174412559E-003
   147.0000     -4.611679068158490E-003
   148.0000     -4.483758613539333E-003
   149.0000     -4.358765592416642E-003
   150.0000     -4.236639167474584E-003
   151.0000     -4.117319850903537E-003
   152.0000     -4.000749473605692E-003
   153.0000     -3.886871154915148E-003
   154.0000     -3.775629272847398E-003
   155.0000     -3.666969434877605E-003
   156.0000     -3.560838449252728E-003
   157.0000     -3.457184296838196E-003
   158.0000     -3.355956103502266E-003
   159.0000     -3.257104113042478E-003
   160.0000     -3.160579660661537E-003
   161.0000     -3.066335147014404E-003
   162.0000     -2.974324012891191E-003
   163.0000     -2.884500714745990E-003
   164.0000     -2.796820701944115E-003
   165.0000     -2.711240400980012E-003
   166.0000     -2.627717281894442E-003
   167.0000     -2.578500165634591E-003
   168.0000     -2.546208574009617E-003
   169.0000     -2.466675391228724E-003
   170.0000     -2.389076484538502E-003
   171.0000     -2.313372984099575E-003
   172.0000     -2.239526644691925E-003
   173.0000     -2.167500018091951E-003
   174.0000     -2.097256445010509E-003
   175.0000     -2.028760037724291E-003
   176.0000     -1.961975661525935E-003
   177.0000     -1.896868916195720E-003
   178.0000     -1.833406117766715E-003
   179.0000     -1.771554280658425E-003
   180.0000     -1.711281100200279E-003
   181.0000     -1.652554935549977E-003
   182.0000     -1.595344793003336E-003
   183.0000     -1.539620309690270E-003
   184.0000     -1.485351737651272E-003
   185.0000     -1.432509928285458E-003
   186.0000     -1.381066317165711E-003
   187.0000     -1.330992909210220E-003
   188.0000     -1.282262264205285E-003
   189.0000     -1.234847482671219E-003
   190.0000     -1.188722192063228E-003
   191.0000     -1.143860533301317E-003
   192.0000     -1.100237147620522E-003
   193.0000     -1.057827163735440E-003
   194.0000     -1.016606185311331E-003
   195.0000     -9.765502787351394E-004
   196.0000     -9.376359611791395E-004
   197.0000     -8.998401889511033E-004
   198.0000     -8.631403461238714E-004
   199.0000     -8.275142334381301E-004
   200.0000     -7.929400574715062E-004
   201.0000     -7.593964200682375E-004
   202.0000     -7.268623080233359E-004
   203.0000     -6.953170830143396E-004
   204.0000     -6.647404717761000E-004
   205.0000     -6.351125565116582E-004
   206.0000     -6.064137655342682E-004
   207.0000     -5.786248641351348E-004
   208.0000     -5.517269456709264E-004
   209.0000     -5.257014228663080E-004
   210.0000     -5.005300193267622E-004
   211.0000     -4.761947612562923E-004
   212.0000     -4.526779693749571E-004
   213.0000     -4.299622510329353E-004
   214.0000     -4.080304925152112E-004
   215.0000     -3.868658515339001E-004
   216.0000     -3.664517499034370E-004
   217.0000     -3.467718663949423E-004
   218.0000     -3.278101297666901E-004
   219.0000     -3.095507119664530E-004
   220.0000     -2.919780215034707E-004
   221.0000     -2.750766969867407E-004
   222.0000     -2.588316008272781E-004
   223.0000     -2.432278131025747E-004
   224.0000     -2.282506255809889E-004
   225.0000     -2.138855359056175E-004
   226.0000     -2.001182419365839E-004
   227.0000     -1.869346362518768E-004
   228.0000     -1.743208008080012E-004
   229.0000     -1.622630017618394E-004
   230.0000     -1.507476844571668E-004
   231.0000     -1.397614685798513E-004
   232.0000     -1.292911434884356E-004
   233.0000     -1.193236637279393E-004
   234.0000     -1.098461447382926E-004
   235.0000     -1.008458587716872E-004
   236.0000     -9.231023103757061E-005
   237.0000     -8.422683609967568E-005
   238.0000     -7.658339455652037E-005
   239.0000     -6.936777004615015E-005
   240.0000     -6.256796662849369E-005
   241.0000     -5.617212661513129E-005
   242.0000     -5.016852893870473E-005
   243.0000     -4.454558818529038E-005
   244.0000     -3.929185445544086E-005
   245.0000     -3.439601428091104E-005
   246.0000     -2.984689291064468E-005
   247.0000     -2.563345840825770E-005
   248.0000     -2.174482819488048E-005
   249.0000     -1.817027896665310E-005
   250.0000     -1.489926138251691E-005
   251.0000     -1.192142167963982E-005
   252.0000     -9.226633664558599E-006
   253.0000     -6.805046814169952E-006
   254.0000     -4.647160492038705E-006
   255.0000     -2.743942800726725E-006
   256.0000     -1.087031021302709E-006
