  0.0000000E+00 -7.334902591245340E-002
   1.000000     -7.277446258299952E-002
   2.000000     -7.220274368991277E-002
   3.000000     -7.163386373725936E-002
   4.000000     -7.106781721979792E-002
   5.000000     -7.050459862295534E-002
   6.000000     -6.994420242273258E-002
   7.000000     -6.938662308598785E-002
   8.000000     -6.883185507267350E-002
   9.000000     -6.827989279674301E-002
   10.00000     -6.773073084244054E-002
   11.00000     -6.718436388984382E-002
   12.00000     -6.664078098873964E-002
   13.00000     -6.610000129411026E-002
   14.00000     -6.556200139267765E-002
   15.00000     -6.502650002008464E-002
   16.00000     -6.449489704380479E-002
   17.00000     -6.396510026921068E-002
   18.00000     -6.343264042843139E-002
   19.00000     -6.292806440041532E-002
   20.00000     -6.239716809567590E-002
   21.00000     -6.183079266420088E-002
   22.00000     -6.147030579823187E-002
   23.00000     -6.084115311150191E-002
   24.00000     -6.013179464488157E-002
   25.00000     -5.997781485798699E-002
   26.00000     -5.916813598621325E-002
   27.00000     -5.828728176587481E-002
   28.00000     -5.808599329139379E-002
   29.00000     -5.737657881615852E-002
   30.00000     -5.645505527908357E-002
   31.00000     -5.566675131204699E-002
   32.00000     -5.552084554758954E-002
   33.00000     -5.458081381805946E-002
   34.00000     -5.363521666687700E-002
   35.00000     -5.282029798812705E-002
   36.00000     -5.268677195252222E-002
   37.00000     -5.173859031600670E-002
   38.00000     -5.079160017450006E-002
   39.00000     -4.984765093524969E-002
   40.00000     -4.953119494999305E-002
   41.00000     -4.890799445860098E-002
   42.00000     -4.797406202598341E-002
   43.00000     -4.704683381545356E-002
   44.00000     -4.612728379579391E-002
   45.00000     -4.576795617991315E-002
   46.00000     -4.521619531448901E-002
   47.00000     -4.431439468475938E-002
   48.00000     -4.342248281184627E-002
   49.00000     -4.254103005413204E-002
   50.00000     -4.167054035774159E-002
   51.00000     -4.149162415118918E-002
   52.00000     -4.081138177685572E-002
   53.00000     -3.996398196366338E-002
   54.00000     -3.912861711660517E-002
   55.00000     -3.830554335567243E-002
   56.00000     -3.749496993020018E-002
   57.00000     -3.669710398249297E-002
   58.00000     -3.665802696761702E-002
   59.00000     -3.591194531003019E-002
   60.00000     -3.513972424289799E-002
   61.00000     -3.438045601652957E-002
   62.00000     -3.363417655200356E-002
   63.00000     -3.290089581388873E-002
   64.00000     -3.218060077628772E-002
   65.00000     -3.147325935076916E-002
   66.00000     -3.121786739733997E-002
   67.00000     -3.077880881777069E-002
   68.00000     -3.009719419470169E-002
   69.00000     -2.942832339067050E-002
   70.00000     -2.877209912724736E-002
   71.00000     -2.812841146788414E-002
   72.00000     -2.749713974180008E-002
   73.00000     -2.687815383493710E-002
   74.00000     -2.627131534898701E-002
   75.00000     -2.567647877633708E-002
   76.00000     -2.511645655385996E-002
   77.00000     -2.509347183410474E-002
   78.00000     -2.452219467104551E-002
   79.00000     -2.396242973535622E-002
   80.00000     -2.341402842903360E-002
   81.00000     -2.287682155264889E-002
   82.00000     -2.235063709979261E-002
   83.00000     -2.183530092255801E-002
   84.00000     -2.133063725164882E-002
   85.00000     -2.083646915904025E-002
   86.00000     -2.035261897658227E-002
   87.00000     -1.987890867640472E-002
   88.00000     -1.941516021932870E-002
   89.00000     -1.896119589095510E-002
   90.00000     -1.851683890686886E-002
   91.00000     -1.829374021622938E-002
   92.00000     -1.808191001370650E-002
   93.00000     -1.765623877330879E-002
   94.00000     -1.723964817828179E-002
   95.00000     -1.683196604804723E-002
   96.00000     -1.643302141971774E-002
   97.00000     -1.604264504335251E-002
   98.00000     -1.566066953632425E-002
   99.00000     -1.528692950110797E-002
   100.0000     -1.492126162522570E-002
   101.0000     -1.456350476724921E-002
   102.0000     -1.421350003058838E-002
   103.0000     -1.387109082625378E-002
   104.0000     -1.353612292558306E-002
   105.0000     -1.320844450381289E-002
   106.0000     -1.288790617529661E-002
   107.0000     -1.257436102111676E-002
   108.0000     -1.226766460980505E-002
   109.0000     -1.196767501189959E-002
   110.0000     -1.167425280928990E-002
   111.0000     -1.138726110140540E-002
   112.0000     -1.110656551823284E-002
   113.0000     -1.083203438841946E-002
   114.0000     -1.068396396630751E-002
   115.0000     -1.056353659024705E-002
   116.0000     -1.030094824337922E-002
   117.0000     -1.004414298546291E-002
   118.0000     -9.792999121278737E-003
   119.0000     -9.547397106787894E-003
   120.0000     -9.307219776076122E-003
   121.0000     -9.072352332791436E-003
   122.0000     -8.842682325662935E-003
   123.0000     -8.618099620027162E-003
   124.0000     -8.398496367359575E-003
   125.0000     -8.183766973413508E-003
   126.0000     -7.973808065261590E-003
   127.0000     -7.768518457436559E-003
   128.0000     -7.567799117331960E-003
   129.0000     -7.371553129997464E-003
   130.0000     -7.179685662451637E-003
   131.0000     -6.992103927620810E-003
   132.0000     -6.808717148004458E-003
   133.0000     -6.629436519154441E-003
   134.0000     -6.454175173054109E-003
   135.0000     -6.282848141466572E-003
   136.0000     -6.115372319323589E-003
   137.0000     -5.951666428214757E-003
   138.0000     -5.791650980030354E-003
   139.0000     -5.635248240810783E-003
   140.0000     -5.482382194843694E-003
   141.0000     -5.332978509053170E-003
   142.0000     -5.186964497712752E-003
   143.0000     -5.044269087516744E-003
   144.0000     -4.904822783037823E-003
   145.0000     -4.768557632595227E-003
   146.0000     -4.635407194557123E-003
   147.0000     -4.505306504093062E-003
   148.0000     -4.378192040399066E-003
   149.0000     -4.254001694402681E-003
   150.0000     -4.132674736965068E-003
   151.0000     -4.014151787588641E-003
   152.0000     -3.898374783637943E-003
   153.0000     -3.785286950081010E-003
   154.0000     -3.674832769757240E-003
   155.0000     -3.566957954172653E-003
   156.0000     -3.461609414829383E-003
   157.0000     -3.358735235085054E-003
   158.0000     -3.258284642549478E-003
   159.0000     -3.160207982011267E-003
   160.0000     -3.064456688898735E-003
   161.0000     -2.970983263271618E-003
   162.0000     -2.879741244344228E-003
   163.0000     -2.790685185542269E-003
   164.0000     -2.703770630105240E-003
   165.0000     -2.618954087264396E-003
   166.0000     -2.536193009107344E-003
   167.0000     -2.455445768516732E-003
   168.0000     -2.376671640067809E-003
   169.0000     -2.299830799097186E-003
   170.0000     -2.224885271220389E-003
   171.0000     -2.215073084216161E-003
   172.0000     -2.151793164368295E-003
   173.0000     -2.080521368203190E-003
   174.0000     -2.011031636003288E-003
   175.0000     -1.943288229829575E-003
   176.0000     -1.877256117485897E-003
   177.0000     -1.812900994151404E-003
   178.0000     -1.750189269173045E-003
   179.0000     -1.689088049391445E-003
   180.0000     -1.629565122061898E-003
   181.0000     -1.571588937945338E-003
   182.0000     -1.515128594711315E-003
   183.0000     -1.460153820698760E-003
   184.0000     -1.406634959043207E-003
   185.0000     -1.354542952171900E-003
   186.0000     -1.303849326662688E-003
   187.0000     -1.254526178461158E-003
   188.0000     -1.206546158448883E-003
   189.0000     -1.159882458356934E-003
   190.0000     -1.114508797016988E-003
   191.0000     -1.070399406943355E-003
   192.0000     -1.027529021238875E-003
   193.0000     -9.858728608179482E-004
   194.0000     -9.454066219399148E-004
   195.0000     -9.061064640467366E-004
   196.0000     -8.679489978974352E-004
   197.0000     -8.309112739935882E-004
   198.0000     -7.949707712905883E-004
   199.0000     -7.601053861869013E-004
   200.0000     -7.262934217870397E-004
   201.0000     -6.935135774322658E-004
   202.0000     -6.617449384931238E-004
   203.0000     -6.309669664196340E-004
   204.0000     -6.011594890432804E-004
   205.0000     -5.723026911269365E-004
   206.0000     -5.443771051577692E-004
   207.0000     -5.173636023796853E-004
   208.0000     -4.912433840609890E-004
   209.0000     -4.659979729945122E-004
   210.0000     -4.416092052269071E-004
   211.0000     -4.180592220149319E-004
   212.0000     -3.953304620067571E-004
   213.0000     -3.734056536467555E-004
   214.0000     -3.522678078038947E-004
   215.0000     -3.319002106231220E-004
   216.0000     -3.122864166013013E-004
   217.0000     -2.934102418899180E-004
   218.0000     -2.752557578282014E-004
   219.0000     -2.578072847112088E-004
   220.0000     -2.410493858002560E-004
   221.0000     -2.249668615845972E-004
   222.0000     -2.095447443057344E-004
   223.0000     -1.947682927597696E-004
   224.0000     -1.806229873962870E-004
   225.0000     -1.670945257376083E-004
   226.0000     -1.541688181485881E-004
   227.0000     -1.418319839939664E-004
   228.0000     -1.300703482310721E-004
   229.0000     -1.188704384969789E-004
   230.0000     -1.082189827661104E-004
   231.0000     -9.810290767449209E-005
   232.0000     -8.850933763396254E-005
   233.0000     -7.942559489673499E-005
   234.0000     -7.083920077855102E-005
   235.0000     -6.273787831555944E-005
   236.0000     -5.510955672211449E-005
   237.0000     -4.794237814527294E-005
   238.0000     -4.122470739653468E-005
   239.0000     -3.494514560999443E-005
   240.0000     -2.909254917603606E-005
   241.0000     -2.365605591046976E-005
   242.0000     -1.862512137678683E-005
   243.0000     -1.398956983167617E-005
   244.0000     -9.739666875127581E-006
   245.0000     -5.866225476365902E-006
   246.0000     -2.360765554759167E-006
