  0.0000000E+00 -7.383438324615706E-002
   1.000000     -7.325886841956988E-002
   2.000000     -7.268620008629877E-002
   3.000000     -7.211636743525161E-002
   4.000000     -7.154936672709500E-002
   5.000000     -7.098519244287747E-002
   6.000000     -7.042383905420127E-002
   7.000000     -6.986530102365793E-002
   8.000000     -6.930957280592244E-002
   9.000000     -6.875664881001779E-002
   10.00000     -6.820652365922340E-002
   11.00000     -6.765919174969122E-002
   12.00000     -6.711464263319734E-002
   13.00000     -6.657289909942767E-002
   14.00000     -6.603391042137426E-002
   15.00000     -6.549746455486451E-002
   16.00000     -6.496502356411529E-002
   17.00000     -6.443355413530080E-002
   18.00000     -6.390130305016503E-002
   19.00000     -6.339709770406453E-002
   20.00000     -6.285593205336884E-002
   21.00000     -6.230622647620902E-002
   22.00000     -6.193815204605698E-002
   23.00000     -6.127677320248064E-002
   24.00000     -6.063645584728473E-002
   25.00000     -6.042473399920755E-002
   26.00000     -5.958902066186746E-002
   27.00000     -5.870829853351994E-002
   28.00000     -5.861766912988738E-002
   29.00000     -5.778833630946752E-002
   30.00000     -5.686273919127824E-002
   31.00000     -5.621025623128378E-002
   32.00000     -5.592504431213134E-002
   33.00000     -5.498082851932620E-002
   34.00000     -5.403156701155930E-002
   35.00000     -5.337049858458507E-002
   36.00000     -5.307968046913076E-002
   37.00000     -5.212781943266777E-002
   38.00000     -5.117736879943456E-002
   39.00000     -5.023007908239185E-002
   40.00000     -5.008768507319430E-002
   41.00000     -4.928701463893922E-002
   42.00000     -4.834977985554544E-002
   43.00000     -4.741930166889987E-002
   44.00000     -4.649657016508535E-002
   45.00000     -4.633060759328603E-002
   46.00000     -4.558230085566940E-002
   47.00000     -4.467738038393047E-002
   48.00000     -4.378239251761669E-002
   49.00000     -4.289790472446325E-002
   50.00000     -4.206054040737842E-002
   51.00000     -4.202430184300873E-002
   52.00000     -4.116230177520504E-002
   53.00000     -4.031197991329381E-002
   54.00000     -3.947373012345212E-002
   55.00000     -3.864780710952418E-002
   56.00000     -3.783441976813199E-002
   57.00000     -3.723304235176910E-002
   58.00000     -3.703371958047709E-002
   59.00000     -3.624586701182743E-002
   60.00000     -3.547093098308084E-002
   61.00000     -3.470898012128965E-002
   62.00000     -3.396004947093904E-002
   63.00000     -3.322414838653467E-002
   64.00000     -3.250126341951715E-002
   65.00000     -3.179916951464358E-002
   66.00000     -3.179124330372598E-002
   67.00000     -3.109437983764071E-002
   68.00000     -3.041026176262594E-002
   69.00000     -2.973891605827948E-002
   70.00000     -2.908024449398161E-002
   71.00000     -2.843413659930657E-002
   72.00000     -2.780047121455280E-002
   73.00000     -2.717911775980268E-002
   74.00000     -2.656993741679550E-002
   75.00000     -2.597278482611166E-002
   76.00000     -2.570391666148874E-002
   77.00000     -2.538750238889220E-002
   78.00000     -2.481394032806570E-002
   79.00000     -2.425193139048192E-002
   80.00000     -2.370130966413412E-002
   81.00000     -2.316190543907557E-002
   82.00000     -2.263354629066993E-002
   83.00000     -2.211605767131134E-002
   84.00000     -2.160926342175962E-002
   85.00000     -2.111298623194722E-002
   86.00000     -2.062704805943939E-002
   87.00000     -2.015127051163249E-002
   88.00000     -1.968547520505372E-002
   89.00000     -1.922948421990341E-002
   90.00000     -1.888759774863462E-002
   91.00000     -1.878311686046715E-002
   92.00000     -1.834620347561240E-002
   93.00000     -1.791856284674601E-002
   94.00000     -1.750002190012316E-002
   95.00000     -1.709040776546832E-002
   96.00000     -1.668954912409790E-002
   97.00000     -1.629727639829819E-002
   98.00000     -1.591342188676973E-002
   99.00000     -1.553781987911306E-002
   100.0000     -1.517030675484211E-002
   101.0000     -1.481072106901127E-002
   102.0000     -1.445890362579599E-002
   103.0000     -1.411469754111384E-002
   104.0000     -1.377794829524212E-002
   105.0000     -1.344850377630658E-002
   106.0000     -1.312621431545451E-002
   107.0000     -1.281093271449862E-002
   108.0000     -1.250251426687708E-002
   109.0000     -1.220081677316306E-002
   110.0000     -1.190570055455917E-002
   111.0000     -1.161702848720372E-002
   112.0000     -1.133466706674773E-002
   113.0000     -1.128428412381972E-002
   114.0000     -1.105847965962675E-002
   115.0000     -1.078834198885505E-002
   116.0000     -1.052412463776829E-002
   117.0000     -1.026570301621704E-002
   118.0000     -1.001295489529376E-002
   119.0000     -9.765760461406342E-003
   120.0000     -9.524002301231689E-003
   121.0000     -9.287565377655217E-003
   122.0000     -9.056337002489430E-003
   123.0000     -8.830206807215427E-003
   124.0000     -8.609066712215098E-003
   125.0000     -8.392810894759170E-003
   126.0000     -8.181335755954033E-003
   127.0000     -7.974539886811224E-003
   128.0000     -7.772324033587186E-003
   129.0000     -7.574591062525809E-003
   130.0000     -7.381245924119179E-003
   131.0000     -7.192195616999741E-003
   132.0000     -7.007349151559178E-003
   133.0000     -6.826617513383239E-003
   134.0000     -6.649913626587491E-003
   135.0000     -6.477152317123973E-003
   136.0000     -6.308250276129128E-003
   137.0000     -6.143126023372303E-003
   138.0000     -5.981699870860682E-003
   139.0000     -5.823893886648859E-003
   140.0000     -5.669631858900438E-003
   141.0000     -5.518839260238533E-003
   142.0000     -5.371443212423995E-003
   143.0000     -5.227372451391061E-003
   144.0000     -5.086557292669200E-003
   145.0000     -4.948929597218996E-003
   146.0000     -4.814422737698880E-003
   147.0000     -4.682971565186191E-003
   148.0000     -4.554512376367946E-003
   149.0000     -4.428982881215718E-003
   150.0000     -4.306322171154790E-003
   151.0000     -4.186470687741816E-003
   152.0000     -4.069370191854977E-003
   153.0000     -3.954963733408015E-003
   154.0000     -3.843195621589017E-003
   155.0000     -3.734011395633687E-003
   156.0000     -3.627357796134398E-003
   157.0000     -3.523182736892749E-003
   158.0000     -3.421435277328108E-003
   159.0000     -3.322065595468129E-003
   160.0000     -3.225024961603622E-003
   161.0000     -3.130265712870103E-003
   162.0000     -3.037741229916464E-003
   163.0000     -2.947405923285286E-003
   164.0000     -2.859215379222119E-003
   165.0000     -2.821957447910625E-003
   166.0000     -2.773124713985598E-003
   167.0000     -2.689093125569193E-003
   168.0000     -2.607077765317936E-003
   169.0000     -2.527037870700103E-003
   170.0000     -2.448933443326499E-003
   171.0000     -2.372725327753897E-003
   172.0000     -2.298375199157676E-003
   173.0000     -2.225845544571187E-003
   174.0000     -2.155099643320402E-003
   175.0000     -2.086101547570409E-003
   176.0000     -2.018816063201209E-003
   177.0000     -1.953208731075878E-003
   178.0000     -1.889245808714968E-003
   179.0000     -1.826894252383722E-003
   180.0000     -1.766121699586451E-003
   181.0000     -1.706896451963168E-003
   182.0000     -1.649187458581342E-003
   183.0000     -1.592964299616022E-003
   184.0000     -1.538197170410958E-003
   185.0000     -1.484856865912092E-003
   186.0000     -1.432914765467486E-003
   187.0000     -1.382342817983558E-003
   188.0000     -1.333113527433318E-003
   189.0000     -1.285199938705341E-003
   190.0000     -1.238575623789336E-003
   191.0000     -1.193214668288923E-003
   192.0000     -1.149091658254478E-003
   193.0000     -1.106181667329651E-003
   194.0000     -1.064460244203732E-003
   195.0000     -1.023903400363026E-003
   196.0000     -9.844875981340406E-004
   197.0000     -9.461897390124255E-004
   198.0000     -9.089871522699593E-004
   199.0000     -8.728575838335618E-004
   200.0000     -8.377791854297683E-004
   201.0000     -8.037305039882865E-004
   202.0000     -7.706904712979623E-004
   203.0000     -7.386383939096776E-004
   204.0000     -7.075539432794953E-004
   205.0000     -6.774171461465791E-004
   206.0000     -6.482083751398315E-004
   207.0000     -6.199083396075093E-004
   208.0000     -5.924980766643971E-004
   209.0000     -5.659589424508104E-004
   210.0000     -5.402726035986668E-004
   211.0000     -5.154210288981178E-004
   212.0000     -4.913864811612574E-004
   213.0000     -4.681515092762315E-004
   214.0000     -4.456989404481532E-004
   215.0000     -4.240118726209398E-004
   216.0000     -4.030736670761097E-004
   217.0000     -3.828679412035852E-004
   218.0000     -3.633785614397838E-004
   219.0000     -3.445896363690949E-004
   220.0000     -3.264855099838835E-004
   221.0000     -3.090507550991834E-004
   222.0000     -2.922701669177274E-004
   223.0000     -2.761287567413657E-004
   224.0000     -2.606117458250267E-004
   225.0000     -2.457045593690261E-004
   226.0000     -2.313928206465260E-004
   227.0000     -2.176623452618799E-004
   228.0000     -2.044991355368623E-004
   229.0000     -1.918893750207750E-004
   230.0000     -1.798194231216430E-004
   231.0000     -1.682758098545100E-004
   232.0000     -1.572452307042282E-004
   233.0000     -1.467145415994958E-004
   234.0000     -1.366707539949431E-004
   235.0000     -1.271010300586241E-004
   236.0000     -1.179926779620849E-004
   237.0000     -1.093331472703053E-004
   238.0000     -1.011100244292338E-004
   239.0000     -9.331102834814003E-005
   240.0000     -8.592400607518530E-005
   241.0000     -7.893692856381193E-005
   242.0000     -7.233788652837097E-005
   243.0000     -6.611508638773099E-005
   244.0000     -6.025684629558496E-005
   245.0000     -5.475159225693476E-005
   246.0000     -4.958785433077366E-005
   247.0000     -4.475426291961185E-005
   248.0000     -4.023954514755736E-005
   249.0000     -3.603252132979233E-005
   250.0000     -3.212210153824750E-005
   251.0000     -2.849728227029649E-005
   252.0000     -2.514714323072382E-005
   253.0000     -2.206084424168901E-005
   254.0000     -1.922762230185018E-005
   255.0000     -1.663678882505522E-005
   256.0000     -1.427772710303871E-005
   257.0000     -1.213989005726902E-005
   258.0000     -1.021279837747174E-005
   259.0000     -8.486039195555259E-006
   260.0000     -6.949265527067739E-006
   261.0000     -5.592196853721113E-006
   262.0000     -4.404621468067344E-006
   263.0000     -3.376401657229339E-006
   264.0000     -2.497483688076106E-006
   265.0000     -1.757916398022336E-006
   266.0000     -1.147886370722140E-006
   267.0000     -6.577882739780625E-007
   268.0000     -2.783804467116215E-007
   269.0000     -1.195432779347795E-009
