  0.0000000E+00 -7.170239416284022E-002
   1.000000     -7.113106495554197E-002
   2.000000     -7.056258529961243E-002
   3.000000     -6.999694971464938E-002
   4.000000     -6.943415271100038E-002
   5.000000     -6.887418878973682E-002
   6.000000     -6.831705244259592E-002
   7.000000     -6.776273815180150E-002
   8.000000     -6.721124039429129E-002
   9.000000     -6.666255361266105E-002
   10.00000     -6.611667225280456E-002
   11.00000     -6.557359160741147E-002
   12.00000     -6.503330142086550E-002
   13.00000     -6.449580320850490E-002
   14.00000     -6.396114810685032E-002
   15.00000     -6.342898588103224E-002
   16.00000     -6.290004326670073E-002
   17.00000     -6.237542877634860E-002
   18.00000     -6.184558051652760E-002
   19.00000     -6.133340580695087E-002
   20.00000     -6.083554653291770E-002
   21.00000     -6.025238520431039E-002
   22.00000     -5.983877915914147E-002
   23.00000     -5.935559639800340E-002
   24.00000     -5.859698412654556E-002
   25.00000     -5.827775729528165E-002
   26.00000     -5.773746396482190E-002
   27.00000     -5.687223799204638E-002
   28.00000     -5.626604576584922E-002
   29.00000     -5.597757036572779E-002
   30.00000     -5.507067944830905E-002
   31.00000     -5.415106852789002E-002
   32.00000     -5.381841055514313E-002
   33.00000     -5.322247551020703E-002
   34.00000     -5.228940112061006E-002
   35.00000     -5.135359162091710E-002
   36.00000     -5.095113771153152E-002
   37.00000     -5.041694878236387E-002
   38.00000     -4.948173877095748E-002
   39.00000     -4.854932360076588E-002
   40.00000     -4.764213700777076E-002
   41.00000     -4.762041368744847E-002
   42.00000     -4.669834707794562E-002
   43.00000     -4.578216288415076E-002
   44.00000     -4.487348716125172E-002
   45.00000     -4.397321517389259E-002
   46.00000     -4.385737833974158E-002
   47.00000     -4.308193015333237E-002
   48.00000     -4.220046806874388E-002
   49.00000     -4.132932555233715E-002
   50.00000     -4.046899945181552E-002
   51.00000     -3.961996245234635E-002
   52.00000     -3.956027823438123E-002
   53.00000     -3.878242440560942E-002
   54.00000     -3.795685888331059E-002
   55.00000     -3.714346265077760E-002
   56.00000     -3.634244802434691E-002
   57.00000     -3.555398492952207E-002
   58.00000     -3.477822332168589E-002
   59.00000     -3.470582616975897E-002
   60.00000     -3.401519671465282E-002
   61.00000     -3.326504047229489E-002
   62.00000     -3.252776579097019E-002
   63.00000     -3.180338516918034E-002
   64.00000     -3.109188750977371E-002
   65.00000     -3.039324086843012E-002
   66.00000     -2.970739505610742E-002
   67.00000     -2.924453167577601E-002
   68.00000     -2.903427504492135E-002
   69.00000     -2.837381305314847E-002
   70.00000     -2.772590183615061E-002
   71.00000     -2.709043529903736E-002
   72.00000     -2.646729454834510E-002
   73.00000     -2.585635109888635E-002
   74.00000     -2.525746810399314E-002
   75.00000     -2.467050141458277E-002
   76.00000     -2.409530055874082E-002
   77.00000     -2.353170985041212E-002
   78.00000     -2.312173235442592E-002
   79.00000     -2.297956390487672E-002
   80.00000     -2.243870823859318E-002
   81.00000     -2.190896703355255E-002
   82.00000     -2.139017140572967E-002
   83.00000     -2.088214865470575E-002
   84.00000     -2.038472435941927E-002
   85.00000     -1.989772290318126E-002
   86.00000     -1.942096790258467E-002
   87.00000     -1.895428258982098E-002
   88.00000     -1.849749015779319E-002
   89.00000     -1.805041407245507E-002
   90.00000     -1.761287835626440E-002
   91.00000     -1.718470784955864E-002
   92.00000     -1.676572848519749E-002
   93.00000     -1.635576897881893E-002
   94.00000     -1.627738257811808E-002
   95.00000     -1.595465144314335E-002
   96.00000     -1.556221376759436E-002
   97.00000     -1.517828448015271E-002
   98.00000     -1.480269744737707E-002
   99.00000     -1.443528836829463E-002
   100.0000     -1.407589499394663E-002
   101.0000     -1.372435722751820E-002
   102.0000     -1.338051720157042E-002
   103.0000     -1.304421934210001E-002
   104.0000     -1.271531042196053E-002
   105.0000     -1.239363960490477E-002
   106.0000     -1.207905848117117E-002
   107.0000     -1.177142109538701E-002
   108.0000     -1.147058396748020E-002
   109.0000     -1.117640610722978E-002
   110.0000     -1.088874902303131E-002
   111.0000     -1.060747672541633E-002
   112.0000     -1.033245572582561E-002
   113.0000     -1.006355503112373E-002
   114.0000     -9.800646134362458E-003
   115.0000     -9.543603002476527E-003
   116.0000     -9.292302062460334E-003
   117.0000     -9.046622193233652E-003
   118.0000     -8.806444811052683E-003
   119.0000     -8.645654469384017E-003
   120.0000     -8.571651931009474E-003
   121.0000     -8.342132944940541E-003
   122.0000     -8.117773783546087E-003
   123.0000     -7.898465627357066E-003
   124.0000     -7.684101470497019E-003
   125.0000     -7.474576525881609E-003
   126.0000     -7.269788214358964E-003
   127.0000     -7.069636134966192E-003
   128.0000     -6.874022031604223E-003
   129.0000     -6.682849758404660E-003
   130.0000     -6.496025244386989E-003
   131.0000     -6.313456457653136E-003
   132.0000     -6.135053369273977E-003
   133.0000     -5.960727916967185E-003
   134.0000     -5.790393968666058E-003
   135.0000     -5.623967286052644E-003
   136.0000     -5.461365488125636E-003
   137.0000     -5.302508014866231E-003
   138.0000     -5.147316091058039E-003
   139.0000     -4.995712690309032E-003
   140.0000     -4.847622499325186E-003
   141.0000     -4.702971882471274E-003
   142.0000     -4.561688846659045E-003
   143.0000     -4.423703006592341E-003
   144.0000     -4.288945550401452E-003
   145.0000     -4.157349205687354E-003
   146.0000     -4.028848206002461E-003
   147.0000     -3.903378257784901E-003
   148.0000     -3.780876507765216E-003
   149.0000     -3.661281510858039E-003
   150.0000     -3.544533198553693E-003
   151.0000     -3.430572847817706E-003
   152.0000     -3.319343050509412E-003
   153.0000     -3.210787683325244E-003
   154.0000     -3.104851878271809E-003
   155.0000     -3.001481993675572E-003
   156.0000     -2.900625585728857E-003
   157.0000     -2.802231380576121E-003
   158.0000     -2.706249246941434E-003
   159.0000     -2.612630169295063E-003
   160.0000     -2.521326221561440E-003
   161.0000     -2.432290541363673E-003
   162.0000     -2.345477304805382E-003
   163.0000     -2.260841701784062E-003
   164.0000     -2.178339911835420E-003
   165.0000     -2.097929080503788E-003
   166.0000     -2.019567296233691E-003
   167.0000     -1.943213567779686E-003
   168.0000     -1.868827802130191E-003
   169.0000     -1.796370782938105E-003
   170.0000     -1.725804149456708E-003
   171.0000     -1.657090375973387E-003
   172.0000     -1.590192751737584E-003
   173.0000     -1.525075361378121E-003
   174.0000     -1.461703065804456E-003
   175.0000     -1.400041483588816E-003
   176.0000     -1.340056972823292E-003
   177.0000     -1.281716613449184E-003
   178.0000     -1.224988190055037E-003
   179.0000     -1.169840175139281E-003
   180.0000     -1.116241712836672E-003
   181.0000     -1.064162603105054E-003
   182.0000     -1.013573286372315E-003
   183.0000     -9.644448286437098E-004
   184.0000     -9.167489070688455E-004
   185.0000     -8.704577959726427E-004
   186.0000     -8.255443533517868E-004
   187.0000     -7.819820078423994E-004
   188.0000     -7.397447461668056E-004
   189.0000     -6.988071010665278E-004
   190.0000     -6.591441397355406E-004
   191.0000     -6.207314527663513E-004
   192.0000     -5.835451436286237E-004
   193.0000     -5.475618187021017E-004
   194.0000     -5.127585778911545E-004
   195.0000     -4.791130058552389E-004
   196.0000     -4.466031638947271E-004
   197.0000     -4.152075825423048E-004
   198.0000     -3.849052549207551E-004
   199.0000     -3.556756309408603E-004
   200.0000     -3.274986124328816E-004
   201.0000     -3.003545493314054E-004
   202.0000     -2.742242370781677E-004
   203.0000     -2.490889155035723E-004
   204.0000     -2.249302697417534E-004
   205.0000     -2.017304350965476E-004
   206.0000     -1.794720192253147E-004
   207.0000     -1.581387500427191E-004
   208.0000     -1.544855089182818E-004
   209.0000     -1.377114574525239E-004
   210.0000     -1.181773044874763E-004
   211.0000     -9.951943996480403E-005
   212.0000     -8.172291731080381E-005
   213.0000     -6.477328727007037E-005
   214.0000     -4.865667939033984E-005
   215.0000     -3.335985667644455E-005
   216.0000     -1.887028103212518E-005
   217.0000     -5.176197693277413E-006
