  0.0000000E+00 -7.354502503958003E-002
   1.000000     -7.297007799376366E-002
   2.000000     -7.239797478390141E-002
   3.000000     -7.182870991229075E-002
   4.000000     -7.126227787191577E-002
   5.000000     -7.069867314642313E-002
   6.000000     -7.013789021002501E-002
   7.000000     -6.957992352784277E-002
   8.000000     -6.902476755770519E-002
   9.000000     -6.847241671136414E-002
   10.00000     -6.792286558930180E-002
   11.00000     -6.737610876127742E-002
   12.00000     -6.683213543752925E-002
   13.00000     -6.629096637830170E-002
   14.00000     -6.575256723330127E-002
   15.00000     -6.521668213651412E-002
   16.00000     -6.468474557664082E-002
   17.00000     -6.415427603141946E-002
   18.00000     -6.362184836846001E-002
   19.00000     -6.311755308079060E-002
   20.00000     -6.258246549881652E-002
   21.00000     -6.202223675368684E-002
   22.00000     -6.166000295989264E-002
   23.00000     -6.101713456877994E-002
   24.00000     -6.033337122503608E-002
   25.00000     -6.016063855042004E-002
   26.00000     -5.933813490419406E-002
   27.00000     -5.845640875356446E-002
   28.00000     -5.830164067289850E-002
   29.00000     -5.754288282635420E-002
   30.00000     -5.661970721152038E-002
   31.00000     -5.588618713026890E-002
   32.00000     -5.568416377164726E-002
   33.00000     -5.474236911177464E-002
   34.00000     -5.379529076055625E-002
   35.00000     -5.304247719909980E-002
   36.00000     -5.284548762988994E-002
   37.00000     -5.189578862196714E-002
   38.00000     -5.094740053187601E-002
   39.00000     -5.000209112400238E-002
   40.00000     -4.975595467952836E-002
   41.00000     -4.906106943895855E-002
   42.00000     -4.812580288314362E-002
   43.00000     -4.719726196400995E-002
   44.00000     -4.627642302836112E-002
   45.00000     -4.599519755841811E-002
   46.00000     -4.536405404353098E-002
   47.00000     -4.446099311838748E-002
   48.00000     -4.356783886994225E-002
   49.00000     -4.268516025538319E-002
   50.00000     -4.181347831109239E-002
   51.00000     -4.172132667319089E-002
   52.00000     -4.095310709255482E-002
   53.00000     -4.010452703627753E-002
   54.00000     -3.926799699656131E-002
   55.00000     -3.844377245862542E-002
   56.00000     -3.763206247507089E-002
   57.00000     -3.689031070663955E-002
   58.00000     -3.683299797741932E-002
   59.00000     -3.604680522571962E-002
   60.00000     -3.527348759422220E-002
   61.00000     -3.451313588625341E-002
   62.00000     -3.376578564327335E-002
   63.00000     -3.303144657963050E-002
   64.00000     -3.231010548063249E-002
   65.00000     -3.160173225478111E-002
   66.00000     -3.145258738141822E-002
   67.00000     -3.090625718815933E-002
   68.00000     -3.022363137162054E-002
   69.00000     -2.955376097563300E-002
   70.00000     -2.889654826941952E-002
   71.00000     -2.825188309726384E-002
   72.00000     -2.761964459010163E-002
   73.00000     -2.699970244479065E-002
   74.00000     -2.639191808868407E-002
   75.00000     -2.579614595623077E-002
   76.00000     -2.535370469431247E-002
   77.00000     -2.521222877992899E-002
   78.00000     -2.464002008176748E-002
   79.00000     -2.407934877575153E-002
   80.00000     -2.353005063689160E-002
   81.00000     -2.299195624502313E-002
   82.00000     -2.246489342326188E-002
   83.00000     -2.194868786184897E-002
   84.00000     -2.144316363377278E-002
   85.00000     -2.094814365650837E-002
   86.00000     -2.046345011046675E-002
   87.00000     -1.998890481985629E-002
   88.00000     -1.952432960380593E-002
   89.00000     -1.906954663436679E-002
   90.00000     -1.862438014217636E-002
   91.00000     -1.853357832548568E-002
   92.00000     -1.818864731695926E-002
   93.00000     -1.776218047256404E-002
   94.00000     -1.734480206820610E-002
   95.00000     -1.693633954006263E-002
   96.00000     -1.653662177653976E-002
   97.00000     -1.614547939438479E-002
   98.00000     -1.576274488190369E-002
   99.00000     -1.538825271497316E-002
   100.0000     -1.502183945651628E-002
   101.0000     -1.466334384232941E-002
   102.0000     -1.431260685477669E-002
   103.0000     -1.396947178549140E-002
   104.0000     -1.363378428805617E-002
   105.0000     -1.330539242153769E-002
   106.0000     -1.298414668567866E-002
   107.0000     -1.266990004850787E-002
   108.0000     -1.236250796710416E-002
   109.0000     -1.206182840235809E-002
   110.0000     -1.176772182909324E-002
   111.0000     -1.148005124608340E-002
   112.0000     -1.119868222284933E-002
   113.0000     -1.092644088705226E-002
   114.0000     -1.092345622458661E-002
   115.0000     -1.065432222775772E-002
   116.0000     -1.039107559035443E-002
   117.0000     -1.013361726646785E-002
   118.0000     -9.881825225288994E-003
   119.0000     -9.635579806873429E-003
   120.0000     -9.394763743906716E-003
   121.0000     -9.159262142172756E-003
   122.0000     -8.928962454289912E-003
   123.0000     -8.703754450777932E-003
   124.0000     -8.483530189425265E-003
   125.0000     -8.268183983354232E-003
   126.0000     -8.057612368017749E-003
   127.0000     -7.851714067308337E-003
   128.0000     -7.650389958933407E-003
   129.0000     -7.453543039187454E-003
   130.0000     -7.261078387244284E-003
   131.0000     -7.072903129075410E-003
   132.0000     -6.888926401096203E-003
   133.0000     -6.709059313627837E-003
   134.0000     -6.533214914257223E-003
   135.0000     -6.361308151168138E-003
   136.0000     -6.193255836514250E-003
   137.0000     -6.028976609889674E-003
   138.0000     -5.868390901957345E-003
   139.0000     -5.711420898280589E-003
   140.0000     -5.557990503406789E-003
   141.0000     -5.408025305239072E-003
   142.0000     -5.261452539735359E-003
   143.0000     -5.118201055964109E-003
   144.0000     -4.978201281547405E-003
   145.0000     -4.841385188514681E-003
   146.0000     -4.707686259589730E-003
   147.0000     -4.577039454931281E-003
   148.0000     -4.449381179341498E-003
   149.0000     -4.324649249957800E-003
   150.0000     -4.202782864442627E-003
   151.0000     -4.083722569675438E-003
   152.0000     -3.967410230960876E-003
   153.0000     -3.853789001757649E-003
   154.0000     -3.742803293931321E-003
   155.0000     -3.634398748539205E-003
   156.0000     -3.528522207145443E-003
   157.0000     -3.425121683671435E-003
   158.0000     -3.324146336780875E-003
   159.0000     -3.225546442802065E-003
   160.0000     -3.129273369188051E-003
   161.0000     -3.035279548524300E-003
   162.0000     -2.943518453098480E-003
   163.0000     -2.853944570092273E-003
   164.0000     -2.766513377574385E-003
   165.0000     -2.681181322030440E-003
   166.0000     -2.597905801623033E-003
   167.0000     -2.516645206694781E-003
   168.0000     -2.460175779630049E-003
   169.0000     -2.437357649324731E-003
   170.0000     -2.360005496528853E-003
   171.0000     -2.284547970660211E-003
   172.0000     -2.210947204493428E-003
   173.0000     -2.139165799372368E-003
   174.0000     -2.069167129929520E-003
   175.0000     -2.000915339440820E-003
   176.0000     -1.934375323286854E-003
   177.0000     -1.869512710929857E-003
   178.0000     -1.806293847846825E-003
   179.0000     -1.744685777731983E-003
   180.0000     -1.684656225055594E-003
   181.0000     -1.626173578002744E-003
   182.0000     -1.569206871798643E-003
   183.0000     -1.513725772417414E-003
   184.0000     -1.459700560669296E-003
   185.0000     -1.407102116660969E-003
   186.0000     -1.355901904620500E-003
   187.0000     -1.306071958080827E-003
   188.0000     -1.257584865413833E-003
   189.0000     -1.210413755707858E-003
   190.0000     -1.164532284981654E-003
   191.0000     -1.119914622726875E-003
   192.0000     -1.076535438772052E-003
   193.0000     -1.034369890461957E-003
   194.0000     -9.933936101431369E-004
   195.0000     -9.535826929516572E-004
   196.0000     -9.149136848935078E-004
   197.0000     -8.773635712130802E-004
   198.0000     -8.409097650418010E-004
   199.0000     -8.055300963214686E-004
   200.0000     -7.712028009952876E-004
   201.0000     -7.379065104611900E-004
   202.0000     -7.056202412808664E-004
   203.0000     -6.743233851388104E-004
   204.0000     -6.439956990462170E-004
   205.0000     -6.146172957830846E-004
   206.0000     -5.861686345743475E-004
   207.0000     -5.586305119942972E-004
   208.0000     -5.319840530941631E-004
   209.0000     -5.062107027481813E-004
   210.0000     -4.812922172135351E-004
   211.0000     -4.572106558998452E-004
   212.0000     -4.339483733435901E-004
   213.0000     -4.114880113843900E-004
   214.0000     -3.898124915380144E-004
   215.0000     -3.689050075644857E-004
   216.0000     -3.487490182265576E-004
   217.0000     -3.293282402371316E-004
   218.0000     -3.106266413922459E-004
   219.0000     -2.926284338887018E-004
   220.0000     -2.753180678240592E-004
   221.0000     -2.586802248790271E-004
   222.0000     -2.426998121815937E-004
   223.0000     -2.273619563540956E-004
   224.0000     -2.126519977444176E-004
   225.0000     -1.985554848447044E-004
   226.0000     -1.850581689013499E-004
   227.0000     -1.721459987225051E-004
   228.0000     -1.598051156904972E-004
   229.0000     -1.480218489902349E-004
   230.0000     -1.367827110662986E-004
   231.0000     -1.260743933267342E-004
   232.0000     -1.158837621149448E-004
   233.0000     -1.061978549786453E-004
   234.0000     -9.700387727141590E-005
   235.0000     -8.828919913353913E-005
   236.0000     -8.004135291134937E-005
   237.0000     -7.224803109211264E-005
   238.0000     -6.489708485481499E-005
   239.0000     -5.797652336842729E-005
   240.0000     -5.147451401231530E-005
   241.0000     -4.537938375331294E-005
   242.0000     -3.967962199779639E-005
   243.0000     -3.436388535812061E-005
   244.0000     -2.942100494906053E-005
   245.0000     -2.483999709409367E-005
   246.0000     -2.061007872567837E-005
   247.0000     -1.672068940096354E-005
   248.0000     -1.316152289155725E-005
   249.0000     -9.922573058032938E-006
   250.0000     -6.994201813851921E-006
   251.0000     -4.367242745891510E-006
   252.0000     -2.033165412580038E-006
