  0.0000000E+00 -7.255268732023287E-002
   1.000000     -7.197968390398526E-002
   2.000000     -7.140953103037422E-002
   3.000000     -7.084221773810402E-002
   4.000000     -7.027774035355845E-002
   5.000000     -6.971609336957572E-002
   6.000000     -6.915727126960755E-002
   7.000000     -6.860126852776233E-002
   8.000000     -6.804807961238447E-002
   9.000000     -6.749769894938158E-002
   10.00000     -6.695012105389267E-002
   11.00000     -6.640534097889024E-002
   12.00000     -6.586334768740204E-002
   13.00000     -6.532415238996424E-002
   14.00000     -6.478777271886678E-002
   15.00000     -6.425386191447334E-002
   16.00000     -6.372356471598555E-002
   17.00000     -6.319640883800186E-002
   18.00000     -6.266457797994661E-002
   19.00000     -6.215727840617405E-002
   20.00000     -6.164330528952854E-002
   21.00000     -6.106111126939265E-002
   22.00000     -6.068892460145379E-002
   23.00000     -6.012469602363042E-002
   24.00000     -5.936335029961088E-002
   25.00000     -5.918289853285143E-002
   26.00000     -5.847686854072105E-002
   27.00000     -5.760263302320201E-002
   28.00000     -5.720661073743934E-002
   29.00000     -5.670048320095813E-002
   30.00000     -5.578579886543949E-002
   31.00000     -5.486039131898570E-002
   32.00000     -5.477142651555977E-002
   33.00000     -5.392414283529957E-002
   34.00000     -5.298458255930986E-002
   35.00000     -5.204266884991936E-002
   36.00000     -5.191622051752103E-002
   37.00000     -5.109964418657378E-002
   38.00000     -5.015834176499146E-002
   39.00000     -4.921995865355857E-002
   40.00000     -4.861762558780680E-002
   41.00000     -4.828580605048410E-002
   42.00000     -4.735730798590343E-002
   43.00000     -4.643541726159295E-002
   44.00000     -4.552112043483186E-002
   45.00000     -4.484432455286965E-002
   46.00000     -4.461521328324856E-002
   47.00000     -4.371854653002084E-002
   48.00000     -4.283168546604623E-002
   49.00000     -4.195521638880053E-002
   50.00000     -4.108963453954880E-002
   51.00000     -4.055793542596454E-002
   52.00000     -4.023534086621135E-002
   53.00000     -3.939274169273164E-002
   54.00000     -3.856211358663036E-002
   55.00000     -3.774371789047212E-002
   56.00000     -3.693776504822085E-002
   57.00000     -3.614442483076118E-002
   58.00000     -3.571425103485192E-002
   59.00000     -3.536381436712828E-002
   60.00000     -3.459605223398635E-002
   61.00000     -3.384118854650702E-002
   62.00000     -3.309926193677955E-002
   63.00000     -3.237028345391328E-002
   64.00000     -3.165424095499858E-002
   65.00000     -3.095110170448125E-002
   66.00000     -3.026409410055340E-002
   67.00000     -3.026055655368731E-002
   68.00000     -2.958330405127343E-002
   69.00000     -2.891849698844860E-002
   70.00000     -2.826629103477729E-002
   71.00000     -2.762657726540545E-002
   72.00000     -2.699923583230868E-002
   73.00000     -2.638413739983517E-002
   74.00000     -2.578114430831670E-002
   75.00000     -2.519011163986079E-002
   76.00000     -2.461088837041371E-002
   77.00000     -2.415207980179858E-002
   78.00000     -2.404331216697531E-002
   79.00000     -2.348723463978281E-002
   80.00000     -2.294247961671694E-002
   81.00000     -2.240888112118498E-002
   82.00000     -2.188626789986108E-002
   83.00000     -2.137446647315828E-002
   84.00000     -2.087330171690314E-002
   85.00000     -2.038259733393223E-002
   86.00000     -1.990217627473296E-002
   87.00000     -1.943186111774584E-002
   88.00000     -1.897147441433198E-002
   89.00000     -1.852083900334235E-002
   90.00000     -1.807977830746542E-002
   91.00000     -1.764811672055985E-002
   92.00000     -1.731891444429437E-002
   93.00000     -1.722567635688322E-002
   94.00000     -1.681229084893460E-002
   95.00000     -1.640778242747937E-002
   96.00000     -1.601198199618301E-002
   97.00000     -1.562472089506723E-002
   98.00000     -1.524583227626877E-002
   99.00000     -1.487515126139784E-002
   100.0000     -1.451251504768765E-002
   101.0000     -1.415776299565885E-002
   102.0000     -1.381073670355717E-002
   103.0000     -1.347128007046411E-002
   104.0000     -1.313923934926203E-002
   105.0000     -1.281446319039062E-002
   106.0000     -1.249680267721443E-002
   107.0000     -1.218611135374487E-002
   108.0000     -1.188224524539795E-002
   109.0000     -1.158506287341846E-002
   110.0000     -1.129442526357797E-002
   111.0000     -1.101019594973944E-002
   112.0000     -1.073224097301484E-002
   113.0000     -1.046042887779975E-002
   114.0000     -1.019463070947348E-002
   115.0000     -9.934720056093501E-003
   116.0000     -9.698525737433726E-003
   117.0000     -9.680568474564140E-003
   118.0000     -9.432066436983065E-003
   119.0000     -9.189083545328028E-003
   120.0000     -8.951506422708535E-003
   121.0000     -8.719220726872966E-003
   122.0000     -8.492114411128545E-003
   123.0000     -8.270077733643752E-003
   124.0000     -8.053003232570704E-003
   125.0000     -7.840785695629156E-003
   126.0000     -7.633322127673781E-003
   127.0000     -7.430511717093963E-003
   128.0000     -7.232255801374600E-003
   129.0000     -7.038457832013305E-003
   130.0000     -6.849023338935488E-003
   131.0000     -6.663859894526484E-003
   132.0000     -6.482877077383384E-003
   133.0000     -6.305986435878460E-003
   134.0000     -6.133101451618371E-003
   135.0000     -5.964137502872205E-003
   136.0000     -5.799011828037435E-003
   137.0000     -5.637643489204923E-003
   138.0000     -5.479953335877646E-003
   139.0000     -5.325863968893603E-003
   140.0000     -5.175299704596714E-003
   141.0000     -5.028186539299260E-003
   142.0000     -4.884452114066603E-003
   143.0000     -4.744025679860877E-003
   144.0000     -4.606838063069999E-003
   145.0000     -4.472821631448185E-003
   146.0000     -4.341910260488694E-003
   147.0000     -4.214039300249914E-003
   148.0000     -4.089145542649985E-003
   149.0000     -3.967167189245656E-003
   150.0000     -3.848043819507430E-003
   151.0000     -3.731716359598169E-003
   152.0000     -3.618127051670447E-003
   153.0000     -3.507219423681962E-003
   154.0000     -3.398938259738109E-003
   155.0000     -3.293229570965433E-003
   156.0000     -3.190040566917343E-003
   157.0000     -3.089319627514803E-003
   158.0000     -2.991016275520706E-003
   159.0000     -2.895081149548028E-003
   160.0000     -2.801465977602628E-003
   161.0000     -2.710123551153682E-003
   162.0000     -2.621007699732908E-003
   163.0000     -2.534073266057559E-003
   164.0000     -2.449276081673171E-003
   165.0000     -2.366572943111470E-003
   166.0000     -2.285921588557952E-003
   167.0000     -2.207280675025004E-003
   168.0000     -2.130609756024091E-003
   169.0000     -2.055869259731120E-003
   170.0000     -1.983020467638479E-003
   171.0000     -1.912025493689629E-003
   172.0000     -1.842847263887121E-003
   173.0000     -1.775449496371909E-003
   174.0000     -1.709796681966283E-003
   175.0000     -1.645854065181313E-003
   176.0000     -1.583587625690023E-003
   177.0000     -1.522964060288232E-003
   178.0000     -1.463950765409625E-003
   179.0000     -1.406515820433812E-003
   180.0000     -1.350627972823545E-003
   181.0000     -1.296256631780918E-003
   182.0000     -1.243371990376692E-003
   183.0000     -1.218861660450267E-003
   184.0000     -1.191943574745841E-003
   185.0000     -1.141944433199238E-003
   186.0000     -1.093345342710765E-003
   187.0000     -1.046118846478549E-003
   188.0000     -1.000237921265485E-003
   189.0000     -9.556760765383520E-004
   190.0000     -9.124073502217730E-004
   191.0000     -8.704062975511537E-004
   192.0000     -8.296479789853432E-004
   193.0000     -7.901079481304348E-004
   194.0000     -7.517622399028766E-004
   195.0000     -7.145873589995047E-004
   196.0000     -6.785602686999364E-004
   197.0000     -6.436583800112768E-004
   198.0000     -6.098595411619876E-004
   199.0000     -5.771420274486809E-004
   200.0000     -5.454845314422953E-004
   201.0000     -5.148661535588582E-004
   202.0000     -4.852663930047382E-004
   203.0000     -4.566651391049357E-004
   204.0000     -4.290426630287916E-004
   205.0000     -4.023796099294603E-004
   206.0000     -3.766569915166824E-004
   207.0000     -3.518561790890019E-004
   208.0000     -3.279588970552485E-004
   209.0000     -3.049472169836780E-004
   210.0000     -2.828035522246359E-004
   211.0000     -2.615106531634518E-004
   212.0000     -2.410516031731114E-004
   213.0000     -2.214098153522213E-004
   214.0000     -2.025690301543845E-004
   215.0000     -1.845133140398928E-004
   216.0000     -1.672270593140770E-004
   217.0000     -1.506949853583976E-004
   218.0000     -1.349021415149276E-004
   219.0000     -1.198339119569552E-004
   220.0000     -1.054760229742608E-004
   221.0000     -9.181455323017418E-005
   222.0000     -7.883594772352973E-005
   223.0000     -6.652703643222117E-005
   224.0000     -5.487505895817567E-005
   225.0000     -4.386769698548086E-005
   226.0000     -3.349311708392646E-005
   227.0000     -2.374002746869910E-005
   228.0000     -1.459775398468946E-005
   229.0000     -6.056343209151128E-006
