  0.0000000E+00 -7.380020527112181E-002
   1.000000     -7.322475904027166E-002
   2.000000     -7.265215586631701E-002
   3.000000     -7.208239024927650E-002
   4.000000     -7.151545667985090E-002
   5.000000     -7.095134963939424E-002
   6.000000     -7.039006359981469E-002
   7.000000     -6.983159302400077E-002
   8.000000     -6.927593236700269E-002
   9.000000     -6.872307603812443E-002
   10.00000     -6.817301865805456E-002
   11.00000     -6.762575464403740E-002
   12.00000     -6.708127350098740E-002
   13.00000     -6.653959780182601E-002
   14.00000     -6.600067875932657E-002
   15.00000     -6.546429877383650E-002
   16.00000     -6.493191817044854E-002
   17.00000     -6.440056702575056E-002
   18.00000     -6.386828731183138E-002
   19.00000     -6.336409220412770E-002
   20.00000     -6.282363482254805E-002
   21.00000     -6.227260294255836E-002
   22.00000     -6.190541409328008E-002
   23.00000     -6.124611398773983E-002
   24.00000     -6.060041449853151E-002
   25.00000     -6.039380301609244E-002
   26.00000     -5.955939212593379E-002
   27.00000     -5.867826303764589E-002
   28.00000     -5.858063253840929E-002
   29.00000     -5.775934814710715E-002
   30.00000     -5.683403599589383E-002
   31.00000     -5.617197679040507E-002
   32.00000     -5.589660135486306E-002
   33.00000     -5.495266553488232E-002
   34.00000     -5.400366165639673E-002
   35.00000     -5.333175558837182E-002
   36.00000     -5.305202354726737E-002
   37.00000     -5.210041554496607E-002
   38.00000     -5.115020845339944E-002
   39.00000     -5.020314915835597E-002
   40.00000     -5.004850970412167E-002
   41.00000     -4.926032944630905E-002
   42.00000     -4.832332706787283E-002
   43.00000     -4.739307765945189E-002
   44.00000     -4.647056845033442E-002
   45.00000     -4.629099521818518E-002
   46.00000     -4.555652481661096E-002
   47.00000     -4.465182393113391E-002
   48.00000     -4.375705261255398E-002
   49.00000     -4.287277847548899E-002
   50.00000     -4.202056221722382E-002
   51.00000     -4.199931782118571E-002
   52.00000     -4.113759477616909E-002
   53.00000     -4.028747861463769E-002
   54.00000     -3.944943192774023E-002
   55.00000     -3.862370950421300E-002
   56.00000     -3.781052024763330E-002
   57.00000     -3.719256228984594E-002
   58.00000     -3.701001510416082E-002
   59.00000     -3.622235671165543E-002
   60.00000     -3.544761181329562E-002
   61.00000     -3.468584981222626E-002
   62.00000     -3.393710580872412E-002
   63.00000     -3.320138919919888E-002
   64.00000     -3.247868655881643E-002
   65.00000     -3.176904289169736E-002
   66.00000     -3.175805446101392E-002
   67.00000     -3.107216145885346E-002
   68.00000     -3.038821961200322E-002
   69.00000     -2.971704814045863E-002
   70.00000     -2.905854886636554E-002
   71.00000     -2.841261135604028E-002
   72.00000     -2.777911448398981E-002
   73.00000     -2.715792770281521E-002
   74.00000     -2.654891222225110E-002
   75.00000     -2.595192262149573E-002
   76.00000     -2.566255415220133E-002
   77.00000     -2.536680156390216E-002
   78.00000     -2.479339923043919E-002
   79.00000     -2.423154826140929E-002
   80.00000     -2.368108284615851E-002
   81.00000     -2.314183330756343E-002
   82.00000     -2.261362725006498E-002
   83.00000     -2.209629015409149E-002
   84.00000     -2.158964588779688E-002
   85.00000     -2.109351716795516E-002
   86.00000     -2.060772597840273E-002
   87.00000     -2.013209395202173E-002
   88.00000     -1.966644272865940E-002
   89.00000     -1.921059438988635E-002
   90.00000     -1.884578729901729E-002
   91.00000     -1.876436781133626E-002
   92.00000     -1.832759489244437E-002
   93.00000     -1.790009286941988E-002
   94.00000     -1.748168920648971E-002
   95.00000     -1.707221106385098E-002
   96.00000     -1.667148714681538E-002
   97.00000     -1.627934790052954E-002
   98.00000     -1.589562564603942E-002
   99.00000     -1.552015469491146E-002
   100.0000     -1.515277144829095E-002
   101.0000     -1.479331448254958E-002
   102.0000     -1.444162462287821E-002
   103.0000     -1.409754500591714E-002
   104.0000     -1.376092113238060E-002
   105.0000     -1.343160091055014E-002
   106.0000     -1.310943469144833E-002
   107.0000     -1.279427529647575E-002
   108.0000     -1.248597803833411E-002
   109.0000     -1.218440073640041E-002
   110.0000     -1.188940372955168E-002
   111.0000     -1.160084990469529E-002
   112.0000     -1.131860527438133E-002
   113.0000     -1.124201841370210E-002
   114.0000     -1.104253475496912E-002
   115.0000     -1.077251260658882E-002
   116.0000     -1.050840985911092E-002
   117.0000     -1.025010196800690E-002
   118.0000     -9.997466724239816E-003
   119.0000     -9.750384331901603E-003
   120.0000     -9.508737394774291E-003
   121.0000     -9.272410892544726E-003
   122.0000     -9.041292153596584E-003
   123.0000     -8.815270825778465E-003
   124.0000     -8.594238845647395E-003
   125.0000     -8.378090406465996E-003
   126.0000     -8.166721925153613E-003
   127.0000     -7.960032008360421E-003
   128.0000     -7.757921417811410E-003
   129.0000     -7.560293035051643E-003
   130.0000     -7.367051825711358E-003
   131.0000     -7.178104803400932E-003
   132.0000     -6.993360993332745E-003
   133.0000     -6.812731395759558E-003
   134.0000     -6.636128949312257E-003
   135.0000     -6.463468494310112E-003
   136.0000     -6.294666736111341E-003
   137.0000     -6.129642208564644E-003
   138.0000     -5.968315237614886E-003
   139.0000     -5.810607905118196E-003
   140.0000     -5.656444012903392E-003
   141.0000     -5.505749047126375E-003
   142.0000     -5.358450142950640E-003
   143.0000     -5.214476049584185E-003
   144.0000     -5.073757095705641E-003
   145.0000     -4.936225155299827E-003
   146.0000     -4.801813613928376E-003
   147.0000     -4.670457335453349E-003
   148.0000     -4.542092629227672E-003
   149.0000     -4.416657217774311E-003
   150.0000     -4.294090204956418E-003
   151.0000     -4.174332044656749E-003
   152.0000     -4.057324509970140E-003
   153.0000     -3.943010662917843E-003
   154.0000     -3.831334824688454E-003
   155.0000     -3.722242546411896E-003
   156.0000     -3.615680580466287E-003
   157.0000     -3.511596852329805E-003
   158.0000     -3.409940432978309E-003
   159.0000     -3.310661511855051E-003
   160.0000     -3.213711370460517E-003
   161.0000     -3.119042356730058E-003
   162.0000     -3.026607860844919E-003
   163.0000     -2.936362296003727E-003
   164.0000     -2.848261122969046E-003
   165.0000     -2.779230001246348E-003
   166.0000     -2.762259398604944E-003
   167.0000     -2.678317466867226E-003
   168.0000     -2.596391060056208E-003
   169.0000     -2.516439922016090E-003
   170.0000     -2.438424078646327E-003
   171.0000     -2.362304387399824E-003
   172.0000     -2.288042534604437E-003
   173.0000     -2.215601017955764E-003
   174.0000     -2.144943127231643E-003
   175.0000     -2.076032924923712E-003
   176.0000     -2.008835227145065E-003
   177.0000     -1.943315584911902E-003
   178.0000     -1.879440265826323E-003
   179.0000     -1.817176236167647E-003
   180.0000     -1.756491143390119E-003
   181.0000     -1.697353299021917E-003
   182.0000     -1.639731661959507E-003
   183.0000     -1.583595822149952E-003
   184.0000     -1.528915984653354E-003
   185.0000     -1.475662954079525E-003
   186.0000     -1.423808119388389E-003
   187.0000     -1.373323439049649E-003
   188.0000     -1.324181426551737E-003
   189.0000     -1.276355136253626E-003
   190.0000     -1.229818149572316E-003
   191.0000     -1.184544561497078E-003
   192.0000     -1.140508967425225E-003
   193.0000     -1.097686450310192E-003
   194.0000     -1.056052568116506E-003
   195.0000     -1.015583341572931E-003
   196.0000     -9.762552422186978E-004
   197.0000     -9.380451807341080E-004
   198.0000     -9.009304955505113E-004
   199.0000     -8.648889417315400E-004
   200.0000     -8.298986801205960E-004
   201.0000     -7.959382667464719E-004
   202.0000     -7.629866424828744E-004
   203.0000     -7.310231229539695E-004
   204.0000     -7.000273886804711E-004
   205.0000     -6.699794754610318E-004
   206.0000     -6.408597649819876E-004
   207.0000     -6.126489756506810E-004
   208.0000     -5.853281536461805E-004
   209.0000     -5.588786641824751E-004
   210.0000     -5.332821829781606E-004
   211.0000     -5.085206879279763E-004
   212.0000     -4.845764509706312E-004
   213.0000     -4.614320301482298E-004
   214.0000     -4.390702618520264E-004
   215.0000     -4.174742532502998E-004
   216.0000     -3.966273748927130E-004
   217.0000     -3.765132534877464E-004
   218.0000     -3.571157648478030E-004
   219.0000     -3.384190269979359E-004
   220.0000     -3.204073934442043E-004
   221.0000     -3.030654465970970E-004
   222.0000     -2.863779913460615E-004
   223.0000     -2.703300487816843E-004
   224.0000     -2.549068500609055E-004
   225.0000     -2.400938304122213E-004
   226.0000     -2.258766232770440E-004
   227.0000     -2.122410545836761E-004
   228.0000     -1.991731371506094E-004
   229.0000     -1.866590652160373E-004
   230.0000     -1.746852090904021E-004
   231.0000     -1.632381099289674E-004
   232.0000     -1.523044746218918E-004
   233.0000     -1.418711707989233E-004
   234.0000     -1.319252219467383E-004
   235.0000     -1.224538026362654E-004
   236.0000     -1.134442338585595E-004
   237.0000     -1.048839784675288E-004
   238.0000     -9.676063672810788E-005
   239.0000     -8.906194196965254E-005
   240.0000     -8.177575634373476E-005
   241.0000     -7.489006668753713E-005
   242.0000     -6.839298049354101E-005
   243.0000     -6.227272198864656E-005
   244.0000     -5.651762832601679E-005
   245.0000     -5.111614589584687E-005
   246.0000     -4.605682676278553E-005
   247.0000     -4.132832524166084E-005
   248.0000     -3.691939462689752E-005
   249.0000     -3.281888409729853E-005
   250.0000     -2.901573582580622E-005
   251.0000     -2.549898233541902E-005
   252.0000     -2.225774415861846E-005
   253.0000     -1.928122788161022E-005
   254.0000     -1.655872468957105E-005
   255.0000     -1.407960958228752E-005
   256.0000     -1.183334151186627E-005
   257.0000     -9.809464825141123E-006
   258.0000     -7.997612608416277E-006
   259.0000     -6.387512898443270E-006
   260.0000     -4.968999373790874E-006
   261.0000     -3.732029355513564E-006
   262.0000     -2.666714358839347E-006
   263.0000     -1.763373611157737E-006
   264.0000     -1.012633200901259E-006
   265.0000     -4.056266916087143E-007
