  0.0000000E+00 -2.299683862997186E-002
   1.000000     -2.164321854727491E-002
   2.000000     -2.033840369065095E-002
   3.000000     -1.908173391087062E-002
   4.000000     -1.787254137908035E-002
   5.000000     -1.671015043428262E-002
   6.000000     -1.559387743019727E-002
   7.000000     -1.452303058215524E-002
   8.000000     -1.349690981472988E-002
   9.000000     -1.251480661104854E-002
   10.00000     -1.157600386493534E-002
   11.00000     -1.067977573726640E-002
   12.00000     -9.825387518289957E-003
   13.00000     -9.012095498077603E-003
   14.00000     -8.239146847822299E-003
   15.00000     -7.505779515375332E-003
   16.00000     -6.811222139383673E-003
   17.00000     -6.154693987514991E-003
   18.00000     -5.535404925947621E-003
   19.00000     -4.952555429416764E-003
   20.00000     -4.405336644095778E-003
   21.00000     -3.892930519750578E-003
   22.00000     -3.414510033426855E-003
   23.00000     -2.969239535381254E-003
   24.00000     -2.556275260368105E-003
   25.00000     -2.174766066029169E-003
   26.00000     -1.823854488919196E-003
   27.00000     -1.502678254381482E-003
   28.00000     -1.210372451472273E-003
   29.00000     -9.460727120463224E-004
   30.00000     -7.089199613869724E-004
   31.00000     -4.980677379504381E-004
   32.00000     -3.126939465194435E-004
   33.00000     -1.520208090869322E-004
   34.00000     -1.535143190731729E-005
