  0.0000000E+00 -2.375115076123938E-002
   1.000000     -2.238687705058040E-002
   2.000000     -2.107128029604967E-002
   3.000000     -1.980369697080515E-002
   4.000000     -1.858345572164093E-002
   5.000000     -1.740987720518210E-002
   6.000000     -1.628227392200634E-002
   7.000000     -1.519995004900607E-002
   8.000000     -1.416220127042275E-002
   9.000000     -1.316831460806554E-002
   10.00000     -1.221756825132975E-002
   11.00000     -1.130923138780333E-002
   12.00000     -1.044256403538238E-002
   13.00000     -9.616816877085049E-003
   14.00000     -8.831231099962413E-003
   15.00000     -8.085038239900297E-003
   16.00000     -7.377460034497362E-003
   17.00000     -6.707708286783800E-003
   18.00000     -6.074984743241573E-003
   19.00000     -5.478480990557389E-003
   20.00000     -4.917378376774816E-003
   21.00000     -4.390847964226221E-003
   22.00000     -3.898050523935861E-003
   23.00000     -3.438136584438785E-003
   24.00000     -3.010246552543591E-003
   25.00000     -2.613510930192115E-003
   26.00000     -2.247050661365092E-003
   27.00000     -1.909977657756508E-003
   28.00000     -1.601395574860249E-003
   29.00000     -1.320400946716245E-003
   30.00000     -1.066084848051878E-003
   31.00000     -8.375353564934672E-004
   32.00000     -6.338412745817376E-004
   33.00000     -4.540979272891837E-004
   34.00000     -2.974165759378811E-004
   35.00000     -1.629406007167916E-004
   36.00000     -4.987561784397624E-005
