  0.0000000E+00 -2.710559595067624E-002
   1.000000     -2.551684164904329E-002
   2.000000     -2.398795901619194E-002
   3.000000     -2.251804604205165E-002
   4.000000     -2.110618894941360E-002
   5.000000     -1.975146191594443E-002
   6.000000     -1.845292679053427E-002
   7.000000     -1.720963280422552E-002
   8.000000     -1.602061627595977E-002
   9.000000     -1.488490031352315E-002
   10.00000     -1.380149451007020E-002
   11.00000     -1.276939463674867E-002
   12.00000     -1.178758233202609E-002
   13.00000     -1.085502478839892E-002
   14.00000     -9.970674437337458E-003
   15.00000     -9.133468633414474E-003
   16.00000     -8.342329338732819E-003
   17.00000     -7.596162808956802E-003
   18.00000     -6.893859282418118E-003
   19.00000     -6.234292674012602E-003
   20.00000     -5.616320275841163E-003
   21.00000     -5.038782466829767E-003
   22.00000     -4.500502433895427E-003
   23.00000     -4.000285907588678E-003
   24.00000     -3.536920915579492E-003
   25.00000     -3.109177557870198E-003
   26.00000     -2.715807808234995E-003
   27.00000     -2.355545347156512E-003
   28.00000     -2.027105432521955E-003
   29.00000     -1.729184815636990E-003
   30.00000     -1.460461711944508E-003
   31.00000     -1.219595838457394E-003
   32.00000     -1.005228533908751E-003
   33.00000     -8.159829839937442E-004
   34.00000     -6.504645847413688E-004
   35.00000     -5.072614958664922E-004
   36.00000     -3.849454710160533E-004
   37.00000     -2.820731214041756E-004
   38.00000     -1.971879179225475E-004
   39.00000     -1.288235843878574E-004
   40.00000     -7.551044995829048E-005
   41.00000     -3.578917451047557E-005
   42.00000     -8.247725726132192E-006
