  0.0000000E+00 -1.884378525000284E-002
   1.000000     -1.738392606378241E-002
   2.000000     -1.598573806278729E-002
   3.000000     -1.464838028224731E-002
   4.000000     -1.337100396552098E-002
   5.000000     -1.215275276291436E-002
   6.000000     -1.099276301369509E-002
   7.000000     -9.890164133497942E-003
   8.000000     -8.844079136213916E-003
   9.000000     -7.853625328781859E-003
   10.00000     -6.917915230342939E-003
   11.00000     -6.036057785641009E-003
   12.00000     -5.207159969042271E-003
   13.00000     -4.430328914487480E-003
   14.00000     -3.704674765096362E-003
   15.00000     -3.029314526245400E-003
   16.00000     -2.403377348694960E-003
   17.00000     -1.826011902689031E-003
   18.00000     -1.296396903716185E-003
   19.00000     -8.137565653819988E-004
   20.00000     -3.773841068503118E-004
