  0.0000000E+00 -1.542320070285320E-002
   1.000000     -1.402034016883486E-002
   2.000000     -1.268013531665283E-002
   3.000000     -1.140179516279360E-002
   4.000000     -1.018452612114953E-002
   5.000000     -9.027533087062512E-003
   6.000000     -7.930020816756141E-003
   7.000000     -6.891195690493034E-003
   8.000000     -5.910267980513335E-003
   9.000000     -4.986454792373064E-003
   10.00000     -4.118983919258207E-003
   11.00000     -3.307098957119566E-003
   12.00000     -2.550066198543474E-003
   13.00000     -1.847184099166920E-003
   14.00000     -1.197796575263854E-003
   15.00000     -6.013122100909406E-004
   16.00000     -5.723296899940969E-005
