  0.0000000E+00 -2.507090812640889E-002
   1.000000     -2.351287395508352E-002
   2.000000     -2.201509408274401E-002
   3.000000     -2.057667616815095E-002
   4.000000     -1.919671644925477E-002
   5.000000     -1.787429948470978E-002
   6.000000     -1.660849789198986E-002
   7.000000     -1.539837208278115E-002
   8.000000     -1.424296999648317E-002
   9.000000     -1.314132683287290E-002
   10.00000     -1.209246478522289E-002
   11.00000     -1.109539277552112E-002
   12.00000     -1.014910619379821E-002
   13.00000     -9.252586644132170E-003
   14.00000     -8.404801700517059E-003
   15.00000     -7.604704676660209E-003
   16.00000     -6.851234414882856E-003
   17.00000     -6.143315100791136E-003
   18.00000     -5.479856112362735E-003
   19.00000     -4.859751914881782E-003
   20.00000     -4.281882016911013E-003
   21.00000     -3.745111007944417E-003
   22.00000     -3.248288706147541E-003
   23.00000     -2.790250456165128E-003
   24.00000     -2.369817634388904E-003
   25.00000     -1.985798446228165E-003
   26.00000     -1.636989143346657E-003
   27.00000     -1.322175860857887E-003
   28.00000     -1.040137398759278E-003
   29.00000     -7.896494966443661E-004
   30.00000     -5.694915808641694E-004
   31.00000     -3.784578455101668E-004
   32.00000     -2.153765047089574E-004
   33.00000     -7.914602713926211E-005
