  0.0000000E+00 -9.071212791989983E-002
   1.000000     -8.927985544982266E-002
   2.000000     -8.853527427045255E-002
   3.000000     -8.631704845566501E-002
   4.000000     -8.352386561534020E-002
   5.000000     -8.249038736260360E-002
   6.000000     -7.802963724789531E-002
   7.000000     -7.325513656179870E-002
   8.000000     -7.271561001870036E-002
   9.000000     -6.838337845265753E-002
   10.00000     -6.356047642846067E-002
   11.00000     -5.888182282181369E-002
   12.00000     -5.440801119999329E-002
   13.00000     -5.384990518733394E-002
   14.00000     -5.017467827760721E-002
   15.00000     -4.620018935458498E-002
   16.00000     -4.249066503766683E-002
   17.00000     -3.904399810418432E-002
   18.00000     -3.585258393931392E-002
   19.00000     -3.290530788016350E-002
   20.00000     -3.018896180893393E-002
   21.00000     -2.768924566647606E-002
   22.00000     -2.539146707767200E-002
   23.00000     -2.345884701078978E-002
   24.00000     -2.328101207117048E-002
   25.00000     -2.134370853540967E-002
   26.00000     -1.956595344379341E-002
   27.00000     -1.793491198099244E-002
   28.00000     -1.643854851723862E-002
   29.00000     -1.506565787579666E-002
   30.00000     -1.380586216384471E-002
   31.00000     -1.264958853123945E-002
   32.00000     -1.158803463080785E-002
   33.00000     -1.061312661656993E-002
   34.00000     -9.717473126245345E-003
   35.00000     -8.894317675661532E-003
   36.00000     -8.137491145929487E-003
   37.00000     -7.441365498501724E-003
   38.00000     -6.800809456278474E-003
   39.00000     -6.211146602131948E-003
   40.00000     -5.668116140893408E-003
   41.00000     -5.167836425674254E-003
   42.00000     -4.706771248516084E-003
   43.00000     -4.281698826987671E-003
   44.00000     -3.889683373695911E-003
   45.00000     -3.528049108227968E-003
   46.00000     -3.194356555953334E-003
   47.00000     -2.886380971799487E-003
   48.00000     -2.602092726926360E-003
   49.00000     -2.339639500214481E-003
   50.00000     -2.097330123228982E-003
   51.00000     -1.873619935795188E-003
   52.00000     -1.667097518786067E-003
   53.00000     -1.476472680661324E-003
   54.00000     -1.300565584365087E-003
   55.00000     -1.138296911161781E-003
   56.00000     -9.886789677517314E-004
   57.00000     -8.508076525228071E-004
   58.00000     -7.238552061152716E-004
   59.00000     -6.070636807329613E-004
   60.00000     -4.997390720752527E-004
   61.00000     -4.012460677966041E-004
   62.00000     -3.110033776847809E-004
   63.00000     -2.284796243841132E-004
   64.00000     -1.531897913493087E-004
   65.00000     -8.469225013178091E-005
   66.00000     -2.258642827665671E-005
