  0.0000000E+00 -9.546834286336961E-002
   1.000000     -9.419946187847245E-002
   2.000000     -9.294129439171639E-002
   3.000000     -9.169380486000485E-002
   4.000000     -9.045695763710752E-002
   5.000000     -8.923071697310710E-002
   6.000000     -8.801504701380780E-002
   7.000000     -8.680991180024052E-002
   8.000000     -8.561527526804892E-002
   9.000000     -8.443110124696288E-002
   10.00000     -8.325735346020034E-002
   11.00000     -8.209399552393185E-002
   12.00000     -8.094099094669328E-002
   13.00000     -7.979830111886325E-002
   14.00000     -7.866589536180339E-002
   15.00000     -7.754373082787507E-002
   16.00000     -7.643177259926297E-002
   17.00000     -7.532998162771568E-002
   18.00000     -7.423832679367526E-002
   19.00000     -7.315676480623422E-002
   20.00000     -7.208526030145782E-002
   21.00000     -7.102377579281322E-002
   22.00000     -6.997227368704599E-002
   23.00000     -6.893071627287280E-002
   24.00000     -6.789906564868600E-002
   25.00000     -6.687728384739607E-002
   26.00000     -6.586533349786440E-002
   27.00000     -6.486317671259043E-002
   28.00000     -6.387076998740114E-002
   29.00000     -6.288807224140797E-002
   30.00000     -6.191507884905855E-002
   31.00000     -6.095177592279181E-002
   32.00000     -5.999794752693483E-002
   33.00000     -5.905338837833121E-002
   34.00000     -5.811885566511214E-002
   35.00000     -5.719531190639437E-002
   36.00000     -5.627991798048837E-002
   37.00000     -5.536815369872647E-002
   38.00000     -5.446800133163682E-002
   39.00000     -5.359803166977969E-002
   40.00000     -5.273932746102844E-002
   41.00000     -5.184147334682604E-002
   42.00000     -5.092311001438563E-002
   43.00000     -5.012397698064577E-002
   44.00000     -4.944975579743369E-002
   45.00000     -4.856506881813721E-002
   46.00000     -4.756519022273609E-002
   47.00000     -4.655986476775356E-002
   48.00000     -4.603618814953650E-002
   49.00000     -4.542852808168588E-002
   50.00000     -4.441145490608991E-002
   51.00000     -4.338201177905932E-002
   52.00000     -4.235901879966004E-002
   53.00000     -4.136047336177536E-002
   54.00000     -4.119532531724275E-002
   55.00000     -4.033646354242849E-002
   56.00000     -3.934827278875980E-002
   57.00000     -3.837275586723863E-002
   58.00000     -3.741148242274604E-002
   59.00000     -3.646521896400199E-002
   60.00000     -3.553730615915046E-002
   61.00000     -3.540896648638140E-002
   62.00000     -3.461755878227369E-002
   63.00000     -3.371824176760949E-002
   64.00000     -3.283475684467702E-002
   65.00000     -3.196738039789080E-002
   66.00000     -3.111620736802354E-002
   67.00000     -3.028127756017669E-002
   68.00000     -2.946262298035394E-002
   69.00000     -2.870361758464963E-002
   70.00000     -2.865732144735792E-002
   71.00000     -2.787335394435992E-002
   72.00000     -2.710301344997835E-002
   73.00000     -2.634854581213076E-002
   74.00000     -2.560985585347212E-002
   75.00000     -2.488680781514952E-002
   76.00000     -2.417924843492173E-002
   77.00000     -2.348701198421280E-002
   78.00000     -2.280992309305561E-002
   79.00000     -2.214780053404834E-002
   80.00000     -2.150047896810433E-002
   81.00000     -2.105683407591000E-002
   82.00000     -2.086742424959239E-002
   83.00000     -2.024912760136873E-002
   84.00000     -1.964486758450373E-002
   85.00000     -1.905454096803914E-002
   86.00000     -1.847794084070219E-002
   87.00000     -1.791485245990607E-002
   88.00000     -1.736505839598521E-002
   89.00000     -1.682833987182470E-002
   90.00000     -1.630447746236754E-002
   91.00000     -1.579325160187506E-002
   92.00000     -1.529444300402447E-002
   93.00000     -1.480783303229626E-002
   94.00000     -1.433320404730831E-002
   95.00000     -1.387033978270688E-002
   96.00000     -1.341902595312548E-002
   97.00000     -1.297905252478192E-002
   98.00000     -1.255025780794477E-002
   99.00000     -1.242593298838915E-002
   100.0000     -1.213219905739436E-002
   101.0000     -1.172498255977996E-002
   102.0000     -1.132825307379151E-002
   103.0000     -1.094181979685371E-002
   104.0000     -1.056548427924061E-002
   105.0000     -1.019904938950011E-002
   106.0000     -9.842320315763910E-003
   107.0000     -9.495104826989389E-003
   108.0000     -9.157213380752389E-003
   109.0000     -8.828459181467982E-003
   110.0000     -8.508658215944596E-003
   111.0000     -8.197629275333089E-003
   112.0000     -7.895193967276013E-003
   113.0000     -7.601176720213040E-003
   114.0000     -7.315404781065741E-003
   115.0000     -7.037708207166879E-003
   116.0000     -6.767919853118254E-003
   117.0000     -6.505875353150048E-003
   118.0000     -6.251413099483719E-003
   119.0000     -6.004374217140223E-003
   120.0000     -5.764602535591190E-003
   121.0000     -5.531944557619831E-003
   122.0000     -5.306249425723132E-003
   123.0000     -5.087368886360355E-003
   124.0000     -4.875157252338740E-003
   125.0000     -4.669471363607572E-003
   126.0000     -4.470170546736421E-003
   127.0000     -4.277116573370884E-003
   128.0000     -4.090173618021648E-003
   129.0000     -3.909208215708540E-003
   130.0000     -3.734089220400105E-003
   131.0000     -3.564687766321910E-003
   132.0000     -3.400877237675643E-003
   133.0000     -3.242533264880502E-003
   134.0000     -3.089533824415867E-003
   135.0000     -2.941759946787231E-003
   136.0000     -2.799106692913149E-003
   137.0000     -2.737834095268929E-003
   138.0000     -2.661375911970617E-003
   139.0000     -2.528581420650068E-003
   140.0000     -2.400538688629080E-003
   141.0000     -2.277146063511291E-003
   142.0000     -2.158295876089593E-003
   143.0000     -2.043881431043778E-003
   144.0000     -1.933797562885381E-003
   145.0000     -1.827940715687331E-003
   146.0000     -1.726208936420134E-003
   147.0000     -1.628501845519757E-003
   148.0000     -1.534720600132985E-003
   149.0000     -1.444767854802547E-003
   150.0000     -1.358547721338262E-003
   151.0000     -1.275965728593176E-003
   152.0000     -1.196928782474285E-003
   153.0000     -1.121345126354749E-003
   154.0000     -1.049124301971686E-003
   155.0000     -9.801771108604996E-004
   156.0000     -9.144155763535685E-004
   157.0000     -8.517529061581549E-004
   158.0000     -7.921034555255724E-004
   159.0000     -7.353826910123409E-004
   160.0000     -6.815071548369359E-004
   161.0000     -6.303944298312804E-004
   162.0000     -5.819631049801122E-004
   163.0000     -5.361327415484572E-004
   164.0000     -4.928238397876680E-004
   165.0000     -4.519578062149307E-004
   166.0000     -4.134569214577087E-004
   167.0000     -3.772443086555363E-004
   168.0000     -3.432439024088352E-004
   169.0000     -3.113804182658956E-004
   170.0000     -2.815793227376423E-004
   171.0000     -2.537668038289334E-004
   172.0000     -2.278697420765287E-004
   173.0000     -2.038156820809255E-004
   174.0000     -1.815328045212022E-004
   175.0000     -1.609498986411152E-004
   176.0000     -1.419963351934325E-004
   177.0000     -1.246020398310815E-004
   178.0000     -1.086974669322392E-004
   179.0000     -9.421357384700667E-005
   180.0000     -8.108179555333171E-005
   181.0000     -6.923401971004703E-005
   182.0000     -5.860256209501136E-005
   183.0000     -4.912014241736639E-005
   184.0000     -4.071986049354576E-005
   185.0000     -3.333517277913440E-005
   186.0000     -2.689986925151186E-005
   187.0000     -2.134805064379591E-005
   188.0000     -1.661410604128270E-005
   189.0000     -1.263269087026870E-005
   190.0000     -9.338705346905082E-006
   191.0000     -6.667273532048636E-006
   192.0000     -4.553723312004598E-006
   193.0000     -2.933568049198609E-006
   194.0000     -1.742491795483401E-006
   195.0000     -9.163435802703914E-007
   196.0000     -3.911603827220614E-007
   197.0000     -1.033166193722468E-007
