  0.0000000E+00 -8.851162942230947E-002
   1.000000     -8.711375126686755E-002
   2.000000     -8.628669538625783E-002
   3.000000     -8.426984967253023E-002
   4.000000     -8.114008237538577E-002
   5.000000     -8.051939879539460E-002
   6.000000     -7.613029057370990E-002
   7.000000     -7.142233181635298E-002
   8.000000     -7.023059748292695E-002
   9.000000     -6.661386638884116E-002
   10.00000     -6.185088712817820E-002
   11.00000     -5.722915103002619E-002
   12.00000     -5.280944000927158E-002
   13.00000     -5.125907235430840E-002
   14.00000     -4.862762893538303E-002
   15.00000     -4.470219783916173E-002
   16.00000     -4.103943708290939E-002
   17.00000     -3.763738228265128E-002
   18.00000     -3.448855999061227E-002
   19.00000     -3.158197686521207E-002
   20.00000     -2.890453722153395E-002
   21.00000     -2.644204534357590E-002
   22.00000     -2.417990571337225E-002
   23.00000     -2.210360398113060E-002
   24.00000     -2.075556079755444E-002
   25.00000     -2.019902412187657E-002
   26.00000     -1.845267196974578E-002
   27.00000     -1.685177350921891E-002
   28.00000     -1.538436294803541E-002
   29.00000     -1.403929953832050E-002
   30.00000     -1.280626580252259E-002
   31.00000     -1.167574565857417E-002
   32.00000     -1.063899018533197E-002
   33.00000     -9.687975897063487E-003
   34.00000     -8.815358979495314E-003
   35.00000     -8.014427918053998E-003
   36.00000     -7.279056201420848E-003
   37.00000     -6.603656237446656E-003
   38.00000     -5.983135221323240E-003
   39.00000     -5.412853408965202E-003
   40.00000     -4.888585043121604E-003
   41.00000     -4.406482034486492E-003
   42.00000     -3.963040399155522E-003
   43.00000     -3.555069385388619E-003
   44.00000     -3.179663178012602E-003
   45.00000     -2.834175041420718E-003
   46.00000     -2.516193747161209E-003
   47.00000     -2.223522125985134E-003
   48.00000     -1.954157584314254E-003
   49.00000     -1.706274429473000E-003
   50.00000     -1.478207855324432E-003
   51.00000     -1.268439449182744E-003
   52.00000     -1.075584091398673E-003
   53.00000     -8.983781304372190E-004
   54.00000     -7.356687284421638E-004
   55.00000     -5.864042852923705E-004
   56.00000     -4.496258633708156E-004
   57.00000     -3.244595514586897E-004
   58.00000     -2.101097257225157E-004
   59.00000     -1.058531911582744E-004
   60.00000     -1.103422256343666E-005
