  0.0000000E+00 -9.457503410368241E-002
   1.000000     -9.310798414805366E-002
   2.000000     -9.244433160338267E-002
   3.000000     -8.990563440382271E-002
   4.000000     -8.770429187605699E-002
   5.000000     -8.594497263963441E-002
   6.000000     -8.135981001507595E-002
   7.000000     -7.707342130156050E-002
   8.000000     -7.646791400164354E-002
   9.000000     -7.148593383532732E-002
   10.00000     -6.655797347012235E-002
   11.00000     -6.177952789456176E-002
   12.00000     -5.839259993012397E-002
   13.00000     -5.721078303576087E-002
   14.00000     -5.288719335012551E-002
   15.00000     -4.882669256019320E-002
   16.00000     -4.503517818391656E-002
   17.00000     -4.151029363869463E-002
   18.00000     -3.824420449786893E-002
   19.00000     -3.522558351172608E-002
   20.00000     -3.244102558713244E-002
   21.00000     -2.987604814086803E-002
   22.00000     -2.819862021178889E-002
   23.00000     -2.751578416053202E-002
   24.00000     -2.534547991190418E-002
   25.00000     -2.335078488920627E-002
   26.00000     -2.151798215135247E-002
   27.00000     -1.983410204497969E-002
   28.00000     -1.828698871723307E-002
   29.00000     -1.686532449151089E-002
   30.00000     -1.555862600074889E-002
   31.00000     -1.435722137140690E-002
   32.00000     -1.325221516594803E-002
   33.00000     -1.223544590866904E-002
   34.00000     -1.129943963560072E-002
   35.00000     -1.043736189188838E-002
   36.00000     -9.642969853957259E-003
   37.00000     -8.910565708454726E-003
   38.00000     -8.234952023353828E-003
   39.00000     -7.611389560097397E-003
   40.00000     -7.035557770580321E-003
   41.00000     -6.503518077802759E-003
   42.00000     -6.011679938326667E-003
   43.00000     -5.556769616436740E-003
   44.00000     -5.135801555373068E-003
   45.00000     -4.746052203641184E-003
   46.00000     -4.385036139379194E-003
   47.00000     -4.050484329477010E-003
   48.00000     -3.740324359955391E-003
   49.00000     -3.452662478068271E-003
   50.00000     -3.185767293263468E-003
   51.00000     -2.938054992489497E-003
   52.00000     -2.708075934617405E-003
   53.00000     -2.494502498431028E-003
   54.00000     -2.296118068348894E-003
   55.00000     -2.111807051529664E-003
   56.00000     -1.940545829106722E-003
   57.00000     -1.781394552898850E-003
   58.00000     -1.633489706990900E-003
   59.00000     -1.496037361047629E-003
   60.00000     -1.368307049112163E-003
   61.00000     -1.249626213961534E-003
   62.00000     -1.139375162868072E-003
   63.00000     -1.036982485879394E-003
   64.00000     -9.419208925126277E-004
   65.00000     -8.537034270982130E-004
   66.00000     -7.718800269421545E-004
   67.00000     -6.960343910367049E-004
   68.00000     -6.257811302771336E-004
   69.00000     -5.607631730688278E-004
   70.00000     -5.006494028706317E-004
   71.00000     -4.451325066506665E-004
   72.00000     -3.939270154658128E-004
   73.00000     -3.467675204548434E-004
   74.00000     -3.034070495009972E-004
   75.00000     -2.636155917286247E-004
   76.00000     -2.271787589221138E-004
   77.00000     -1.938965749986337E-004
   78.00000     -1.635823869858887E-004
   79.00000     -1.360618938086663E-004
   80.00000     -1.111722930028600E-004
   81.00000     -8.876155101962988E-005
   82.00000     -6.868781148450916E-005
   83.00000     -5.081897045029384E-005
   84.00000     -3.503247422295153E-005
   85.00000     -2.121544703201317E-005
   86.00000     -9.265365452193505E-006
