  0.0000000E+00 -9.540408873376892E-002
   1.000000     -9.413542256669354E-002
   2.000000     -9.287747047004584E-002
   3.000000     -9.163019690357957E-002
   4.000000     -9.039356622391923E-002
   5.000000     -8.916754268401732E-002
   6.000000     -8.795209043257191E-002
   7.000000     -8.674717351352662E-002
   8.000000     -8.555275586542326E-002
   9.000000     -8.436880132093777E-002
   10.00000     -8.319527360623685E-002
   11.00000     -8.203213634045137E-002
   12.00000     -8.087935303509948E-002
   13.00000     -7.973688709349637E-002
   14.00000     -7.860470181018538E-002
   15.00000     -7.748276037037694E-002
   16.00000     -7.637102584934824E-002
   17.00000     -7.526946121185563E-002
   18.00000     -7.417802931157653E-002
   19.00000     -7.309669289051449E-002
   20.00000     -7.202541457790246E-002
   21.00000     -7.096415689027502E-002
   22.00000     -6.991288223743625E-002
   23.00000     -6.887155291173770E-002
   24.00000     -6.784013006267464E-002
   25.00000     -6.681857857980000E-002
   26.00000     -6.580685822822213E-002
   27.00000     -6.480493212124695E-002
   28.00000     -6.381275682572052E-002
   29.00000     -6.283029094862606E-002
   30.00000     -6.185752820045364E-002
   31.00000     -6.089446000056430E-002
   32.00000     -5.994087009050533E-002
   33.00000     -5.899654572740733E-002
   34.00000     -5.806222658799802E-002
   35.00000     -5.713890823958120E-002
   36.00000     -5.622383125910391E-002
   37.00000     -5.531237683922685E-002
   38.00000     -5.441221094173807E-002
   39.00000     -5.354211039446308E-002
   40.00000     -5.268423925853269E-002
   41.00000     -5.178768063641556E-002
   42.00000     -5.086907952876665E-002
   43.00000     -5.006597932676368E-002
   44.00000     -4.939424381685417E-002
   45.00000     -4.851423798127114E-002
   46.00000     -4.751579530722652E-002
   47.00000     -4.650944354345724E-002
   48.00000     -4.596793062676782E-002
   49.00000     -4.537958773327089E-002
   50.00000     -4.436427866043910E-002
   51.00000     -4.333545004927056E-002
   52.00000     -4.231291945335600E-002
   53.00000     -4.131212022448200E-002
   54.00000     -4.112398032296623E-002
   55.00000     -4.029125803588021E-002
   56.00000     -3.930357494203462E-002
   57.00000     -3.832849039288860E-002
   58.00000     -3.736763127316906E-002
   59.00000     -3.642176455507051E-002
   60.00000     -3.549351032769352E-002
   61.00000     -3.533423994768622E-002
   62.00000     -3.457488846836948E-002
   63.00000     -3.367597655729287E-002
   64.00000     -3.279287596369651E-002
   65.00000     -3.192587705173291E-002
   66.00000     -3.107507633161047E-002
   67.00000     -3.024051372746678E-002
   68.00000     -2.942221778621390E-002
   69.00000     -2.863307884057599E-002
   70.00000     -2.861129707468597E-002
   71.00000     -2.783366687812389E-002
   72.00000     -2.706368384490984E-002
   73.00000     -2.630956669277912E-002
   74.00000     -2.557122346620699E-002
   75.00000     -2.484851891817536E-002
   76.00000     -2.414129999261935E-002
   77.00000     -2.344940108130006E-002
   78.00000     -2.277264685467609E-002
   79.00000     -2.211085582557989E-002
   80.00000     -2.146385847525656E-002
   81.00000     -2.097940180119912E-002
   82.00000     -2.083108875907032E-002
   83.00000     -2.021316392051392E-002
   84.00000     -1.960922802150351E-002
   85.00000     -1.901922220821485E-002
   86.00000     -1.844294056634212E-002
   87.00000     -1.788016857551771E-002
   88.00000     -1.733068892062994E-002
   89.00000     -1.679428291169685E-002
   90.00000     -1.627073120052362E-002
   91.00000     -1.575981429281430E-002
   92.00000     -1.526131296962504E-002
   93.00000     -1.477500865726077E-002
   94.00000     -1.430068377140752E-002
   95.00000     -1.383812208108703E-002
   96.00000     -1.338710926188571E-002
   97.00000     -1.294743474244817E-002
   98.00000     -1.251891756374880E-002
   99.00000     -1.234755031691830E-002
   100.0000     -1.210117242289151E-002
   101.0000     -1.169425756815472E-002
   102.0000     -1.129782379619759E-002
   103.0000     -1.091168475661769E-002
   104.0000     -1.053564237506749E-002
   105.0000     -1.016949964119062E-002
   106.0000     -9.813061818178499E-003
   107.0000     -9.466136736941543E-003
   108.0000     -9.128534911982743E-003
   109.0000     -8.800069602199487E-003
   110.0000     -8.480556847422245E-003
   111.0000     -8.169815490799679E-003
   112.0000     -7.867667191156722E-003
   113.0000     -7.573936427423710E-003
   114.0000     -7.288450496389604E-003
   115.0000     -7.011039504680930E-003
   116.0000     -6.741536355652545E-003
   117.0000     -6.479776731775065E-003
   118.0000     -6.225599073018686E-003
   119.0000     -5.978844551678486E-003
   120.0000     -5.739357044040111E-003
   121.0000     -5.506983099252751E-003
   122.0000     -5.281571905735998E-003
   123.0000     -5.062975255431272E-003
   124.0000     -4.851047506180059E-003
   125.0000     -4.645645542497779E-003
   126.0000     -4.446628735007443E-003
   127.0000     -4.253858898805783E-003
   128.0000     -4.067200251075040E-003
   129.0000     -3.886519368368863E-003
   130.0000     -3.711685144269556E-003
   131.0000     -3.542568748856422E-003
   132.0000     -3.379043593516821E-003
   133.0000     -3.220985311674726E-003
   134.0000     -3.068271795113113E-003
   135.0000     -2.920783494797428E-003
   136.0000     -2.778406113478901E-003
   137.0000     -2.658598532854964E-003
   138.0000     -2.640906827009278E-003
   139.0000     -2.508467474837640E-003
   140.0000     -2.380715738255418E-003
   141.0000     -2.257613314745161E-003
   142.0000     -2.139053759867215E-003
   143.0000     -2.024930613540925E-003
   144.0000     -1.915138805175768E-003
   145.0000     -1.809574839214475E-003
   146.0000     -1.708136811603587E-003
   147.0000     -1.610724387207249E-003
   148.0000     -1.517238765519648E-003
   149.0000     -1.427582642378305E-003
   150.0000     -1.341660170314726E-003
   151.0000     -1.259376918578920E-003
   152.0000     -1.180639833292751E-003
   153.0000     -1.105357197950533E-003
   154.0000     -1.033438594380506E-003
   155.0000     -9.647948642283943E-004
   156.0000     -8.993380709990224E-004
   157.0000     -8.369814626737345E-004
   158.0000     -7.776394349187746E-004
   159.0000     -7.212274948876215E-004
   160.0000     -6.676622256209739E-004
   161.0000     -6.168612510454391E-004
   162.0000     -5.687432015654667E-004
   163.0000     -5.232276802498530E-004
   164.0000     -4.802352296036936E-004
   165.0000     -4.396872989246326E-004
   166.0000     -4.015062122348881E-004
   167.0000     -3.656151367847755E-004
   168.0000     -3.319380521215702E-004
   169.0000     -3.003997197174489E-004
   170.0000     -2.709256531522962E-004
   171.0000     -2.434420888473896E-004
   172.0000     -2.178759573468796E-004
   173.0000     -1.941548551486776E-004
   174.0000     -1.722070170869232E-004
   175.0000     -1.519612892756795E-004
   176.0000     -1.333471026289998E-004
   177.0000     -1.162944469838620E-004
   178.0000     -1.007338458663609E-004
   179.0000     -8.659633196541136E-005
   180.0000     -7.381342340941938E-005
   181.0000     -6.231710099453186E-005
   182.0000     -5.203978659200888E-005
   183.0000     -4.291432309174223E-005
   184.0000     -3.487395645234644E-005
   185.0000     -2.785232079416795E-005
   186.0000     -2.178342812275686E-005
   187.0000     -1.660166548533567E-005
   188.0000     -1.224180475700505E-005
   189.0000     -8.639035299105933E-006
   190.0000     -5.729041311840231E-006
   191.0000     -3.448175381048423E-006
   192.0000     -1.733868392527161E-006
   193.0000     -5.257504357397847E-007
