  0.0000000E+00 -9.384255183479512E-002
   1.000000     -9.237894880654626E-002
   2.000000     -9.170747939350782E-002
   3.000000     -8.922565167825187E-002
   4.000000     -8.691208258952828E-002
   5.000000     -8.529037181733980E-002
   6.000000     -8.072873674819149E-002
   7.000000     -7.624783015201987E-002
   8.000000     -7.585886208867548E-002
   9.000000     -7.089799222494850E-002
   10.00000     -6.598994010400644E-002
   11.00000     -6.123040493375799E-002
   12.00000     -5.753176170814809E-002
   13.00000     -5.667963625669949E-002
   14.00000     -5.237316414860213E-002
   15.00000     -4.832896256396428E-002
   16.00000     -4.455298527954100E-002
   17.00000     -4.104292291221814E-002
   18.00000     -3.779098457111800E-002
   19.00000     -3.478588327989895E-002
   20.00000     -3.201425125472485E-002
   21.00000     -2.946164040007374E-002
   22.00000     -2.730042714316947E-002
   23.00000     -2.711321035049078E-002
   24.00000     -2.495425500749715E-002
   25.00000     -2.297043380676589E-002
   26.00000     -2.114806176797834E-002
   27.00000     -1.947419359588026E-002
   28.00000     -1.793669617658016E-002
   29.00000     -1.652427311728481E-002
   30.00000     -1.522646100011358E-002
   31.00000     -1.403360667313401E-002
   32.00000     -1.293683229002973E-002
   33.00000     -1.192799292462257E-002
   34.00000     -1.099963020189361E-002
   35.00000     -1.014492436967156E-002
   36.00000     -9.357646488954017E-003
   37.00000     -8.632111875430611E-003
   38.00000     -7.963135528111880E-003
   39.00000     -7.345989994401226E-003
   40.00000     -6.776365915819955E-003
   41.00000     -6.250335353588992E-003
   42.00000     -5.764317892531305E-003
   43.00000     -5.315049453499380E-003
   44.00000     -4.899553699966611E-003
   45.00000     -4.515115897039832E-003
   46.00000     -4.159259066100612E-003
   47.00000     -3.829722271983108E-003
   48.00000     -3.524440879393590E-003
   49.00000     -3.241528619220749E-003
   50.00000     -2.979261312049178E-003
   51.00000     -2.736062104533153E-003
   52.00000     -2.510488083565707E-003
   53.00000     -2.301218142859630E-003
   54.00000     -2.107041986268549E-003
   55.00000     -1.926850161666097E-003
   56.00000     -1.759625028303722E-003
   57.00000     -1.604432569176364E-003
   58.00000     -1.460414967987061E-003
   59.00000     -1.326783877789912E-003
   60.00000     -1.202814315303897E-003
   61.00000     -1.087839121244945E-003
   62.00000     -9.812439328450047E-004
   63.00000     -8.824626200492383E-004
   64.00000     -7.909731417442986E-004
   65.00000     -7.062937828158493E-004
   66.00000     -6.279797369081183E-004
   67.00000     -5.556200035131270E-004
   68.00000     -4.888345715107231E-004
   69.00000     -4.272718645779352E-004
   70.00000     -3.706064270722647E-004
   71.00000     -3.185368321775509E-004
   72.00000     -2.707837974387743E-004
   73.00000     -2.270884965371894E-004
   74.00000     -1.872110606395919E-004
   75.00000     -1.509292685108750E-004
   76.00000     -1.180374328843049E-004
   77.00000     -8.834550331022594E-005
   78.00000     -6.167842665564575E-005
   79.00000     -3.787584339429142E-005
   80.00000     -1.679226789541633E-005
