  0.0000000E+00 -9.226884172911240E-002
   1.000000     -9.081788918039023E-002
   2.000000     -9.011718142908286E-002
   3.000000     -8.776398022741889E-002
   4.000000     -8.520927331966516E-002
   5.000000     -8.388328165561920E-002
   6.000000     -7.937228014208385E-002
   7.000000     -7.455215679497626E-002
   8.000000     -7.447085639505656E-002
   9.000000     -6.963424808983280E-002
   10.00000     -6.476898836580364E-002
   11.00000     -6.005010062050192E-002
   12.00000     -5.568152917330176E-002
   13.00000     -5.553788555688846E-002
   14.00000     -5.126829196792589E-002
   15.00000     -4.725912489134710E-002
   16.00000     -4.351654396748209E-002
   17.00000     -4.003834133873368E-002
   18.00000     -3.681681971317158E-002
   19.00000     -3.384077869902650E-002
   20.00000     -3.109693073704732E-002
   21.00000     -2.857090207247108E-002
   22.00000     -2.624793249409851E-002
   23.00000     -2.536979316895346E-002
   24.00000     -2.411334813069265E-002
   25.00000     -2.215290101639457E-002
   26.00000     -2.035295059977496E-002
   27.00000     -1.870060418874470E-002
   28.00000     -1.718377760267554E-002
   29.00000     -1.579122024984279E-002
   30.00000     -1.451251165035233E-002
   31.00000     -1.333803895947770E-002
   32.00000     -1.225896221752010E-002
   33.00000     -1.126717215615742E-002
   34.00000     -1.035524400506881E-002
   35.00000     -9.516389724682562E-003
   36.00000     -8.744410344445222E-003
   37.00000     -8.033649540444549E-003
   38.00000     -7.378949189410051E-003
   39.00000     -6.775607349431957E-003
   40.00000     -6.219338912510379E-003
   41.00000     -5.706239028950425E-003
   42.00000     -5.232749302806783E-003
   43.00000     -4.795626689255098E-003
   44.00000     -4.391914980150626E-003
   45.00000     -4.018918736607122E-003
   46.00000     -3.674179512346044E-003
   47.00000     -3.355454205239863E-003
   48.00000     -3.060695374254595E-003
   49.00000     -2.788033362933309E-003
   50.00000     -2.535760077228410E-003
   51.00000     -2.302314273849112E-003
   52.00000     -2.086268224594745E-003
   53.00000     -1.886315631866575E-003
   54.00000     -1.701260680321263E-003
   55.00000     -1.530008119200130E-003
   56.00000     -1.371554279078706E-003
   57.00000     -1.224978935536949E-003
   58.00000     -1.089437940507555E-003
   59.00000     -9.641565498095236E-004
   60.00000     -8.484233826425939E-004
   61.00000     -7.415849556559246E-004
   62.00000     -6.430407406938454E-004
   63.00000     -5.522387015768740E-004
   64.00000     -4.686712714659449E-004
   65.00000     -3.918717387198188E-004
   66.00000     -3.214110160579577E-004
   67.00000     -2.568947758560514E-004
   68.00000     -1.979609444764403E-004
   69.00000     -1.442775622983989E-004
   70.00000     -9.554103649717557E-005
   71.00000     -5.147484618317546E-005
   72.00000     -1.182881538939463E-005
