  0.0000000E+00 -0.104988629413471     
   1.000000     -0.103219850009236     
   2.000000     -0.102096404259336     
   3.000000     -9.972552490637768E-002
   4.000000     -9.615422095370489E-002
   5.000000     -9.529789303628099E-002
   6.000000     -9.010788358690319E-002
   7.000000     -8.453862254816777E-002
   8.000000     -8.334175386930824E-002
   9.000000     -7.885057731693938E-002
   10.00000     -7.321685858420973E-002
   11.00000     -6.775038563120724E-002
   12.00000     -6.252288175720963E-002
   13.00000     -6.101712226771067E-002
   14.00000     -5.757661349104469E-002
   15.00000     -5.293338433360838E-002
   16.00000     -4.860056583888731E-002
   17.00000     -4.457581130879520E-002
   18.00000     -4.085027821796112E-002
   19.00000     -3.741097512870695E-002
   20.00000     -3.424243356913299E-002
   21.00000     -3.132788997997935E-002
   22.00000     -2.865011136777555E-002
   23.00000     -2.619196299048576E-002
   24.00000     -2.509714490948975E-002
   25.00000     -2.393677773280966E-002
   26.00000     -2.186862902999775E-002
   27.00000     -1.997243811632102E-002
   28.00000     -1.823408014028918E-002
   29.00000     -1.664040488829280E-002
   30.00000     -1.517923405075734E-002
   31.00000     -1.383933534240252E-002
   32.00000     -1.261038205761503E-002
   33.00000     -1.148290379807934E-002
   34.00000     -1.044823244323612E-002
   35.00000     -9.498446229073410E-003
   36.00000     -8.626313919329748E-003
   37.00000     -7.825240409356671E-003
   38.00000     -7.089214634680617E-003
   39.00000     -6.412760318053906E-003
   40.00000     -5.790889846641886E-003
   41.00000     -5.219061399816254E-003
   42.00000     -4.693139329117729E-003
   43.00000     -4.209357711409588E-003
   44.00000     -3.764286943728011E-003
   45.00000     -3.354803216166258E-003
   46.00000     -2.978060681616483E-003
   47.00000     -2.631466134127104E-003
   48.00000     -2.312656007930510E-003
   49.00000     -2.019475514605368E-003
   50.00000     -1.749959744755469E-003
   51.00000     -1.502316571903249E-003
   52.00000     -1.274911209299741E-003
   53.00000     -1.066252284677093E-003
   54.00000     -8.749793135744578E-004
   55.00000     -6.998514690918834E-004
   56.00000     -5.397375655889275E-004
   57.00000     -3.936071975308308E-004
   58.00000     -2.605230052462640E-004
   59.00000     -1.396340819711470E-004
   60.00000     -3.017060088750364E-005
