  0.0000000E+00 -0.108654390522914     
   1.000000     -0.106845989476446     
   2.000000     -0.105819128790446     
   3.000000     -0.103138676100658     
   4.000000     -0.100122691121191     
   5.000000     -9.858169758326200E-002
   6.000000     -9.327162320412356E-002
   7.000000     -8.759369981766822E-002
   8.000000     -8.747816836762985E-002
   9.000000     -8.179785789433563E-002
   10.00000     -7.606429353654448E-002
   11.00000     -7.050299379744662E-002
   12.00000     -6.533256505447044E-002
   13.00000     -6.518505763892679E-002
   14.00000     -6.015325698696239E-002
   15.00000     -5.542829851448077E-002
   16.00000     -5.101757148609585E-002
   17.00000     -4.691849042281997E-002
   18.00000     -4.312199371714737E-002
   19.00000     -3.961488734825600E-002
   20.00000     -3.638151511082898E-002
   21.00000     -3.340493925036939E-002
   22.00000     -3.066776612209042E-002
   23.00000     -2.959961961562614E-002
   24.00000     -2.815269995038397E-002
   25.00000     -2.584295422504979E-002
   26.00000     -2.372245107352449E-002
   27.00000     -2.177599697997552E-002
   28.00000     -1.998935115397086E-002
   29.00000     -1.834925537962867E-002
   30.00000     -1.684342996269307E-002
   31.00000     -1.546054725477318E-002
   32.00000     -1.419019069985637E-002
   33.00000     -1.302280510059385E-002
   34.00000     -1.194964216561066E-002
   35.00000     -1.096270419843738E-002
   36.00000     -1.005468790840669E-002
   37.00000     -9.218929680559500E-003
   38.00000     -8.449353173729955E-003
   39.00000     -7.740419777961914E-003
   40.00000     -7.087082220438910E-003
   41.00000     -6.484741438045409E-003
   42.00000     -5.929206715825764E-003
   43.00000     -5.416659010061517E-003
   44.00000     -4.943617322100911E-003
   45.00000     -4.506907956753610E-003
   46.00000     -4.103636481302119E-003
   47.00000     -3.731162193747683E-003
   48.00000     -3.387074908679472E-003
   49.00000     -3.069173873830467E-003
   50.00000     -2.775448638286757E-003
   51.00000     -2.504061703221961E-003
   52.00000     -2.253332797065618E-003
   53.00000     -2.021724628561312E-003
   54.00000     -1.807829982802578E-003
   55.00000     -1.610360036768661E-003
   56.00000     -1.428133781946276E-003
   57.00000     -1.260068452225871E-003
   58.00000     -1.105170865385818E-003
   59.00000     -9.625295961647689E-004
   60.00000     -8.313079082750361E-004
   61.00000     -7.107373819087216E-004
   62.00000     -6.001121826129011E-004
   63.00000     -4.987839272990443E-004
   64.00000     -4.061571143040815E-004
   65.00000     -3.216850979812827E-004
   66.00000     -2.448666062344168E-004
   67.00000     -1.752428252281696E-004
   68.00000     -1.123951158020600E-004
   69.00000     -5.594349394477007E-005
   70.00000     -5.546130649780104E-006
