  0.0000000E+00 -0.111310966622422     
   1.000000     -0.109486433204226     
   2.000000     -0.108496087722447     
   3.000000     -0.105608404762604     
   4.000000     -0.102995685980651     
   5.000000     -0.100957638372123     
   6.000000     -9.556157779353647E-002
   7.000000     -9.047732201424562E-002
   8.000000     -8.979988230479449E-002
   9.000000     -8.393115938673769E-002
   10.00000     -7.812533056222130E-002
   11.00000     -7.249539682714505E-002
   12.00000     -6.845576529174163E-002
   13.00000     -6.711241728596321E-002
   14.00000     -6.201829500020913E-002
   15.00000     -5.723418178804134E-002
   16.00000     -5.276706504067505E-002
   17.00000     -4.861418721675949E-002
   18.00000     -4.476632827601636E-002
   19.00000     -4.121014767852160E-002
   20.00000     -3.792985348025341E-002
   21.00000     -3.490838234181263E-002
   22.00000     -3.285861690845723E-002
   23.00000     -3.212821356784964E-002
   24.00000     -2.957196918818712E-002
   25.00000     -2.722273372589869E-002
   26.00000     -2.506434491367218E-002
   27.00000     -2.308151986269574E-002
   28.00000     -2.125993470186993E-002
   29.00000     -1.958625340112854E-002
   30.00000     -1.804812325257348E-002
   31.00000     -1.663414799901771E-002
   32.00000     -1.533384652368120E-002
   33.00000     -1.413760279120159E-002
   34.00000     -1.303661109736106E-002
   35.00000     -1.202281948522553E-002
   36.00000     -1.108887330559901E-002
   37.00000     -1.022806025669777E-002
   38.00000     -9.434257770312602E-003
   39.00000     -8.701883273908884E-003
   40.00000     -8.025847616309279E-003
   41.00000     -7.401511773678723E-003
   42.00000     -6.824646833799916E-003
   43.00000     -6.291397176175812E-003
   44.00000     -5.798246712987650E-003
   45.00000     -5.341988023674115E-003
   46.00000     -4.919694198177131E-003
   47.00000     -4.528693196487800E-003
   48.00000     -4.166544531900752E-003
   49.00000     -3.831018090043914E-003
   50.00000     -3.520074903613090E-003
   51.00000     -3.231849712580378E-003
   52.00000     -2.964635150584221E-003
   53.00000     -2.716867409617716E-003
   54.00000     -2.487113246575697E-003
   55.00000     -2.274058206397171E-003
   56.00000     -2.076495947259918E-003
   57.00000     -1.893318563415135E-003
   58.00000     -1.723507810736629E-003
   59.00000     -1.566127148862966E-003
   60.00000     -1.420314521934002E-003
   61.00000     -1.285275807385229E-003
   62.00000     -1.160278869084150E-003
   63.00000     -1.044648157325308E-003
   64.00000     -9.377598038719718E-004
   65.00000     -8.390371654021689E-004
   66.00000     -7.479467734275741E-004
   67.00000     -6.639946530583168E-004
   68.00000     -5.867229769413583E-004
   69.00000     -5.157070243654271E-004
   70.00000     -4.505524189677217E-004
   71.00000     -3.908926217890716E-004
   72.00000     -3.363866597116941E-004
   73.00000     -2.867170727434511E-004
   74.00000     -2.415880674273978E-004
   75.00000     -2.007238682498360E-004
   76.00000     -1.638672649630022E-004
   77.00000     -1.307783624236635E-004
   78.00000     -1.012335531169094E-004
   79.00000     -7.502475543367295E-005
   80.00000     -5.195900240903548E-005
   81.00000     -3.185854746743665E-005
   82.00000     -1.456182953194203E-005
