  0.0000000E+00 -0.110152642458922     
   1.000000     -0.108333669514203     
   2.000000     -0.107331213619292     
   3.000000     -0.104531919053033     
   4.000000     -0.101743353135149     
   5.000000     -9.992202291356750E-002
   6.000000     -9.456339546320584E-002
   7.000000     -8.917191470907723E-002
   8.000000     -8.883630006479783E-002
   9.000000     -8.300125939401136E-002
   10.00000     -7.722692990564646E-002
   11.00000     -7.162691312284410E-002
   12.00000     -6.709429273058318E-002
   13.00000     -6.627236375321635E-002
   14.00000     -6.120532918267366E-002
   15.00000     -5.644700112326681E-002
   16.00000     -5.200446428718647E-002
   17.00000     -4.787503608720763E-002
   18.00000     -4.404956553034255E-002
   19.00000     -4.051477593231854E-002
   20.00000     -3.725493449942876E-002
   21.00000     -3.425303252259179E-002
   22.00000     -3.149166908517390E-002
   23.00000     -3.143796475464904E-002
   24.00000     -2.895330970813361E-002
   25.00000     -2.662128679585580E-002
   26.00000     -2.447941135245088E-002
   27.00000     -2.251243927044877E-002
   28.00000     -2.070608285853806E-002
   29.00000     -1.904703997460276E-002
   30.00000     -1.752298970310500E-002
   31.00000     -1.612256565472883E-002
   32.00000     -1.483531481086178E-002
   33.00000     -1.365164760572343E-002
   34.00000     -1.256278330511824E-002
   35.00000     -1.156069354074307E-002
   36.00000     -1.063804597900350E-002
   37.00000     -9.788149460169187E-003
   38.00000     -9.004901475954084E-003
   39.00000     -8.282738515705549E-003
   40.00000     -7.616589569505553E-003
   41.00000     -7.001832905497967E-003
   42.00000     -6.434256119971437E-003
   43.00000     -5.910019378228648E-003
   44.00000     -5.425621711725874E-003
   45.00000     -4.977870204672222E-003
   46.00000     -4.563851885531721E-003
   47.00000     -4.180908131439755E-003
   48.00000     -3.826611393305825E-003
   49.00000     -3.498744054023807E-003
   50.00000     -3.195279240071739E-003
   51.00000     -2.914363416623570E-003
   52.00000     -2.654300607244996E-003
   53.00000     -2.413538090669307E-003
   54.00000     -2.190653438618840E-003
   55.00000     -1.984342769849956E-003
   56.00000     -1.793410106365997E-003
   57.00000     -1.616757727942623E-003
   58.00000     -1.453377430680885E-003
   59.00000     -1.302342604228298E-003
   60.00000     -1.162801050586239E-003
   61.00000     -1.033968475096811E-003
   62.00000     -9.151225873153692E-004
   63.00000     -8.055977561003467E-004
   64.00000     -7.047801694804860E-004
   65.00000     -6.121034558054203E-004
   66.00000     -5.270447285106071E-004
   67.00000     -4.491210227534273E-004
   68.00000     -3.778860985363170E-004
   69.00000     -3.129275922450336E-004
   70.00000     -2.538645076490902E-004
   71.00000     -2.003450498085653E-004
   72.00000     -1.520448236701503E-004
   73.00000     -1.086654484827265E-004
   74.00000     -6.993368973872566E-005
   75.00000     -3.560130417513952E-005
   76.00000     -5.445981908626467E-006
