  0.0000000E+00 -0.106600517450569     
   1.000000     -0.104812176595432     
   2.000000     -0.103737112669425     
   3.000000     -0.101227122794591     
   4.000000     -9.789966755019783E-002
   5.000000     -9.674271994096033E-002
   6.000000     -9.149958531008026E-002
   7.000000     -8.588157354151232E-002
   8.000000     -8.516226789523905E-002
   9.000000     -8.014705577292525E-002
   10.00000     -7.446941469138044E-002
   11.00000     -6.896122775739807E-002
   12.00000     -6.369408395710428E-002
   13.00000     -6.291529874258114E-002
   14.00000     -5.871005021939597E-002
   15.00000     -5.403086856841186E-002
   16.00000     -4.966377849023784E-002
   17.00000     -4.560632801647892E-002
   18.00000     -4.184957821791281E-002
   19.00000     -3.838044851924920E-002
   20.00000     -3.518338784023858E-002
   21.00000     -3.224155594824686E-002
   22.00000     -2.953764871195768E-002
   23.00000     -2.707785719936973E-002
   24.00000     -2.705433999345853E-002
   25.00000     -2.477527504917881E-002
   26.00000     -2.268409397521845E-002
   27.00000     -2.076579060330346E-002
   28.00000     -1.900618871949731E-002
   29.00000     -1.739209051498363E-002
   30.00000     -1.591127300072729E-002
   31.00000     -1.455246185135727E-002
   32.00000     -1.330529073331295E-002
   33.00000     -1.216025182734279E-002
   34.00000     -1.110864161069215E-002
   35.00000     -1.014250476209186E-002
   36.00000     -9.254578171898804E-003
   37.00000     -8.438236396169828E-003
   38.00000     -7.687439425389287E-003
   39.00000     -6.996683300414148E-003
   40.00000     -6.360953866119321E-003
   41.00000     -5.775683782077889E-003
   42.00000     -5.236712790702230E-003
   43.00000     -4.740251162694029E-003
   44.00000     -4.282846187057675E-003
   45.00000     -3.861351540636345E-003
   46.00000     -3.472899354425323E-003
   47.00000     -3.114874786583187E-003
   48.00000     -2.784892911977592E-003
   49.00000     -2.480777742990369E-003
   50.00000     -2.200543204497442E-003
   51.00000     -1.942375789684531E-003
   52.00000     -1.704619487415598E-003
   53.00000     -1.485760600497675E-003
   54.00000     -1.284416054181096E-003
   55.00000     -1.099321347942436E-003
   56.00000     -9.293202840335103E-004
   57.00000     -7.733556361583555E-004
   58.00000     -6.304607885517940E-004
   59.00000     -4.997522853267117E-004
   60.00000     -3.804232492346303E-004
   61.00000     -2.717376538370190E-004
   62.00000     -1.730254678920708E-004
   63.00000     -8.367874365478342E-005
   64.00000     -3.148807694056643E-006
