  0.0000000E+00 -0.101444683917748     
   1.000000     -9.972748752018762E-002
   2.000000     -9.847155600736776E-002
   3.000000     -9.641927620246027E-002
   4.000000     -9.232463288230247E-002
   5.000000     -9.210568679633661E-002
   6.000000     -8.704487027881229E-002
   7.000000     -8.158319489410515E-002
   8.000000     -7.933474169978869E-002
   9.000000     -7.599717065439154E-002
   10.00000     -7.046012938952687E-002
   11.00000     -6.508546779133607E-002
   12.00000     -5.994524563714517E-002
   13.00000     -5.683942497166338E-002
   14.00000     -5.508205587517830E-002
   15.00000     -5.051796038486607E-002
   16.00000     -4.626057232230621E-002
   17.00000     -4.230778063783089E-002
   18.00000     -3.865095521095892E-002
   19.00000     -3.527730092710735E-002
   20.00000     -3.217153127293011E-002
   21.00000     -2.931705162907266E-002
   22.00000     -2.669678604661581E-002
   23.00000     -2.429374508565521E-002
   24.00000     -2.209140646249662E-002
   25.00000     -2.073810145091748E-002
   26.00000     -2.007395213916387E-002
   27.00000     -1.822644316259596E-002
   28.00000     -1.653485626564281E-002
   29.00000     -1.498614803308760E-002
   30.00000     -1.356823907742415E-002
   31.00000     -1.226999023475697E-002
   32.00000     -1.108116269216423E-002
   33.00000     -9.992369188986674E-003
   34.00000     -8.995020419073444E-003
   35.00000     -8.081269510380308E-003
   36.00000     -7.243956571197410E-003
   37.00000     -6.476554647213360E-003
   38.00000     -5.773117965039083E-003
   39.00000     -5.128232999466435E-003
   40.00000     -4.536972659656702E-003
   41.00000     -3.994853583991332E-003
   42.00000     -3.497797490796407E-003
   43.00000     -3.042093686202267E-003
   44.00000     -2.624367310785043E-003
   45.00000     -2.241548460709957E-003
   46.00000     -1.890844835401759E-003
   47.00000     -1.569716793246236E-003
   48.00000     -1.275854776785340E-003
   49.00000     -1.007158945068326E-003
   50.00000     -7.617208675232547E-004
   51.00000     -5.378071566977327E-004
   52.00000     -3.338449481233649E-004
   53.00000     -1.484091780992516E-004
