  0.0000000E+00 -0.103199884279174     
   1.000000     -0.100900337173053     
   2.000000     -9.850780416740855E-002
   3.000000     -9.697914699443166E-002
   4.000000     -9.286290685064702E-002
   5.000000     -9.063572330197003E-002
   6.000000     -8.750231464253773E-002
   7.000000     -8.166548116605929E-002
   8.000000     -7.565643528498069E-002
   9.000000     -7.533135236263398E-002
   10.00000     -6.967449997649640E-002
   11.00000     -6.386209884521486E-002
   12.00000     -5.830064838374301E-002
   13.00000     -5.304048760309454E-002
   14.00000     -4.904952588312501E-002
   15.00000     -4.810786834401351E-002
   16.00000     -4.351293584900635E-002
   17.00000     -3.925393162052222E-002
   18.00000     -3.532189621716614E-002
   19.00000     -3.170297185644124E-002
   20.00000     -2.838038977629613E-002
   21.00000     -2.533583393575663E-002
   22.00000     -2.255039337977725E-002
   23.00000     -2.000521695105385E-002
   24.00000     -1.768195256441262E-002
   25.00000     -1.556303111826437E-002
   26.00000     -1.363183902833781E-002
   27.00000     -1.187281160165376E-002
   28.00000     -1.027147085148649E-002
   29.00000     -8.814425175662994E-003
   30.00000     -7.489349712106217E-003
   31.00000     -7.160015455307377E-003
   32.00000     -6.284894623361173E-003
   33.00000     -5.190751079786154E-003
   34.00000     -4.197450216313856E-003
   35.00000     -3.296388561130612E-003
   36.00000     -2.479744492247935E-003
   37.00000     -1.740420725054033E-003
   38.00000     -1.071988987524665E-003
   39.00000     -4.686386074642582E-004
