  0.0000000E+00 -0.128232835034566     
   1.000000     -0.125805837331758     
   2.000000     -0.123408082017637     
   3.000000     -0.121039430239183     
   4.000000     -0.118699742567445     
   5.000000     -0.116388878993138     
   6.000000     -0.114106698922228     
   7.000000     -0.111853061171477     
   8.000000     -0.109627823963958     
   9.000000     -0.107430844924533     
   10.00000     -0.105261981075318     
   11.00000     -0.103121088831093     
   12.00000     -0.101008023994701     
   13.00000     -9.892264175240703E-002
   14.00000     -9.686479666923178E-002
   15.00000     -9.483434268425570E-002
   16.00000     -9.283113310589389E-002
   17.00000     -9.085502060714087E-002
   18.00000     -8.890585722078634E-002
   19.00000     -8.698349433461308E-002
   20.00000     -8.508778268655395E-002
   21.00000     -8.321857235983385E-002
   22.00000     -8.137571277808267E-002
   23.00000     -7.955905270041794E-002
   24.00000     -7.776844021651072E-002
   25.00000     -7.600372274163256E-002
   26.00000     -7.426474701165184E-002
   27.00000     -7.255135907805613E-002
   28.00000     -7.086340430290514E-002
   29.00000     -6.920072735379515E-002
   30.00000     -6.756317219878485E-002
   31.00000     -6.595058210133001E-002
   32.00000     -6.436279961516447E-002
   33.00000     -6.279966657919464E-002
   34.00000     -6.126102411237402E-002
   35.00000     -5.974671260855097E-002
   36.00000     -5.825657173131976E-002
   37.00000     -5.679044040884662E-002
   38.00000     -5.534815682867136E-002
   39.00000     -5.392955843255176E-002
   40.00000     -5.253448191137092E-002
   41.00000     -5.116276320010713E-002
   42.00000     -4.981423747262873E-002
   43.00000     -4.848873913590343E-002
   44.00000     -4.718610182350449E-002
   45.00000     -4.590615838947438E-002
   46.00000     -4.464874090522608E-002
   47.00000     -4.341368066183133E-002
   48.00000     -4.220080817507960E-002
   49.00000     -4.100995318171211E-002
   50.00000     -3.984094460994852E-002
   51.00000     -3.869361051887583E-002
   52.00000     -3.756777803581028E-002
   53.00000     -3.646327336200826E-002
   54.00000     -3.537992192200493E-002
   55.00000     -3.431754865627764E-002
   56.00000     -3.327597830330683E-002
   57.00000     -3.225503537311339E-002
   58.00000     -3.125454352878054E-002
   59.00000     -3.027432437784125E-002
   60.00000     -2.931419617917655E-002
   61.00000     -2.837397342152739E-002
   62.00000     -2.745346823632081E-002
   63.00000     -2.655249391046242E-002
   64.00000     -2.567086949445790E-002
   65.00000     -2.480842324757073E-002
   66.00000     -2.396499223182887E-002
   67.00000     -2.314041632796706E-002
   68.00000     -2.233452723268868E-002
   69.00000     -2.154713581768436E-002
   70.00000     -2.077802331336459E-002
   71.00000     -2.002694183893168E-002
   72.00000     -1.929362716994874E-002
   73.00000     -1.857782190614234E-002
   74.00000     -1.787930236133710E-002
   75.00000     -1.719790001082918E-002
   76.00000     -1.653350951024575E-002
   77.00000     -1.588607933400484E-002
   78.00000     -1.525558580723299E-002
   79.00000     -1.464199500810393E-002
   80.00000     -1.404521953482903E-002
   81.00000     -1.346507929976381E-002
   82.00000     -1.290127749175964E-002
   83.00000     -1.235340275656588E-002
   84.00000     -1.182096329971929E-002
   85.00000     -1.130344715267923E-002
   86.00000     -1.080039035565772E-002
   87.00000     -1.031143021261433E-002
   88.00000     -9.836328415957784E-003
   89.00000     -9.374963313504486E-003
   90.00000     -8.927301984419553E-003
   91.00000     -8.493365789762610E-003
   92.00000     -8.073199443834604E-003
   93.00000     -7.666848046506574E-003
   94.00000     -7.274342126186164E-003
   95.00000     -6.895688367434646E-003
   96.00000     -6.530862794194460E-003
   97.00000     -6.179803023188568E-003
   98.00000     -5.842396490688281E-003
   99.00000     -5.518462642955330E-003
   100.0000     -5.207729941935719E-003
   101.0000     -4.909814071074846E-003
   102.0000     -4.624210714799903E-003
   103.0000     -4.350318972281343E-003
   104.0000     -4.087501686482958E-003
   105.0000     -3.835166886985420E-003
   106.0000     -3.592836813804922E-003
   107.0000     -3.360176449259119E-003
   108.0000     -3.136978392317410E-003
   109.0000     -2.923122358650206E-003
   110.0000     -2.718531344068942E-003
   111.0000     -2.523137704719016E-003
   112.0000     -2.336862408787606E-003
   113.0000     -2.159605127614454E-003
   114.0000     -1.991241377929349E-003
   115.0000     -1.831623509463860E-003
   116.0000     -1.680583411071109E-003
   117.0000     -1.537935721983558E-003
   118.0000     -1.403480941034027E-003
   119.0000     -1.277008178017077E-003
   120.0000     -1.158297475389402E-003
   121.0000     -1.047121715215660E-003
   122.0000     -9.432481609310949E-004
   123.0000     -8.464396923656333E-004
   124.0000     -7.564557897101595E-004
   125.0000     -6.730533149393358E-004
   126.0000     -5.959871310752763E-004
   127.0000     -5.250105920839933E-004
   128.0000     -4.598759296767447E-004
   129.0000     -4.003345579223399E-004
   130.0000     -3.461373122704950E-004
   131.0000     -2.970346361747354E-004
   132.0000     -2.527767258145845E-004
   133.0000     -2.131136413154794E-004
   134.0000     -1.777953912124407E-004
   135.0000     -1.465719956217245E-004
   136.0000     -1.191935325902677E-004
   137.0000     -9.541017135316147E-005
   138.0000     -7.497219571876705E-005
   139.0000     -5.763002055638053E-005
   140.0000     -4.313420448152883E-005
   141.0000     -3.123546261047185E-005
   142.0000     -2.168468541026677E-005
   143.0000     -1.423297520699780E-005
   144.0000     -8.631726897333315E-006
   145.0000     -4.632825393949488E-006
   146.0000     -1.989205429244549E-006
   147.0000     -4.569484055498103E-007
