  0.0000000E+00 -0.118133778103758     
   1.000000     -0.115690809530109     
   2.000000     -0.113647613515698     
   3.000000     -0.111178003122678     
   4.000000     -0.106932122382058     
   5.000000     -0.106269485434680     
   6.000000     -0.100469823442028     
   7.000000     -9.417185777086293E-002
   8.000000     -9.228174433971759E-002
   9.000000     -8.772589489860842E-002
   10.00000     -8.133702636509554E-002
   11.00000     -7.513540622088466E-002
   12.00000     -6.920406860654454E-002
   13.00000     -6.672210145469593E-002
   14.00000     -6.359179088397346E-002
   15.00000     -5.832401552645238E-002
   16.00000     -5.340932900409581E-002
   17.00000     -4.884526330318457E-002
   18.00000     -4.462187779227813E-002
   19.00000     -4.072446492454247E-002
   20.00000     -3.713546915950287E-002
   21.00000     -3.383584247550331E-002
   22.00000     -3.080599099683104E-002
   23.00000     -2.802642546899371E-002
   24.00000     -2.560070253444025E-002
   25.00000     -2.547810745707253E-002
   26.00000     -2.314314707781405E-002
   27.00000     -2.100416683116614E-002
   28.00000     -1.904517011262931E-002
   29.00000     -1.725120096496312E-002
   30.00000     -1.560841095219243E-002
   31.00000     -1.410403041679015E-002
   32.00000     -1.272632259718836E-002
   33.00000     -1.146452755953197E-002
   34.00000     -1.030880064761135E-002
   35.00000     -9.250148741782718E-003
   36.00000     -8.280366603178485E-003
   37.00000     -7.391974841683586E-003
   38.00000     -6.578160510518932E-003
   39.00000     -5.832720943818079E-003
   40.00000     -5.150011177428327E-003
   41.00000     -4.524895098547988E-003
   42.00000     -3.952700335427377E-003
   43.00000     -3.429176808462119E-003
   44.00000     -2.950458807002361E-003
   45.00000     -2.513030423685590E-003
   46.00000     -2.113694164136324E-003
   47.00000     -1.749542550566400E-003
   48.00000     -1.417932551089711E-003
   49.00000     -1.116462692291228E-003
   50.00000     -8.429527530550294E-004
   51.00000     -5.954259988549453E-004
   52.00000     -3.720940101479725E-004
   53.00000     -1.713443112756325E-004
