  0.0000000E+00 -0.114557247414852     
   1.000000     -0.112145765677642     
   2.000000     -0.110027497533046     
   3.000000     -0.107806100616975     
   4.000000     -0.103229918704925     
   5.000000     -0.102878104190653     
   6.000000     -9.737236852267131E-002
   7.000000     -9.118405866248880E-002
   8.000000     -8.823338656865923E-002
   9.000000     -8.484175624748924E-002
   10.00000     -7.855088563542822E-002
   11.00000     -7.244222369488665E-002
   12.00000     -6.659922293364605E-002
   13.00000     -6.250022524582853E-002
   14.00000     -6.107100642497723E-002
   15.00000     -5.588335942815337E-002
   16.00000     -5.104503053426342E-002
   17.00000     -4.655382528760263E-002
   18.00000     -4.240002230828736E-002
   19.00000     -3.856911585663358E-002
   20.00000     -3.504373742179699E-002
   21.00000     -3.180501283650498E-002
   22.00000     -2.883351014452259E-002
   23.00000     -2.610989055642296E-002
   24.00000     -2.361534484642594E-002
   25.00000     -2.133192595609108E-002
   26.00000     -2.119514212697211E-002
   27.00000     -1.924243889648562E-002
   28.00000     -1.733111821660689E-002
   29.00000     -1.558305142923574E-002
   30.00000     -1.398449658220878E-002
   31.00000     -1.252278452242035E-002
   32.00000     -1.118627421101037E-002
   33.00000     -9.964297253978557E-003
   34.00000     -8.847096864853663E-003
   35.00000     -7.825764604752337E-003
   36.00000     -6.892177191456829E-003
   37.00000     -6.038934925602941E-003
   38.00000     -5.259302746133926E-003
   39.00000     -4.547154542052014E-003
   40.00000     -3.896921073746614E-003
   41.00000     -3.303541473092174E-003
   42.00000     -2.762419707012949E-003
   43.00000     -2.269381900849579E-003
   44.00000     -1.820641184628303E-003
   45.00000     -1.412763194636159E-003
   46.00000     -1.042636187737469E-003
   47.00000     -7.074443626914678E-004
   48.00000     -4.046446099389664E-004
   49.00000     -1.319468617781310E-004
