  0.0000000E+00 -0.111341240235510     
   1.000000     -0.108960539552805     
   2.000000     -0.106765529095945     
   3.000000     -0.104761876807278     
   4.000000     -0.100243416863381     
   5.000000     -9.947545983975130E-002
   6.000000     -9.458290324678412E-002
   7.000000     -8.849362212523164E-002
   8.000000     -8.458769601984262E-002
   9.000000     -8.224449926187417E-002
   10.00000     -7.604195090128596E-002
   11.00000     -7.001701060589249E-002
   12.00000     -6.425357693019255E-002
   13.00000     -5.880225362632196E-002
   14.00000     -5.869719516051698E-002
   15.00000     -5.368556745612165E-002
   16.00000     -4.891600814178643E-002
   17.00000     -4.449042305685225E-002
   18.00000     -4.039928972793129E-002
   19.00000     -3.662828463639031E-002
   20.00000     -3.316020814047422E-002
   21.00000     -2.997634313209289E-002
   22.00000     -2.705740410736297E-002
   23.00000     -2.438418910936167E-002
   24.00000     -2.193801658305252E-002
   25.00000     -1.970100738598670E-002
   26.00000     -1.765626525419200E-002
   27.00000     -1.722808960694106E-002
   28.00000     -1.578790103753965E-002
   29.00000     -1.408122805627095E-002
   30.00000     -1.252257489225282E-002
   31.00000     -1.109936588255830E-002
   32.00000     -9.800048480207072E-003
   33.00000     -8.614038990115190E-003
   34.00000     -7.531663371687453E-003
   35.00000     -6.544092596455218E-003
   36.00000     -5.643280961102379E-003
   37.00000     -4.821905475545453E-003
   38.00000     -4.073306843240860E-003
   39.00000     -3.391434574865876E-003
   40.00000     -2.770795607064731E-003
   41.00000     -2.206406810100036E-003
   42.00000     -1.693751469784017E-003
   43.00000     -1.228739770338664E-003
   44.00000     -8.076732963323814E-004
   45.00000     -4.272136169102125E-004
   46.00000     -8.435512994085200E-005
