  0.0000000E+00 -0.122186954380503     
   1.000000     -0.119713520284829     
   2.000000     -0.117736028066297     
   3.000000     -0.114985594680059     
   4.000000     -0.111292917223981     
   5.000000     -0.109932697649246     
   6.000000     -0.103974258155393     
   7.000000     -9.755351123829943E-002
   8.000000     -9.686114090985742E-002
   9.000000     -9.098913610817075E-002
   10.00000     -8.448944032608624E-002
   11.00000     -7.818265798737961E-002
   12.00000     -7.215152476265518E-002
   13.00000     -7.149888643247854E-002
   14.00000     -6.644396383171880E-002
   15.00000     -6.108556935337599E-002
   16.00000     -5.608449816615330E-002
   17.00000     -5.143800529913661E-002
   18.00000     -4.713590317377377E-002
   19.00000     -4.316325648777074E-002
   20.00000     -3.950229866160079E-002
   21.00000     -3.613378569293538E-002
   22.00000     -3.303794222592232E-002
   23.00000     -3.058523395267723E-002
   24.00000     -3.019506843740218E-002
   25.00000     -2.758615048958816E-002
   26.00000     -2.519282117643361E-002
   27.00000     -2.299781725235807E-002
   28.00000     -2.098493878298765E-002
   29.00000     -1.913910460686562E-002
   30.00000     -1.744634851911773E-002
   31.00000     -1.589378938926252E-002
   32.00000     -1.446958462714395E-002
   33.00000     -1.316287355773965E-002
   34.00000     -1.196371536257621E-002
   35.00000     -1.086302486575824E-002
   36.00000     -9.852508433907902E-003
   37.00000     -8.924601522810879E-003
   38.00000     -8.072408868127153E-003
   39.00000     -7.289647930811324E-003
   40.00000     -6.570595931136082E-003
   41.00000     -5.910040609647870E-003
   42.00000     -5.303234717611729E-003
   43.00000     -4.745854147628518E-003
   44.00000     -4.233959555308255E-003
   45.00000     -3.763961286398462E-003
   46.00000     -3.332587404101766E-003
   47.00000     -2.936854603714300E-003
   48.00000     -2.574041802689276E-003
   49.00000     -2.241666201305993E-003
   50.00000     -1.937461620599468E-003
   51.00000     -1.659358939023512E-003
   52.00000     -1.405468467008697E-003
   53.00000     -1.174064119271155E-003
   54.00000     -9.635692693153909E-004
   55.00000     -7.725442010577298E-004
   56.00000     -5.996751127154913E-004
   57.00000     -4.437646852855391E-004
   58.00000     -3.037243158967682E-004
   59.00000     -1.785682627288605E-004
   60.00000     -6.741021174104499E-005
