  0.0000000E+00 -0.127851424744828     
   1.000000     -0.125347768008504     
   2.000000     -0.123417650996515     
   3.000000     -0.120288185311730     
   4.000000     -0.117397277736756     
   5.000000     -0.115015126901691     
   6.000000     -0.108861788962996     
   7.000000     -0.103254207824627     
   8.000000     -0.102263958645666     
   9.000000     -9.554050852380323E-002
   10.00000     -8.888629561340063E-002
   11.00000     -8.243286884628682E-002
   12.00000     -7.816190108436991E-002
   13.00000     -7.626199566424795E-002
   14.00000     -7.042209968953124E-002
   15.00000     -6.493733949136805E-002
   16.00000     -5.981580019133914E-002
   17.00000     -5.505436048143084E-002
   18.00000     -5.064248962196323E-002
   19.00000     -4.656493555173223E-002
   20.00000     -4.280363845410377E-002
   21.00000     -3.933908488499859E-002
   22.00000     -3.753750953926388E-002
   23.00000     -3.615121622627250E-002
   24.00000     -3.322018443211251E-002
   25.00000     -3.052662565808499E-002
   26.00000     -2.805205531764192E-002
   27.00000     -2.577899365057110E-002
   28.00000     -2.369105790868480E-002
   29.00000     -2.177299544346359E-002
   30.00000     -2.001067851585636E-002
   31.00000     -1.839107350491118E-002
   32.00000     -1.690219358753676E-002
   33.00000     -1.553304140407003E-002
   34.00000     -1.427354635309150E-002
   35.00000     -1.311449978546264E-002
   36.00000     -1.204749036077043E-002
   37.00000     -1.106484109371298E-002
   38.00000     -1.015954908300782E-002
   39.00000     -9.325228528992816E-003
   40.00000     -8.556057369513554E-003
   41.00000     -7.846727668193488E-003
   42.00000     -7.192399753377592E-003
   43.00000     -6.588660014009524E-003
   44.00000     -6.031482198623884E-003
   45.00000     -5.517192026700870E-003
   46.00000     -5.042434901318510E-003
   47.00000     -4.604146503509149E-003
   48.00000     -4.199526048405617E-003
   49.00000     -3.826011988524471E-003
   50.00000     -3.481259958449537E-003
   51.00000     -3.163122766358592E-003
   52.00000     -2.869632250264331E-003
   53.00000     -2.598982829809504E-003
   54.00000     -2.349516597464804E-003
   55.00000     -2.119709805684376E-003
   56.00000     -1.908160618758917E-003
   57.00000     -1.713578009624746E-003
   58.00000     -1.534771692675508E-003
   59.00000     -1.370642993631558E-003
   60.00000     -1.220176566766129E-003
   61.00000     -1.082432878274867E-003
   62.00000     -9.565413823452410E-004
   63.00000     -8.416943235808779E-004
   64.00000     -7.371411059105826E-004
   65.00000     -6.421831740210321E-004
   66.00000     -5.561693587580361E-004
   67.00000     -4.784916429132630E-004
   68.00000     -4.085813084311809E-004
   69.00000     -3.459054304389149E-004
   70.00000     -2.899636877598015E-004
   71.00000     -2.402854639300570E-004
   72.00000     -1.964272175442546E-004
   73.00000     -1.579701066143574E-004
   74.00000     -1.245178596805988E-004
   75.00000     -9.569489894503001E-005
   76.00000     -7.114474261035000E-005
   77.00000     -5.052875625247147E-005
   78.00000     -3.352541534268988E-005
   79.00000     -1.983046593324667E-005
   80.00000     -9.159008244322039E-006
   81.00000     -1.252782819978222E-006
