  0.0000000E+00 -0.123521477951080     
   1.000000     -0.121039521198593     
   2.000000     -0.119078191725612     
   3.000000     -0.116236607662509     
   4.000000     -0.112731712585048     
   5.000000     -0.111132341122074     
   6.000000     -0.105126782468662     
   7.000000     -9.866826575632330E-002
   8.000000     -9.836465542017758E-002
   9.000000     -9.206236949003571E-002
   10.00000     -8.552623261564073E-002
   11.00000     -7.918486753175119E-002
   12.00000     -7.312350118089472E-002
   13.00000     -7.306732902220421E-002
   14.00000     -6.738201580982134E-002
   15.00000     -6.199382172299281E-002
   16.00000     -5.696434200119371E-002
   17.00000     -5.229074236523194E-002
   18.00000     -4.796275420275484E-002
   19.00000     -4.396536742664889E-002
   20.00000     -4.028074618138151E-002
   21.00000     -3.688958223503841E-002
   22.00000     -3.377204240363635E-002
   23.00000     -3.222458074936365E-002
   24.00000     -3.090838316234826E-002
   25.00000     -2.827948697201875E-002
   26.00000     -2.586699367791111E-002
   27.00000     -2.365357542378303E-002
   28.00000     -2.162298879601722E-002
   29.00000     -1.976011195491691E-002
   30.00000     -1.805094035288529E-002
   31.00000     -1.648255662002888E-002
   32.00000     -1.504308383815174E-002
   33.00000     -1.372162874336699E-002
   34.00000     -1.250821951010660E-002
   35.00000     -1.139374139222836E-002
   36.00000     -1.036987248888879E-002
   37.00000     -9.429021166585616E-003
   38.00000     -8.564266133440294E-003
   39.00000     -7.769299775112037E-003
   40.00000     -7.038375084977642E-003
   41.00000     -6.366256325593733E-003
   42.00000     -5.748173422593327E-003
   43.00000     -5.179780000143238E-003
   44.00000     -4.657114907074263E-003
   45.00000     -4.176567046004397E-003
   46.00000     -3.734843297693457E-003
   47.00000     -3.328939324676927E-003
   48.00000     -2.956113038392893E-003
   49.00000     -2.613860519954113E-003
   50.00000     -2.299894194580892E-003
   51.00000     -2.012123072203051E-003
   52.00000     -1.748634881025167E-003
   53.00000     -1.507679936443442E-003
   54.00000     -1.287656604504501E-003
   55.00000     -1.087098237346398E-003
   56.00000     -9.046614785281907E-004
   57.00000     -7.391158603202404E-004
   58.00000     -5.893346456316884E-004
   59.00000     -4.542869092959423E-004
   60.00000     -3.330309163308416E-004
   61.00000     -2.247089570424377E-004
   62.00000     -1.285439790259153E-004
   63.00000     -4.383870061735829E-005
