  0.0000000E+00 -1.181757263116999E-002
   1.000000     -1.133636408426720E-002
   2.000000     -1.086177043163931E-002
   3.000000     -1.040454416217603E-002
   4.000000     -1.000394352191122E-002
   5.000000     -9.433631671207462E-003
   6.000000     -9.049584283274330E-003
   7.000000     -8.683580229196748E-003
   8.000000     -7.915859077429100E-003
   9.000000     -7.134708138151933E-003
   10.00000     -6.696148483432548E-003
   11.00000     -6.368951949602058E-003
   12.00000     -5.635398949893211E-003
   13.00000     -4.941496798272226E-003
   14.00000     -4.292061677959372E-003
   15.00000     -3.689071578262882E-003
   16.00000     -3.132708344822131E-003
   17.00000     -2.653278633314532E-003
   18.00000     -2.621707665696182E-003
   19.00000     -2.155017677127423E-003
   20.00000     -1.729748548076715E-003
   21.00000     -1.343635481102215E-003
   22.00000     -9.941124454606845E-004
   23.00000     -6.786132616545502E-004
   24.00000     -3.946419727624268E-004
   25.00000     -1.398199191335043E-004
