  0.0000000E+00 -1.516439458234735E-002
   1.000000     -1.465637185175012E-002
   2.000000     -1.415688011585706E-002
   3.000000     -1.370002268674849E-002
   4.000000     -1.315655571212434E-002
   5.000000     -1.271363034469777E-002
   6.000000     -1.235680398931862E-002
   7.000000     -1.153129604742227E-002
   8.000000     -1.065670421780945E-002
   9.000000     -1.052715161611502E-002
   10.00000     -9.776930989571565E-003
   11.00000     -8.922181615547045E-003
   12.00000     -8.103386416453369E-003
   13.00000     -7.328680245548488E-003
   14.00000     -6.654957622305801E-003
   15.00000     -6.601953935427301E-003
   16.00000     -5.925787635052488E-003
   17.00000     -5.299211569855531E-003
   18.00000     -4.721232916247717E-003
   19.00000     -4.189864395796467E-003
   20.00000     -3.702671128470704E-003
   21.00000     -3.256980576962487E-003
   22.00000     -2.850027179266008E-003
   23.00000     -2.479051441312920E-003
   24.00000     -2.141366372918639E-003
   25.00000     -1.834400481155738E-003
   26.00000     -1.555724012506062E-003
   27.00000     -1.303063327065607E-003
   28.00000     -1.074306979030817E-003
   29.00000     -8.675061377661341E-004
   30.00000     -6.808714052329793E-004
   31.00000     -5.127702020027669E-004
   32.00000     -4.471057209305224E-004
   33.00000     -3.616904122237172E-004
   34.00000     -2.263149816986231E-004
   35.00000     -1.054056578059268E-004
