  0.0000000E+00 -1.170858532092528E-002
   1.000000     -1.122824874881840E-002
   2.000000     -1.075471600006417E-002
   3.000000     -1.029704406428948E-002
   4.000000     -9.899427530253038E-003
   5.000000     -9.335193655924522E-003
   6.000000     -8.931671790634275E-003
   7.000000     -8.589741400167293E-003
   8.000000     -7.826077941907688E-003
   9.000000     -7.048084140382847E-003
   10.00000     -6.570647669308699E-003
   11.00000     -6.285271255849420E-003
   12.00000     -5.554556972905559E-003
   13.00000     -4.863310977555156E-003
   14.00000     -4.216404472002408E-003
   15.00000     -3.615827936323559E-003
   16.00000     -3.061771959140601E-003
   17.00000     -2.553436752731442E-003
   18.00000     -2.521740318727771E-003
   19.00000     -2.088417777321938E-003
   20.00000     -1.665192865971208E-003
   21.00000     -1.281049187479145E-003
   22.00000     -9.334291580066177E-004
   23.00000     -6.197737664780782E-004
   24.00000     -3.375947949536476E-004
   25.00000     -8.452150496356022E-005
