  0.0000000E+00 -1.649831392389429E-002
   1.000000     -1.597982083316021E-002
   2.000000     -1.547495682396103E-002
   3.000000     -1.499884026438623E-002
   4.000000     -1.440868596938375E-002
   5.000000     -1.411370390304047E-002
   6.000000     -1.353264234544580E-002
   7.000000     -1.265487465056071E-002
   8.000000     -1.204537146363322E-002
   9.000000     -1.173602031846719E-002
   10.00000     -1.082207625067757E-002
   11.00000     -9.931900714361539E-003
   12.00000     -9.079594647352069E-003
   13.00000     -8.273560856397319E-003
   14.00000     -8.236654402211059E-003
   15.00000     -7.516218308543232E-003
   16.00000     -6.810838661065830E-003
   17.00000     -6.156599567526067E-003
   18.00000     -5.552161684248540E-003
   19.00000     -4.995449749064542E-003
   20.00000     -4.483949823772405E-003
   21.00000     -4.014915672329822E-003
   22.00000     -3.585512247355006E-003
   23.00000     -3.192914044385524E-003
   24.00000     -2.834370973210208E-003
   25.00000     -2.507251055433173E-003
   26.00000     -2.209070219111085E-003
   27.00000     -2.098965017216342E-003
   28.00000     -1.937469836739678E-003
   29.00000     -1.690321805108590E-003
   30.00000     -1.465598437029622E-003
   31.00000     -1.261454906980848E-003
   32.00000     -1.076196392759046E-003
   33.00000     -9.082719433517852E-004
   34.00000     -7.562658351352130E-004
   35.00000     -6.188885275112789E-004
   36.00000     -4.949676965654203E-004
   37.00000     -3.834396393231903E-004
   38.00000     -2.833412693890239E-004
   39.00000     -1.938029001565170E-004
   40.00000     -1.140420323796570E-004
   41.00000     -4.335844778267821E-005
