  0.0000000E+00 -1.754580205928880E-002
   1.000000     -1.701938494264852E-002
   2.000000     -1.651080987654945E-002
   3.000000     -1.601177591506504E-002
   4.000000     -1.542071899894687E-002
   5.000000     -1.517360224788198E-002
   6.000000     -1.444793341529573E-002
   7.000000     -1.353409733533392E-002
   8.000000     -1.322918150689676E-002
   9.000000     -1.258334583767442E-002
   10.00000     -1.163966821925013E-002
   11.00000     -1.072186320444115E-002
   12.00000     -9.843408311742590E-003
   13.00000     -9.475281237005778E-003
   14.00000     -9.011817382981629E-003
   15.00000     -8.231393830262767E-003
   16.00000     -7.503389703501602E-003
   17.00000     -6.827545506883820E-003
   18.00000     -6.202446726477575E-003
   19.00000     -5.625952790491446E-003
   20.00000     -5.095489746935355E-003
   21.00000     -4.608255513027879E-003
   22.00000     -4.161362797665089E-003
   23.00000     -3.751937690608984E-003
   24.00000     -3.391401457202154E-003
   25.00000     -3.377074042943128E-003
   26.00000     -3.034405395266093E-003
   27.00000     -2.721101619625486E-003
   28.00000     -2.434884438770405E-003
   29.00000     -2.173546467576906E-003
   30.00000     -1.935043408027300E-003
   31.00000     -1.717490345461080E-003
   32.00000     -1.519155032492561E-003
   33.00000     -1.338449590379329E-003
   34.00000     -1.173921378641931E-003
   35.00000     -1.024243537405544E-003
   36.00000     -8.882055494202250E-004
   37.00000     -7.647040578135629E-004
   38.00000     -6.527340965639316E-004
   39.00000     -5.513808349432688E-004
   40.00000     -4.598118991237102E-004
   41.00000     -3.772703100731780E-004
   42.00000     -3.030680647209527E-004
   43.00000     -2.365803868530964E-004
   44.00000     -1.772406873952476E-004
   45.00000     -1.245363068934229E-004
   46.00000     -7.800518075169257E-005
   47.00000     -3.723370404177165E-005
   48.00000     -1.856360729326798E-006
