  0.0000000E+00 -1.381975761385194E-002
   1.000000     -1.337861849359759E-002
   2.000000     -1.294540470015740E-002
   3.000000     -1.252006812453324E-002
   4.000000     -1.210256042400844E-002
   5.000000     -1.169283302127800E-002
   6.000000     -1.129083710368361E-002
   7.000000     -1.089652362257105E-002
   8.000000     -1.050984329277838E-002
   9.000000     -1.013074659227423E-002
   10.00000     -9.759183761957928E-003
   11.00000     -9.395104805643798E-003
   12.00000     -9.038459490248691E-003
   13.00000     -8.689197346204915E-003
   14.00000     -8.347267668124377E-003
   15.00000     -8.012619515741981E-003
   16.00000     -7.685201715170045E-003
   17.00000     -7.364962860501124E-003
   18.00000     -7.051851315794870E-003
   19.00000     -6.745815217500279E-003
   20.00000     -6.446802477354393E-003
   21.00000     -6.154760785830419E-003
   22.00000     -5.869637616179353E-003
   23.00000     -5.591380229161623E-003
   24.00000     -5.319935678533232E-003
   25.00000     -5.055250817396193E-003
   26.00000     -4.797272305516660E-003
   27.00000     -4.545946617739235E-003
   28.00000     -4.301220053640926E-003
   29.00000     -4.063038748598944E-003
   30.00000     -3.831348686458021E-003
   31.00000     -3.606095714033574E-003
   32.00000     -3.387225557710761E-003
   33.00000     -3.174683842450877E-003
   34.00000     -2.968416113572241E-003
   35.00000     -2.768367861740565E-003
   36.00000     -2.574484551678173E-003
   37.00000     -2.386711655212463E-003
   38.00000     -2.204994689400228E-003
   39.00000     -2.029279260615977E-003
   40.00000     -1.859511115692716E-003
   41.00000     -1.695636201433796E-003
   42.00000     -1.537600734130393E-003
   43.00000     -1.385351281102735E-003
   44.00000     -1.238834856797056E-003
   45.00000     -1.097999036624527E-003
   46.00000     -9.627920926047464E-004
   47.00000     -8.331631560366635E-004
   48.00000     -7.090624139924023E-004
   49.00000     -5.904413485855586E-004
   50.00000     -4.772530309617265E-004
   51.00000     -3.694524862069703E-004
   52.00000     -2.669971514939527E-004
   53.00000     -1.698474588126985E-004
   54.00000     -7.796758725799966E-005
