  0.0000000E+00 -1.490896497465290E-002
   1.000000     -1.446029365208688E-002
   2.000000     -1.401950005921462E-002
   3.000000     -1.358653534381958E-002
   4.000000     -1.316135039839020E-002
   5.000000     -1.274389585819104E-002
   6.000000     -1.233412209936333E-002
   7.000000     -1.193197923706780E-002
   8.000000     -1.153741712366533E-002
   9.000000     -1.115038534695134E-002
   10.00000     -1.077083322844528E-002
   11.00000     -1.039870982174205E-002
   12.00000     -1.003396391094108E-002
   13.00000     -9.676544009155533E-003
   14.00000     -9.326398357115495E-003
   15.00000     -8.983474921873770E-003
   16.00000     -8.647721395635152E-003
   17.00000     -8.319085194713575E-003
   18.00000     -7.997513458640391E-003
   19.00000     -7.682953049440555E-003
   20.00000     -7.375350551093717E-003
   21.00000     -7.074652269208166E-003
   22.00000     -6.780804230929942E-003
   23.00000     -6.493752185113028E-003
   24.00000     -6.213441602790450E-003
   25.00000     -5.939817677974114E-003
   26.00000     -5.672825328830497E-003
   27.00000     -5.412409199275569E-003
   28.00000     -5.158513661041388E-003
   29.00000     -4.911082816278017E-003
   30.00000     -4.670060500753034E-003
   31.00000     -4.435390287734035E-003
   32.00000     -4.207015492637336E-003
   33.00000     -3.984879178552142E-003
   34.00000     -3.768924162754476E-003
   35.00000     -3.559093024353744E-003
   36.00000     -3.355328113227922E-003
   37.00000     -3.157571560440550E-003
   38.00000     -2.965765290352792E-003
   39.00000     -2.779851034695002E-003
   40.00000     -2.599770348898321E-003
   41.00000     -2.425464631049720E-003
   42.00000     -2.256875143903227E-003
   43.00000     -2.093943040463127E-003
   44.00000     -1.936609393762206E-003
   45.00000     -1.784815231591839E-003
   46.00000     -1.638501577104493E-003
   47.00000     -1.497609496420144E-003
   48.00000     -1.362080154638486E-003
   49.00000     -1.231854881997568E-003
   50.00000     -1.106875252376971E-003
   51.00000     -9.870831769234751E-004
   52.00000     -8.724210163642244E-004
   53.00000     -7.628317166202006E-004
   54.00000     -6.582589737634477E-004
   55.00000     -5.586474363379995E-004
   56.00000     -4.639429558377419E-004
   57.00000     -3.740929001054422E-004
   58.00000     -2.890465502000001E-004
   59.00000     -2.087556099110292E-004
   60.00000     -1.331748703035502E-004
   61.00000     -6.226309246921196E-005
