  0.0000000E+00 -1.378090162801289E-002
   1.000000     -1.334003369022647E-002
   2.000000     -1.290709284421771E-002
   3.000000     -1.248203101022354E-002
   4.000000     -1.206479987567877E-002
   5.000000     -1.165535089439211E-002
   6.000000     -1.125363528583707E-002
   7.000000     -1.085960403455901E-002
   8.000000     -1.047320788972873E-002
   9.000000     -1.009439736483865E-002
   10.00000     -9.723122737578825E-003
   11.00000     -9.359334049892433E-003
   12.00000     -9.002981108245016E-003
   13.00000     -8.654013484127995E-003
   14.00000     -8.312380514815395E-003
   15.00000     -7.978031304414560E-003
   16.00000     -7.650914725233159E-003
   17.00000     -7.330979419507564E-003
   18.00000     -7.018173801524631E-003
   19.00000     -6.712446060193216E-003
   20.00000     -6.413744162109799E-003
   21.00000     -6.122015855182048E-003
   22.00000     -5.837208672875821E-003
   23.00000     -5.559269939160863E-003
   24.00000     -5.288146774246670E-003
   25.00000     -5.023786101200195E-003
   26.00000     -4.766134653567155E-003
   27.00000     -4.515138984122318E-003
   28.00000     -4.270745474904118E-003
   29.00000     -4.032900348700010E-003
   30.00000     -3.801549682195016E-003
   31.00000     -3.576639421011725E-003
   32.00000     -3.358115396919052E-003
   33.00000     -3.145923347531948E-003
   34.00000     -2.940008938885511E-003
   35.00000     -2.740317791329873E-003
   36.00000     -2.546795509283323E-003
   37.00000     -2.359387715487446E-003
   38.00000     -2.178040090527657E-003
   39.00000     -2.002698418555789E-003
   40.00000     -1.833308640342957E-003
   41.00000     -1.669816915049707E-003
   42.00000     -1.512169692419477E-003
   43.00000     -1.360313797520345E-003
   44.00000     -1.214196530688320E-003
   45.00000     -1.073765786030054E-003
   46.00000     -9.389701927669290E-004
   47.00000     -8.097592849383704E-004
   48.00000     -6.860837066591197E-004
   49.00000     -5.678954624266290E-004
   50.00000     -4.551482251944781E-004
   51.00000     -3.477977194881579E-004
   52.00000     -2.458022034583845E-004
   53.00000     -1.491230835495042E-004
   54.00000     -5.772571030251857E-005
