  0.0000000E+00 -1.723823157130969E-002
   1.000000     -1.677387745419369E-002
   2.000000     -1.631731018879466E-002
   3.000000     -1.586847974808953E-002
   4.000000     -1.542733582416320E-002
   5.000000     -1.499382782531427E-002
   6.000000     -1.456790487313293E-002
   7.000000     -1.414951579955413E-002
   8.000000     -1.373860914388214E-002
   9.000000     -1.333513314979435E-002
   10.00000     -1.293903576231476E-002
   11.00000     -1.255026462477066E-002
   12.00000     -1.216876707571909E-002
   13.00000     -1.179449014585605E-002
   14.00000     -1.142738055490050E-002
   15.00000     -1.106738470846377E-002
   16.00000     -1.071444869489208E-002
   17.00000     -1.036851828209897E-002
   18.00000     -1.002953891437542E-002
   19.00000     -9.697455709188679E-003
   20.00000     -9.372213453965255E-003
   21.00000     -9.053756602866685E-003
   22.00000     -8.742029273549721E-003
   23.00000     -8.436975243924012E-003
   24.00000     -8.138537948906463E-003
   25.00000     -7.846660477167160E-003
   26.00000     -7.561285567881726E-003
   27.00000     -7.282355607486911E-003
   28.00000     -7.009812626441530E-003
   29.00000     -6.743598296001574E-003
   30.00000     -6.483653925005920E-003
   31.00000     -6.229920456689490E-003
   32.00000     -5.982338465515095E-003
   33.00000     -5.740848154038785E-003
   34.00000     -5.505389349811605E-003
   35.00000     -5.275901502324739E-003
   36.00000     -5.052323680003345E-003
   37.00000     -4.834594567262909E-003
   38.00000     -4.622652461630885E-003
   39.00000     -4.416435270945374E-003
   40.00000     -4.215880510645673E-003
   41.00000     -4.020925301160499E-003
   42.00000     -3.831506365413853E-003
   43.00000     -3.647560026458568E-003
   44.00000     -3.469022205259652E-003
   45.00000     -3.295828418641974E-003
   46.00000     -3.127913777428773E-003
   47.00000     -2.965212984791302E-003
   48.00000     -2.807660334840727E-003
   49.00000     -2.655189711493342E-003
   50.00000     -2.507734587644344E-003
   51.00000     -2.365228024694602E-003
   52.00000     -2.227602672476044E-003
   53.00000     -2.094790769633310E-003
   54.00000     -1.966724144527223E-003
   55.00000     -1.843334216733608E-003
   56.00000     -1.724551999229915E-003
   57.00000     -1.610308101374233E-003
   58.00000     -1.500532732800190E-003
   59.00000     -1.395155708380943E-003
   60.00000     -1.294106454438914E-003
   61.00000     -1.197314016421954E-003
   62.00000     -1.104707068308061E-003
   63.00000     -1.016213924065555E-003
   64.00000     -9.317625515696461E-004
   65.00000     -8.512805894747981E-004
   66.00000     -7.746953676709985E-004
   67.00000     -7.019339321203290E-004
   68.00000     -6.329230750909560E-004
   69.00000     -5.675893721071569E-004
   70.00000     -5.058592273389360E-004
   71.00000     -4.476589297137259E-004
   72.00000     -3.929147228175495E-004
   73.00000     -3.415528927665558E-004
   74.00000     -2.934998798431746E-004
   75.00000     -2.486824220824889E-004
   76.00000     -2.070277426126668E-004
   77.00000     -1.684637981837149E-004
   78.00000     -1.329196153492753E-004
   79.00000     -1.003257557669100E-004
   80.00000     -7.061497805966230E-005
   81.00000     -4.372321094152580E-005
   82.00000     -1.959104360975181E-005
