  0.0000000E+00 -1.167791546232707E-002
   1.000000     -1.125199516475122E-002
   2.000000     -1.083410517229465E-002
   3.000000     -1.042419932182753E-002
   4.000000     -1.002223128651975E-002
   5.000000     -9.628154579088980E-003
   6.000000     -9.241922555487435E-003
   7.000000     -8.863488419088211E-003
   8.000000     -8.492805225408724E-003
   9.000000     -8.129825887439036E-003
   10.00000     -7.774503181639880E-003
   11.00000     -7.426789754685005E-003
   12.00000     -7.086638131029161E-003
   13.00000     -6.754000721402854E-003
   14.00000     -6.428829832335508E-003
   15.00000     -6.111077676839070E-003
   16.00000     -5.800696386380060E-003
   17.00000     -5.497638024313761E-003
   18.00000     -5.201854600957284E-003
   19.00000     -4.913298090512643E-003
   20.00000     -4.631920450090737E-003
   21.00000     -4.357673641113122E-003
   22.00000     -4.090509653424690E-003
   23.00000     -3.830380532499161E-003
   24.00000     -3.577238410189726E-003
   25.00000     -3.331035539550728E-003
   26.00000     -3.091724334358938E-003
   27.00000     -2.859257414073457E-003
   28.00000     -2.633587655120463E-003
   29.00000     -2.414668249565005E-003
   30.00000     -2.202452772448002E-003
   31.00000     -1.996895259343069E-003
   32.00000     -1.797950296029387E-003
   33.00000     -1.605573122613034E-003
   34.00000     -1.419719754986951E-003
   35.00000     -1.240347127240400E-003
   36.00000     -1.067413259562088E-003
   37.00000     -9.008774574276036E-004
   38.00000     -7.407005494993864E-004
   39.00000     -5.868451739030878E-004
   40.00000     -4.392761255938597E-004
   41.00000     -2.979607817676354E-004
   42.00000     -1.628696282830384E-004
   43.00000     -3.397691872171745E-005
