  0.0000000E+00 -1.820586132489084E-002
   1.000000     -1.773515039296711E-002
   2.000000     -1.727219237215069E-002
   3.000000     -1.681693688006242E-002
   4.000000     -1.636933324866581E-002
   5.000000     -1.592933052129487E-002
   6.000000     -1.549687744965335E-002
   7.000000     -1.507192249078447E-002
   8.000000     -1.465441380401251E-002
   9.000000     -1.424429924785886E-002
   10.00000     -1.384152637692520E-002
   11.00000     -1.344604243875386E-002
   12.00000     -1.305779437066227E-002
   13.00000     -1.267672879654263E-002
   14.00000     -1.230279202364959E-002
   15.00000     -1.193593003935011E-002
   16.00000     -1.157608850785480E-002
   17.00000     -1.122321276692761E-002
   18.00000     -1.087724782456795E-002
   19.00000     -1.053813835567472E-002
   20.00000     -1.020582869868543E-002
   21.00000     -9.880262852203054E-003
   22.00000     -9.561384471593732E-003
   23.00000     -9.249136865577179E-003
   24.00000     -8.943462992793938E-003
   25.00000     -8.644305458362983E-003
   26.00000     -8.351606510420693E-003
   27.00000     -8.065308036656168E-003
   28.00000     -7.785351560828549E-003
   29.00000     -7.511678239283334E-003
   30.00000     -7.244228857458694E-003
   31.00000     -6.982943826390292E-003
   32.00000     -6.727763179213843E-003
   33.00000     -6.478626567670070E-003
   34.00000     -6.235473258612289E-003
   35.00000     -5.998242130519895E-003
   36.00000     -5.766871670024417E-003
   37.00000     -5.541299968442571E-003
   38.00000     -5.321464718331745E-003
   39.00000     -5.107303210059019E-003
   40.00000     -4.898752328396328E-003
   41.00000     -4.695748549141326E-003
   42.00000     -4.498227935769128E-003
   43.00000     -4.306126136119445E-003
   44.00000     -4.119378379123990E-003
   45.00000     -3.937919471576823E-003
   46.00000     -3.761683794955803E-003
   47.00000     -3.590605302298151E-003
   48.00000     -3.424617515137183E-003
   49.00000     -3.263653520504383E-003
   50.00000     -3.107645968005169E-003
   51.00000     -2.956527066972738E-003
   52.00000     -2.810228583708394E-003
   53.00000     -2.668681838814170E-003
   54.00000     -2.531817704627403E-003
   55.00000     -2.399566602761586E-003
   56.00000     -2.271858501765996E-003
   57.00000     -2.148622914908164E-003
   58.00000     -2.029788898093220E-003
   59.00000     -1.915285047924576E-003
   60.00000     -1.805039499919830E-003
   61.00000     -1.698979926890189E-003
   62.00000     -1.597033537494185E-003
   63.00000     -1.499127074978298E-003
   64.00000     -1.405186816115761E-003
   65.00000     -1.315138570355512E-003
   66.00000     -1.228907679195164E-003
   67.00000     -1.146419015791658E-003
   68.00000     -1.067596984823729E-003
   69.00000     -9.923655226218202E-004
   70.00000     -9.206480975820517E-004
   71.00000     -8.523677108804739E-004
   72.00000     -7.874468975064972E-004
   73.00000     -7.258077276357650E-004
   74.00000     -6.673718083625837E-004
   75.00000     -6.120602858161203E-004
   76.00000     -5.597938476851870E-004
   77.00000     -5.104927261801949E-004
   78.00000     -4.640767014635110E-004
   79.00000     -4.204651055858097E-004
   80.00000     -3.795768269691279E-004
   81.00000     -3.413303154873415E-004
   82.00000     -3.056435882041753E-004
   83.00000     -2.724342358424548E-004
   84.00000     -2.416194300769024E-004
   85.00000     -2.131159317705881E-004
   86.00000     -1.868401003101176E-004
   87.00000     -1.627079042493352E-004
   88.00000     -1.406349335482986E-004
   89.00000     -1.205364138098805E-004
   90.00000     -1.023272230919564E-004
   91.00000     -8.592191214570953E-005
   92.00000     -7.123472936668607E-005
   93.00000     -5.817965246201672E-005
   94.00000     -4.667043005699732E-005
   95.00000     -3.662063862644115E-005
   96.00000     -2.794376415193377E-005
   97.00000     -2.055332580091191E-005
   98.00000     -1.436307557951165E-005
   99.00000     -9.287346317791281E-006
   100.0000     -5.241720044541098E-006
   101.0000     -2.144494625120409E-006
