  0.0000000E+00 -1.766137322662985E-002
   1.000000     -1.719422837235122E-002
   2.000000     -1.673485527473793E-002
   3.000000     -1.628320374306021E-002
   4.000000     -1.583922330327654E-002
   5.000000     -1.540286319508238E-002
   6.000000     -1.497407236894073E-002
   7.000000     -1.455279948307650E-002
   8.000000     -1.413899290044702E-002
   9.000000     -1.373260068568351E-002
   10.00000     -1.333357060200532E-002
   11.00000     -1.294185010810871E-002
   12.00000     -1.255738635502580E-002
   13.00000     -1.218012618296176E-002
   14.00000     -1.181001611810418E-002
   15.00000     -1.144700236941133E-002
   16.00000     -1.109103082537197E-002
   17.00000     -1.074204705074766E-002
   18.00000     -1.039999628329032E-002
   19.00000     -1.006482343043843E-002
   20.00000     -9.736473065997377E-003
   21.00000     -9.414889426800405E-003
   22.00000     -9.100016409347362E-003
   23.00000     -8.791797566435836E-003
   24.00000     -8.490176103774972E-003
   25.00000     -8.195094876586739E-003
   26.00000     -7.906496386197809E-003
   27.00000     -7.624322776623211E-003
   28.00000     -7.348515831144519E-003
   29.00000     -7.079016968883788E-003
   30.00000     -6.815767241376888E-003
   31.00000     -6.558707329149998E-003
   32.00000     -6.307777538298442E-003
   33.00000     -6.062917797075629E-003
   34.00000     -5.824067652492959E-003
   35.00000     -5.591166266935144E-003
   36.00000     -5.364152414796151E-003
   37.00000     -5.142964479137181E-003
   38.00000     -4.927540448375684E-003
   39.00000     -4.717817913005799E-003
   40.00000     -4.513734062362418E-003
   41.00000     -4.315225681426565E-003
   42.00000     -4.122229147687292E-003
   43.00000     -3.934680428060162E-003
   44.00000     -3.752515075876690E-003
   45.00000     -3.575668227947219E-003
   46.00000     -3.404074601711925E-003
   47.00000     -3.237668492486752E-003
   48.00000     -3.076383770818993E-003
   49.00000     -2.920153879961150E-003
   50.00000     -2.768911833481347E-003
   51.00000     -2.622590213022273E-003
   52.00000     -2.481121166230249E-003
   53.00000     -2.344436404867539E-003
   54.00000     -2.212467203137490E-003
   55.00000     -2.085144396240409E-003
   56.00000     -1.962398379192141E-003
   57.00000     -1.844159105936142E-003
   58.00000     -1.730356088784805E-003
   59.00000     -1.620918398233606E-003
   60.00000     -1.515774663195457E-003
   61.00000     -1.414853071712540E-003
   62.00000     -1.318081372212228E-003
   63.00000     -1.225386875385853E-003
   64.00000     -1.136696456783420E-003
   65.00000     -1.051936560236081E-003
   66.00000     -9.710332022420312E-004
   67.00000     -8.939119774781579E-004
   68.00000     -8.204980656401038E-004
   69.00000     -7.507162398575162E-004
   70.00000     -6.844908769951451E-004
   71.00000     -6.217459702275282E-004
   72.00000     -5.624051443842357E-004
   73.00000     -5.063916746994943E-004
   74.00000     -4.536285097929234E-004
   75.00000     -4.040382999673057E-004
   76.00000     -3.575434322683792E-004
   77.00000     -3.140660742616510E-004
   78.00000     -2.735282292078924E-004
   79.00000     -2.358518063811899E-004
   80.00000     -2.009587118592248E-004
   81.00000     -1.687709675366952E-004
   82.00000     -1.392108699132301E-004
   83.00000     -1.122012063617613E-004
   84.00000     -8.766555691615166E-005
   85.00000     -6.552872771654555E-005
   86.00000     -4.571739561096562E-005
   87.00000     -2.816110882666073E-005
   88.00000     -1.279392723744199E-005
