  0.0000000E+00 -1.806588533510542E-002
   1.000000     -1.759608851474349E-002
   2.000000     -1.713404938961226E-002
   3.000000     -1.667971762464081E-002
   4.000000     -1.623304259962707E-002
   5.000000     -1.579397340626457E-002
   6.000000     -1.536245884514739E-002
   7.000000     -1.493844742274213E-002
   8.000000     -1.452188734833252E-002
   9.000000     -1.411272653093500E-002
   10.00000     -1.371091257618816E-002
   11.00000     -1.331639278321404E-002
   12.00000     -1.292911414144998E-002
   13.00000     -1.254902332745825E-002
   14.00000     -1.217606670170674E-002
   15.00000     -1.181019030532453E-002
   16.00000     -1.145133985683553E-002
   17.00000     -1.109946074886338E-002
   18.00000     -1.075449804481963E-002
   19.00000     -1.041639647556362E-002
   20.00000     -1.008510043604673E-002
   21.00000     -9.760553981932797E-003
   22.00000     -9.442700826199623E-003
   23.00000     -9.131484335727170E-003
   24.00000     -8.826847527864059E-003
   25.00000     -8.528733066982992E-003
   26.00000     -8.237083261020029E-003
   27.00000     -7.951840058006126E-003
   28.00000     -7.672945042584096E-003
   29.00000     -7.400339432521891E-003
   30.00000     -7.133964075216515E-003
   31.00000     -6.873759444197573E-003
   32.00000     -6.619665635626464E-003
   33.00000     -6.371622364798539E-003
   34.00000     -6.129568962648311E-003
   35.00000     -5.893444372262519E-003
   36.00000     -5.663187145399320E-003
   37.00000     -5.438735439024913E-003
   38.00000     -5.220027011862477E-003
   39.00000     -5.006999220963382E-003
   40.00000     -4.799589018300249E-003
   41.00000     -4.597732947388257E-003
   42.00000     -4.401367139938855E-003
   43.00000     -4.210427312548405E-003
   44.00000     -4.024848763430006E-003
   45.00000     -3.844566369189783E-003
   46.00000     -3.669514581656812E-003
   47.00000     -3.499627424768000E-003
   48.00000     -3.334838491519427E-003
   49.00000     -3.175080940985732E-003
   50.00000     -3.020287495416940E-003
   51.00000     -2.870390437418067E-003
   52.00000     -2.725321607223779E-003
   53.00000     -2.585012400068549E-003
   54.00000     -2.449393763668690E-003
   55.00000     -2.318396195820849E-003
   56.00000     -2.191949742127373E-003
   57.00000     -2.069983993861305E-003
   58.00000     -1.952428085978892E-003
   59.00000     -1.839210695295388E-003
   60.00000     -1.730260038832032E-003
   61.00000     -1.625503872354295E-003
   62.00000     -1.524869489110742E-003
   63.00000     -1.428283718792801E-003
   64.00000     -1.335672926730196E-003
   65.00000     -1.246963013345312E-003
   66.00000     -1.162079413883311E-003
   67.00000     -1.080947098446806E-003
   68.00000     -1.003490572358290E-003
   69.00000     -9.296338768824962E-004
   70.00000     -8.593005903431826E-004
   71.00000     -7.924138296722906E-004
   72.00000     -7.288962524405841E-004
   73.00000     -6.686700594212491E-004
   74.00000     -6.116569977518653E-004
   75.00000     -5.577783647732606E-004
   76.00000     -5.069550126376955E-004
   77.00000     -4.591073538049223E-004
   78.00000     -4.141553675699388E-004
   79.00000     -3.720186078089947E-004
   80.00000     -3.326162121797774E-004
   81.00000     -2.958669130862843E-004
   82.00000     -2.616890508184217E-004
   83.00000     -2.300005894176459E-004
   84.00000     -2.007191360234568E-004
   85.00000     -1.737619647511501E-004
   86.00000     -1.490460465918202E-004
   87.00000     -1.264880874968736E-004
   88.00000     -1.060045778550438E-004
   89.00000     -8.751185825123365E-005
   90.00000     -7.092620918433037E-005
   91.00000     -5.616397722648781E-005
   92.00000     -4.314175877120417E-005
   93.00000     -3.177667900469970E-005
   94.00000     -2.198683727013538E-005
   95.00000     -1.369206416404487E-005
   96.00000     -6.815318869968737E-006
   97.00000     -1.285582448590961E-006
