  0.0000000E+00 -7.352227004778716E-002
   1.000000     -7.281767301643606E-002
   2.000000     -7.211729114553335E-002
   3.000000     -7.142110871982855E-002
   4.000000     -7.072911807699453E-002
   5.000000     -7.004130951708858E-002
   6.000000     -6.935767332057305E-002
   7.000000     -6.867819974824080E-002
   8.000000     -6.800287904114345E-002
   9.000000     -6.733170142048081E-002
   10.00000     -6.666465708777984E-002
   11.00000     -6.600173622507179E-002
   12.00000     -6.534292898347335E-002
   13.00000     -6.468822553489509E-002
   14.00000     -6.403761614257897E-002
   15.00000     -6.339108970086084E-002
   16.00000     -6.274863822100959E-002
   17.00000     -6.211026495229344E-002
   18.00000     -6.147589548124988E-002
   19.00000     -6.084555759911704E-002
   20.00000     -6.021981007786555E-002
   21.00000     -5.959701383769653E-002
   22.00000     -5.897675389413462E-002
   23.00000     -5.837101270074727E-002
   24.00000     -5.776015115337130E-002
   25.00000     -5.712310412535192E-002
   26.00000     -5.658544096793452E-002
   27.00000     -5.601609822250341E-002
   28.00000     -5.526075124012682E-002
   29.00000     -5.477578532883680E-002
   30.00000     -5.432181969992482E-002
   31.00000     -5.344969337011920E-002
   32.00000     -5.255416939534224E-002
   33.00000     -5.243908671293352E-002
   34.00000     -5.159965757400651E-002
   35.00000     -5.066106645371739E-002
   36.00000     -4.971941386828623E-002
   37.00000     -4.960747598397163E-002
   38.00000     -4.876972402474213E-002
   39.00000     -4.782422177731085E-002
   40.00000     -4.688119581656290E-002
   41.00000     -4.625583158675179E-002
   42.00000     -4.594185951811830E-002
   43.00000     -4.500874145436214E-002
   44.00000     -4.408226673025546E-002
   45.00000     -4.316364520258045E-002
   46.00000     -4.238519569414256E-002
   47.00000     -4.225349071893504E-002
   48.00000     -4.135333027299710E-002
   49.00000     -4.046319528343559E-002
   50.00000     -3.958384330879199E-002
   51.00000     -3.871578457865799E-002
   52.00000     -3.796759437487464E-002
   53.00000     -3.785930375434744E-002
   54.00000     -3.701512638579404E-002
   55.00000     -3.618323411780754E-002
   56.00000     -3.536396612529325E-002
   57.00000     -3.455752755425149E-002
   58.00000     -3.376407994844668E-002
   59.00000     -3.298397905168782E-002
   60.00000     -3.296187173587106E-002
   61.00000     -3.221657927255515E-002
   62.00000     -3.146268797729627E-002
   63.00000     -3.072207120528869E-002
   64.00000     -2.999473184839447E-002
   65.00000     -2.928064846827451E-002
   66.00000     -2.857977898217120E-002
   67.00000     -2.789206387625663E-002
   68.00000     -2.732050796687450E-002
   69.00000     -2.721739318886033E-002
   70.00000     -2.655575521380272E-002
   71.00000     -2.590697578701543E-002
   72.00000     -2.527095645994115E-002
   73.00000     -2.464757066289953E-002
   74.00000     -2.403668219803133E-002
   75.00000     -2.343814679702824E-002
   76.00000     -2.285181322502077E-002
   77.00000     -2.227752426649350E-002
   78.00000     -2.171511775581715E-002
   79.00000     -2.116443063468103E-002
   80.00000     -2.098778757469217E-002
   81.00000     -2.062527382949142E-002
   82.00000     -2.009749963121339E-002
   83.00000     -1.958091932856365E-002
   84.00000     -1.907535624299601E-002
   85.00000     -1.858063133720022E-002
   86.00000     -1.809656451425517E-002
   87.00000     -1.762297510872257E-002
   88.00000     -1.715968227245035E-002
   89.00000     -1.670650531258918E-002
   90.00000     -1.626326399419392E-002
   91.00000     -1.582977881274482E-002
   92.00000     -1.540587124097842E-002
   93.00000     -1.499136395746937E-002
   94.00000     -1.458608108704273E-002
   95.00000     -1.418984878570703E-002
   96.00000     -1.390302886648051E-002
   97.00000     -1.380248639186104E-002
   98.00000     -1.342384037520372E-002
   99.00000     -1.305372857214468E-002
   100.0000     -1.269198720766527E-002
   101.0000     -1.233845185122714E-002
   102.0000     -1.199296018093214E-002
   103.0000     -1.165535216345029E-002
   104.0000     -1.132547013062643E-002
   105.0000     -1.100315883224271E-002
   106.0000     -1.068826547646917E-002
   107.0000     -1.038063976113081E-002
   108.0000     -1.008013389718953E-002
   109.0000     -9.786602625321925E-003
   110.0000     -9.499903226305582E-003
   111.0000     -9.219895525805981E-003
   112.0000     -8.946441894100599E-003
   113.0000     -8.679407241227767E-003
   114.0000     -8.418659008008429E-003
   115.0000     -8.164067153348574E-003
   116.0000     -7.915504138210010E-003
   117.0000     -7.672844906608974E-003
   118.0000     -7.435966864004107E-003
   119.0000     -7.204749853457973E-003
   120.0000     -6.979076130110818E-003
   121.0000     -6.758830335055411E-003
   122.0000     -6.543899472228735E-003
   123.0000     -6.334172908338755E-003
   124.0000     -6.129542658852209E-003
   125.0000     -5.998827562954614E-003
   126.0000     -5.929898181726927E-003
   127.0000     -5.735144192927430E-003
   128.0000     -5.545172868854686E-003
   129.0000     -5.359885800424273E-003
   130.0000     -5.179185602062431E-003
   131.0000     -5.002976893302699E-003
   132.0000     -4.831166317506724E-003
   133.0000     -4.663662514797728E-003
   134.0000     -4.500376087524878E-003
   135.0000     -4.341219563855317E-003
   136.0000     -4.186107360812009E-003
   137.0000     -4.034955747199614E-003
   138.0000     -3.887682806599996E-003
   139.0000     -3.744208400550667E-003
   140.0000     -3.604454131973566E-003
   141.0000     -3.468343308912217E-003
   142.0000     -3.335800908622753E-003
   143.0000     -3.206753542057000E-003
   144.0000     -3.081129418774372E-003
   145.0000     -2.958858312310781E-003
   146.0000     -2.839871526033836E-003
   147.0000     -2.724101859508384E-003
   148.0000     -2.611483575393156E-003
   149.0000     -2.501952366890771E-003
   150.0000     -2.395445325767900E-003
   151.0000     -2.291900910960952E-003
   152.0000     -2.191258917785906E-003
   153.0000     -2.093460447763131E-003
   154.0000     -1.998447879072735E-003
   155.0000     -1.906164837653002E-003
   156.0000     -1.816556168953460E-003
   157.0000     -1.729567910358205E-003
   158.0000     -1.645147264288367E-003
   159.0000     -1.563242572002347E-003
   160.0000     -1.483803288104714E-003
   161.0000     -1.406779955782513E-003
   162.0000     -1.332124182785194E-003
   163.0000     -1.259788618171465E-003
   164.0000     -1.189726929843027E-003
   165.0000     -1.121893782895798E-003
   166.0000     -1.056244818817262E-003
   167.0000     -9.927366355706019E-004
   168.0000     -9.313267686048512E-004
   169.0000     -8.719736728472025E-004
   170.0000     -8.146367057357258E-004
   171.0000     -7.592761113664318E-004
   172.0000     -7.058530058429420E-004
   173.0000     -6.543293639318297E-004
   174.0000     -6.046680071509596E-004
   175.0000     -5.568325934429613E-004
   176.0000     -5.107876086182174E-004
   177.0000     -4.664983597947413E-004
   178.0000     -4.239309711100103E-004
   179.0000     -3.830523820482368E-004
   180.0000     -3.438303488057708E-004
   181.0000     -3.062334492270686E-004
   182.0000     -2.702310919778405E-004
   183.0000     -2.357935308066180E-004
   184.0000     -2.028918849843840E-004
   185.0000     -1.714981673356749E-004
   186.0000     -1.415853217143737E-004
   187.0000     -1.131272723856252E-004
   188.0000     -8.609898862919008E-005
   189.0000     -6.047656910041282E-005
   190.0000     -3.623735226839441E-005
   191.0000     -1.336006191024572E-005
