  0.0000000E+00 -7.634448001365987E-002
   1.000000     -7.563325963355563E-002
   2.000000     -7.492623783362547E-002
   3.000000     -7.422340490712387E-002
   4.000000     -7.352475112765347E-002
   5.000000     -7.283026674909054E-002
   6.000000     -7.213994200551070E-002
   7.000000     -7.145376711111776E-002
   8.000000     -7.077173226016138E-002
   9.000000     -7.009382762686994E-002
   10.00000     -6.942004336574721E-002
   11.00000     -6.875036960875341E-002
   12.00000     -6.808479646694959E-002
   13.00000     -6.742331411188690E-002
   14.00000     -6.676591234926484E-002
   15.00000     -6.611258067740115E-002
   16.00000     -6.546331629678427E-002
   17.00000     -6.481809434979324E-002
   18.00000     -6.417685948185897E-002
   19.00000     -6.353991177721940E-002
   20.00000     -6.290689559606637E-002
   21.00000     -6.227613142127354E-002
   22.00000     -6.165422161820389E-002
   23.00000     -6.103844088204181E-002
   24.00000     -6.039986453051859E-002
   25.00000     -5.980737871628866E-002
   26.00000     -5.926155490794513E-002
   27.00000     -5.854661024755571E-002
   28.00000     -5.792283271031047E-002
   29.00000     -5.757707906772614E-002
   30.00000     -5.673811563785280E-002
   31.00000     -5.582824542579229E-002
   32.00000     -5.559569003278853E-002
   33.00000     -5.486962872261123E-002
   34.00000     -5.391632430591248E-002
   35.00000     -5.295625556577112E-002
   36.00000     -5.280015667368199E-002
   37.00000     -5.198656036731122E-002
   38.00000     -5.101922240616152E-002
   39.00000     -5.005293758283118E-002
   40.00000     -4.948818511967346E-002
   41.00000     -4.908909899726945E-002
   42.00000     -4.813049732395365E-002
   43.00000     -4.717773033452288E-002
   44.00000     -4.623212788018655E-002
   45.00000     -4.565538600847253E-002
   46.00000     -4.529449488604433E-002
   47.00000     -4.436613388419036E-002
   48.00000     -4.344752539916730E-002
   49.00000     -4.253938339412074E-002
   50.00000     -4.164230196509512E-002
   51.00000     -4.127491122312276E-002
   52.00000     -4.075665694203694E-002
   53.00000     -3.988304045456772E-002
   54.00000     -3.902171049959368E-002
   55.00000     -3.817297350074698E-002
   56.00000     -3.733707510342846E-002
   57.00000     -3.651423139278969E-002
   58.00000     -3.630635937197817E-002
   59.00000     -3.570451092279167E-002
   60.00000     -3.490813983603119E-002
   61.00000     -3.412514891074055E-002
   62.00000     -3.335559179247791E-002
   63.00000     -3.259949127448811E-002
   64.00000     -3.185684479628997E-002
   65.00000     -3.112762940003947E-002
   66.00000     -3.070163566279287E-002
   67.00000     -3.041177458365389E-002
   68.00000     -2.970926074790228E-002
   69.00000     -2.901997734583979E-002
   70.00000     -2.834383404843220E-002
   71.00000     -2.768072280290314E-002
   72.00000     -2.703052363366333E-002
   73.00000     -2.639310626397036E-002
   74.00000     -2.576833142621617E-002
   75.00000     -2.515605220507340E-002
   76.00000     -2.455612028837150E-002
   77.00000     -2.440605149452457E-002
   78.00000     -2.396835013843302E-002
   79.00000     -2.339260937026784E-002
   80.00000     -2.282871348835594E-002
   81.00000     -2.227649037378953E-002
   82.00000     -2.173576409148812E-002
   83.00000     -2.120635622280445E-002
   84.00000     -2.068808648515521E-002
   85.00000     -2.018077323969332E-002
   86.00000     -1.968423394218924E-002
   87.00000     -1.919828555083348E-002
   88.00000     -1.872274490026608E-002
   89.00000     -1.825742906405746E-002
   90.00000     -1.780215587549646E-002
   91.00000     -1.735902130724989E-002
   92.00000     -1.735648654770016E-002
   93.00000     -1.692100620707229E-002
   94.00000     -1.649477343774631E-002
   95.00000     -1.607786236294724E-002
   96.00000     -1.567009680317570E-002
   97.00000     -1.527130206094706E-002
   98.00000     -1.488130527403283E-002
   99.00000     -1.449993556636879E-002
   100.0000     -1.412702416065454E-002
   101.0000     -1.376240447202904E-002
   102.0000     -1.340591218760301E-002
   103.0000     -1.305738533389781E-002
   104.0000     -1.271666433349762E-002
   105.0000     -1.238359205194654E-002
   106.0000     -1.205801383578153E-002
   107.0000     -1.173977754251546E-002
   108.0000     -1.142873356332402E-002
   109.0000     -1.112473483919309E-002
   110.0000     -1.082763687136774E-002
   111.0000     -1.053729772742550E-002
   112.0000     -1.025357804638474E-002
   113.0000     -9.976341059121305E-003
   114.0000     -9.705452797694615E-003
   115.0000     -9.492479951649535E-003
   116.0000     -9.440775640948786E-003
   117.0000     -9.182194138692236E-003
   118.0000     -8.929570267345296E-003
   119.0000     -8.682782615988975E-003
   120.0000     -8.441709520442806E-003
   121.0000     -8.206231637995359E-003
   122.0000     -7.976232001519160E-003
   123.0000     -7.751596002920410E-003
   124.0000     -7.532211365069284E-003
   125.0000     -7.317968110068244E-003
   126.0000     -7.108758525688722E-003
   127.0000     -6.904477130606066E-003
   128.0000     -6.705020638744084E-003
   129.0000     -6.510287922931076E-003
   130.0000     -6.320179978013468E-003
   131.0000     -6.134599883556914E-003
   132.0000     -5.953452766244221E-003
   133.0000     -5.776645762066161E-003
   134.0000     -5.604087978394429E-003
   135.0000     -5.435690456014858E-003
   136.0000     -5.271366131192640E-003
   137.0000     -5.111029797832560E-003
   138.0000     -4.954598069795670E-003
   139.0000     -4.801989343420509E-003
   140.0000     -4.653123760299218E-003
   141.0000     -4.507923170350559E-003
   142.0000     -4.366311095223160E-003
   143.0000     -4.228212692071355E-003
   144.0000     -4.093554717723122E-003
   145.0000     -3.962265493274731E-003
   146.0000     -3.834274869130987E-003
   147.0000     -3.709514190512119E-003
   148.0000     -3.587916263444733E-003
   149.0000     -3.469415321252159E-003
   150.0000     -3.353946991557497E-003
   151.0000     -3.241448263806619E-003
   152.0000     -3.131857457325130E-003
   153.0000     -3.025114189911086E-003
   154.0000     -2.921159346971084E-003
   155.0000     -2.819935051204307E-003
   156.0000     -2.721384632835193E-003
   157.0000     -2.625452600395556E-003
   158.0000     -2.532084612059662E-003
   159.0000     -2.441227447527339E-003
   160.0000     -2.352828980454759E-003
   161.0000     -2.266838151431581E-003
   162.0000     -2.183204941499225E-003
   163.0000     -2.101880346207132E-003
   164.0000     -2.022816350201041E-003
   165.0000     -1.945965902341232E-003
   166.0000     -1.871282891339932E-003
   167.0000     -1.798722121918016E-003
   168.0000     -1.728239291468136E-003
   169.0000     -1.659790967222602E-003
   170.0000     -1.593334563915860E-003
   171.0000     -1.528828321936205E-003
   172.0000     -1.466231285957034E-003
   173.0000     -1.405503284043203E-003
   174.0000     -1.346604907222369E-003
   175.0000     -1.289497489514866E-003
   176.0000     -1.234143088416709E-003
   177.0000     -1.180504465827344E-003
   178.0000     -1.128545069421354E-003
   179.0000     -1.078229014463648E-003
   180.0000     -1.029521066080957E-003
   181.0000     -9.823866220296529E-004
   182.0000     -9.367916960784202E-004
   183.0000     -8.927029023819311E-004
   184.0000     -8.500874422689697E-004
   185.0000     -8.089131007889457E-004
   186.0000     -7.691483232399910E-004
   187.0000     -7.332119613947915E-004
   188.0000     -7.307537834075886E-004
   189.0000     -6.937213738498016E-004
   190.0000     -6.579998599879484E-004
   191.0000     -6.235660483708510E-004
   192.0000     -5.903908872365247E-004
   193.0000     -5.584457088243653E-004
   194.0000     -5.277022832212400E-004
   195.0000     -4.981328156129334E-004
   196.0000     -4.697099363218594E-004
   197.0000     -4.424066894268133E-004
   198.0000     -4.161965211464973E-004
   199.0000     -3.910532683127561E-004
   200.0000     -3.669511470370398E-004
   201.0000     -3.438647416080900E-004
   202.0000     -3.217689936347229E-004
   203.0000     -3.006391914369224E-004
   204.0000     -2.804509596858619E-004
   205.0000     -2.611802492911024E-004
   206.0000     -2.428033275336970E-004
   207.0000     -2.252967684427057E-004
   208.0000     -2.086374434153158E-004
   209.0000     -1.928025120796263E-004
   210.0000     -1.777694134017943E-004
   211.0000     -1.635158570406367E-004
   212.0000     -1.500198149541090E-004
   213.0000     -1.372595132657849E-004
   214.0000     -1.252134244021957E-004
   215.0000     -1.138602595163242E-004
   216.0000     -1.031789612185210E-004
   217.0000     -9.314869664328785E-005
   218.0000     -8.374885089045078E-005
   219.0000     -7.495902089275428E-005
   220.0000     -6.675900977985110E-005
   221.0000     -5.912882183427223E-005
   222.0000     -5.204865816964980E-005
   223.0000     -4.549891331238772E-005
   224.0000     -3.946017293998107E-005
   225.0000     -3.391321313733930E-005
   226.0000     -2.883900169387711E-005
   227.0000     -2.421870221593855E-005
   228.0000     -2.003368222724630E-005
   229.0000     -1.626552708600539E-005
   230.0000     -1.289606266336830E-005
   231.0000     -9.907391715883719E-006
   232.0000     -7.281952612203698E-006
   233.0000     -5.002616529463388E-006
   234.0000     -3.052855389641907E-006
   235.0000     -1.417051686669541E-006
   236.0000     -8.112942684108404E-008
