  0.0000000E+00 -7.650527808109941E-002
   1.000000     -7.579368022712052E-002
   2.000000     -7.508628403742200E-002
   3.000000     -7.438307412776844E-002
   4.000000     -7.368404266100691E-002
   5.000000     -7.298917988856249E-002
   6.000000     -7.229847604205211E-002
   7.000000     -7.161192133321050E-002
   8.000000     -7.092950595380922E-002
   9.000000     -7.025122007559363E-002
   10.00000     -6.957705385056719E-002
   11.00000     -6.890699740802844E-002
   12.00000     -6.824104085757655E-002
   13.00000     -6.757917436794672E-002
   14.00000     -6.692138771636497E-002
   15.00000     -6.626767051364464E-002
   16.00000     -6.561802000639029E-002
   17.00000     -6.497240937808332E-002
   18.00000     -6.433078893623512E-002
   19.00000     -6.369346476937576E-002
   20.00000     -6.306000957792042E-002
   21.00000     -6.242887445898603E-002
   22.00000     -6.180689280381720E-002
   23.00000     -6.119002078271938E-002
   24.00000     -6.055067362467650E-002
   25.00000     -5.996186216879407E-002
   26.00000     -5.941070040347334E-002
   27.00000     -5.869029735523590E-002
   28.00000     -5.808759021565179E-002
   29.00000     -5.772196803476345E-002
   30.00000     -5.687486189458839E-002
   31.00000     -5.596591957205301E-002
   32.00000     -5.577117642576541E-002
   33.00000     -5.500291566074753E-002
   34.00000     -5.404811480064401E-002
   35.00000     -5.308806048187221E-002
   36.00000     -5.298038675832235E-002
   37.00000     -5.211579208746091E-002
   38.00000     -5.114722737604457E-002
   39.00000     -5.017978259173778E-002
   40.00000     -4.967207468920580E-002
   41.00000     -4.921480107063176E-002
   42.00000     -4.825504427151649E-002
   43.00000     -4.730116974782778E-002
   44.00000     -4.635448619698831E-002
   45.00000     -4.584147884542145E-002
   46.00000     -4.541578883673877E-002
   47.00000     -4.448636132510875E-002
   48.00000     -4.356671404083166E-002
   49.00000     -4.265754894139565E-002
   50.00000     -4.175946697990781E-002
   51.00000     -4.146313057281505E-002
   52.00000     -4.087281983173257E-002
   53.00000     -3.999821808493020E-002
   54.00000     -3.913591796233493E-002
   55.00000     -3.828622332035007E-002
   56.00000     -3.744937953143476E-002
   57.00000     -3.662561984250527E-002
   58.00000     -3.649666912641793E-002
   59.00000     -3.581495890577076E-002
   60.00000     -3.501767501866770E-002
   61.00000     -3.423378282917193E-002
   62.00000     -3.346333502111690E-002
   63.00000     -3.270635409620885E-002
   64.00000     -3.196283732671363E-002
   65.00000     -3.123276288616065E-002
   66.00000     -3.089406266395143E-002
   67.00000     -3.051605745210982E-002
   68.00000     -2.981269988557348E-002
   69.00000     -2.912258383217887E-002
   70.00000     -2.844561697789915E-002
   71.00000     -2.778169100331159E-002
   72.00000     -2.713068574043318E-002
   73.00000     -2.649247073894705E-002
   74.00000     -2.586690657869151E-002
   75.00000     -2.525384630596977E-002
   76.00000     -2.465315758607355E-002
   77.00000     -2.460057819685203E-002
   78.00000     -2.406460569653324E-002
   79.00000     -2.348810663740831E-002
   80.00000     -2.292346032207471E-002
   81.00000     -2.237049415858782E-002
   82.00000     -2.182903203491605E-002
   83.00000     -2.129889538275905E-002
   84.00000     -2.077990377740885E-002
   85.00000     -2.027187544197460E-002
   86.00000     -1.977462769752437E-002
   87.00000     -1.928797737126838E-002
   88.00000     -1.881174117331019E-002
   89.00000     -1.834573607533448E-002
   90.00000     -1.788978004201610E-002
   91.00000     -1.755544888839181E-002
   92.00000     -1.744368245133707E-002
   93.00000     -1.700728166371510E-002
   94.00000     -1.658038314190809E-002
   95.00000     -1.616281209721663E-002
   96.00000     -1.575439210999548E-002
   97.00000     -1.535494835014897E-002
   98.00000     -1.496430783704886E-002
   99.00000     -1.458229958064369E-002
   100.0000     -1.420875469205591E-002
   101.0000     -1.384350647666590E-002
   102.0000     -1.348639051341511E-002
   103.0000     -1.313724472213169E-002
   104.0000     -1.279590942011837E-002
   105.0000     -1.246222736900234E-002
   106.0000     -1.213604381274445E-002
   107.0000     -1.181720650761223E-002
   108.0000     -1.150556574489786E-002
   109.0000     -1.120097436718086E-002
   110.0000     -1.090328777915289E-002
   111.0000     -1.061236395495124E-002
   112.0000     -1.032806344869300E-002
   113.0000     -1.005024945207707E-002
   114.0000     -9.778789003701327E-003
   115.0000     -9.691310953030580E-003
   116.0000     -9.513543324148180E-003
   117.0000     -9.254392767096616E-003
   118.0000     -9.001205718172346E-003
   119.0000     -8.753858267399446E-003
   120.0000     -8.512228590498994E-003
   121.0000     -8.276197244773256E-003
   122.0000     -8.045647172959337E-003
   123.0000     -7.820463679985332E-003
   124.0000     -7.600534403378399E-003
   125.0000     -7.385749281060859E-003
   126.0000     -7.176000517606668E-003
   127.0000     -6.971182549388063E-003
   128.0000     -6.771192008876471E-003
   129.0000     -6.575927688262865E-003
   130.0000     -6.385290502549525E-003
   131.0000     -6.199183452230065E-003
   132.0000     -6.017511585670080E-003
   133.0000     -5.840181961281657E-003
   134.0000     -5.667103609580630E-003
   135.0000     -5.498187495204442E-003
   136.0000     -5.333346478964374E-003
   137.0000     -5.172495279990265E-003
   138.0000     -5.015550438034386E-003
   139.0000     -4.862430275978285E-003
   140.0000     -4.713054862597787E-003
   141.0000     -4.567345975619481E-003
   142.0000     -4.425227065115060E-003
   143.0000     -4.286623217260715E-003
   144.0000     -4.151461118495150E-003
   145.0000     -4.019669020100224E-003
   146.0000     -3.891176703229033E-003
   147.0000     -3.765915444400544E-003
   148.0000     -3.643817981478026E-003
   149.0000     -3.524818480147560E-003
   150.0000     -3.408852500907722E-003
   151.0000     -3.295856966581895E-003
   152.0000     -3.185770130361064E-003
   153.0000     -3.078531544385366E-003
   154.0000     -2.974082028867636E-003
   155.0000     -2.872363641765505E-003
   156.0000     -2.773319648999154E-003
   157.0000     -2.676894495224820E-003
   158.0000     -2.583033775153815E-003
   159.0000     -2.491684205423976E-003
   160.0000     -2.402793597017738E-003
   161.0000     -2.316310828226228E-003
   162.0000     -2.232185818153803E-003
   163.0000     -2.150369500761393E-003
   164.0000     -2.070813799441219E-003
   165.0000     -1.993471602121055E-003
   166.0000     -1.918296736888557E-003
   167.0000     -1.845243948133317E-003
   168.0000     -1.774268873197586E-003
   169.0000     -1.705328019529265E-003
   170.0000     -1.638378742333442E-003
   171.0000     -1.573379222710955E-003
   172.0000     -1.510288446282409E-003
   173.0000     -1.449066182289409E-003
   174.0000     -1.389672963170336E-003
   175.0000     -1.332070064613684E-003
   176.0000     -1.276219486099238E-003
   177.0000     -1.222083931969177E-003
   178.0000     -1.169626793147241E-003
   179.0000     -1.118812129885547E-003
   180.0000     -1.069604656972922E-003
   181.0000     -1.021969738812717E-003
   182.0000     -9.758734653647729E-004
   183.0000     -9.342334417460026E-004
   184.0000     -9.312744291812623E-004
   185.0000     -8.881616389260917E-004
   186.0000     -8.464823450066336E-004
   187.0000     -8.062110185713769E-004
   188.0000     -7.673165502898322E-004
   189.0000     -7.297682705221091E-004
   190.0000     -6.935360017455525E-004
   191.0000     -6.585900545035956E-004
   192.0000     -6.249012161631837E-004
   193.0000     -5.924407382751696E-004
   194.0000     -5.611803237217195E-004
   195.0000     -5.310921139722547E-004
   196.0000     -5.021486765531734E-004
   197.0000     -4.743229927656835E-004
   198.0000     -4.475884456640894E-004
   199.0000     -4.219188082958632E-004
   200.0000     -3.972882322007711E-004
   201.0000     -3.736712361643964E-004
   202.0000     -3.510426952209449E-004
   203.0000     -3.293778298991790E-004
   204.0000     -3.086521957050700E-004
   205.0000     -2.888416728354007E-004
   206.0000     -2.699224561162790E-004
   207.0000     -2.518710451597427E-004
   208.0000     -2.346642347331820E-004
   209.0000     -2.182791053352140E-004
   210.0000     -2.026930139720962E-004
   211.0000     -1.878835851292539E-004
   212.0000     -1.738287019318622E-004
   213.0000     -1.605064974890406E-004
   214.0000     -1.478953464163416E-004
   215.0000     -1.359738565309175E-004
   216.0000     -1.247208607143238E-004
   217.0000     -1.141154089374594E-004
   218.0000     -1.041367604429532E-004
   219.0000     -9.476437607974000E-005
   220.0000     -8.597791078511429E-005
   221.0000     -7.775720620937867E-005
   222.0000     -7.008228347854116E-005
   223.0000     -6.293333609039509E-005
   224.0000     -5.629072293985456E-005
   225.0000     -5.013496146885887E-005
   226.0000     -4.444672093728218E-005
   227.0000     -3.920681581051512E-005
   228.0000     -3.439619926052675E-005
   229.0000     -2.999595677685558E-005
   230.0000     -2.598729988507373E-005
   231.0000     -2.235155997038487E-005
   232.0000     -1.907018220553101E-005
   233.0000     -1.612471958322953E-005
   234.0000     -1.349682705588998E-005
   235.0000     -1.116825578881539E-005
   236.0000     -9.120847538829948E-006
   237.0000     -7.336529180146855E-006
   238.0000     -5.797307415991493E-006
   239.0000     -4.485263745045342E-006
   240.0000     -3.382549809830275E-006
   241.0000     -2.471383369629429E-006
   242.0000     -1.734045388335097E-006
   243.0000     -1.152879301282342E-006
   244.0000     -7.102950009062414E-007
   245.0000     -3.887844438442802E-007
   246.0000     -1.709715616427588E-007
   247.0000     -3.979915281600866E-008
