  0.0000000E+00 -7.397354086287873E-002
   1.000000     -7.326788216688457E-002
   2.000000     -7.256643255429553E-002
   3.000000     -7.186918235641784E-002
   4.000000     -7.117612188507148E-002
   5.000000     -7.048724143251366E-002
   6.000000     -6.980253127136790E-002
   7.000000     -6.912198165455034E-002
   8.000000     -6.844558281519723E-002
   9.000000     -6.777332496655214E-002
   10.00000     -6.710519830219952E-002
   11.00000     -6.644119299580929E-002
   12.00000     -6.578129919024446E-002
   13.00000     -6.512550706078252E-002
   14.00000     -6.447380681621050E-002
   15.00000     -6.382618727919015E-002
   16.00000     -6.318264156948680E-002
   17.00000     -6.254317014528596E-002
   18.00000     -6.190769227584572E-002
   19.00000     -6.127628715320586E-002
   20.00000     -6.064944025882686E-002
   21.00000     -6.002525099968399E-002
   22.00000     -5.940447279013195E-002
   23.00000     -5.879831031615604E-002
   24.00000     -5.818222387172765E-002
   25.00000     -5.754764880945747E-002
   26.00000     -5.702005560067164E-002
   27.00000     -5.642406258177571E-002
   28.00000     -5.566238824212925E-002
   29.00000     -5.524884447892150E-002
   30.00000     -5.471181519618763E-002
   31.00000     -5.382954580150340E-002
   32.00000     -5.298874345671314E-002
   33.00000     -5.288184699641143E-002
   34.00000     -5.197060701647089E-002
   35.00000     -5.102815681522278E-002
   36.00000     -5.012828914957836E-002
   37.00000     -5.007282708888825E-002
   38.00000     -4.912979543512257E-002
   39.00000     -4.818092718270681E-002
   40.00000     -4.723468962708014E-002
   41.00000     -4.677300576237828E-002
   42.00000     -4.629220390528437E-002
   43.00000     -4.535588019290458E-002
   44.00000     -4.442633429822568E-002
   45.00000     -4.350470473546197E-002
   46.00000     -4.290844381387384E-002
   47.00000     -4.259169636654508E-002
   48.00000     -4.168848450020529E-002
   49.00000     -4.079546334504526E-002
   50.00000     -3.991326812055401E-002
   51.00000     -3.904240967054676E-002
   52.00000     -3.849684061218690E-002
   53.00000     -3.818322698369299E-002
   54.00000     -3.733624735906416E-002
   55.00000     -3.650165649719569E-002
   56.00000     -3.567972475837580E-002
   57.00000     -3.487065556034806E-002
   58.00000     -3.407461102644953E-002
   59.00000     -3.349736004406689E-002
   60.00000     -3.329166519164133E-002
   61.00000     -3.252200300973641E-002
   62.00000     -3.176560207193799E-002
   63.00000     -3.102250536433834E-002
   64.00000     -3.029271434303479E-002
   65.00000     -2.957620686677212E-002
   66.00000     -2.887294039124563E-002
   67.00000     -2.818285729583974E-002
   68.00000     -2.786160547532811E-002
   69.00000     -2.750585471080283E-002
   70.00000     -2.684188033915724E-002
   71.00000     -2.619080488738262E-002
   72.00000     -2.555251405843182E-002
   73.00000     -2.492688046522167E-002
   74.00000     -2.431376737331789E-002
   75.00000     -2.371303003076169E-002
   76.00000     -2.312451675010740E-002
   77.00000     -2.254806992594559E-002
   78.00000     -2.198352747481502E-002
   79.00000     -2.153486198763861E-002
   80.00000     -2.143070587592063E-002
   81.00000     -2.088947259738888E-002
   82.00000     -2.035962198672317E-002
   83.00000     -1.984098576038577E-002
   84.00000     -1.933338607018802E-002
   85.00000     -1.883664340273693E-002
   86.00000     -1.835057725264228E-002
   87.00000     -1.787500656475972E-002
   88.00000     -1.740975011105643E-002
   89.00000     -1.695462682627179E-002
   90.00000     -1.650945611001842E-002
   91.00000     -1.607405810021276E-002
   92.00000     -1.564825392446978E-002
   93.00000     -1.523186595155068E-002
   94.00000     -1.482471823528647E-002
   95.00000     -1.445609844078493E-002
   96.00000     -1.442661698289969E-002
   97.00000     -1.403744101085531E-002
   98.00000     -1.365697104506854E-002
   99.00000     -1.328505236675406E-002
   100.0000     -1.292151813024688E-002
   101.0000     -1.256620345411449E-002
   102.0000     -1.221894567266726E-002
   103.0000     -1.187958442971448E-002
   104.0000     -1.154796174227753E-002
   105.0000     -1.122392205017386E-002
   106.0000     -1.090731225539712E-002
   107.0000     -1.059798175291523E-002
   108.0000     -1.029578245388980E-002
   109.0000     -1.000056880208379E-002
   110.0000     -9.712197784106320E-003
   111.0000     -9.430528934086843E-003
   112.0000     -9.155424333295914E-003
   113.0000     -8.886748605203360E-003
   114.0000     -8.624368906425650E-003
   115.0000     -8.368154913979131E-003
   116.0000     -8.117978809249270E-003
   117.0000     -7.873715259106406E-003
   118.0000     -7.635241394695694E-003
   119.0000     -7.402436788873371E-003
   120.0000     -7.175183435113769E-003
   121.0000     -6.953365741810040E-003
   122.0000     -6.736870685270787E-003
   123.0000     -6.557953813026364E-003
   124.0000     -6.525580869692644E-003
   125.0000     -6.319403481542772E-003
   126.0000     -6.118218528585308E-003
   127.0000     -5.921925456469937E-003
   128.0000     -5.730422394784399E-003
   129.0000     -5.543609518120339E-003
   130.0000     -5.361389094956683E-003
   131.0000     -5.183665464502600E-003
   132.0000     -5.010345003098416E-003
   133.0000     -4.841336088037499E-003
   134.0000     -4.676549060532438E-003
   135.0000     -4.515896188378806E-003
   136.0000     -4.359291628540465E-003
   137.0000     -4.206651389786971E-003
   138.0000     -4.057893295470588E-003
   139.0000     -3.912936946506826E-003
   140.0000     -3.771703684612917E-003
   141.0000     -3.634116555855198E-003
   142.0000     -3.500100274542176E-003
   143.0000     -3.369581187502655E-003
   144.0000     -3.242487238779999E-003
   145.0000     -3.118747934771970E-003
   146.0000     -2.998294309840801E-003
   147.0000     -2.881058892419069E-003
   148.0000     -2.766975671626892E-003
   149.0000     -2.655980064423454E-003
   150.0000     -2.548008883305029E-003
   151.0000     -2.443000304566369E-003
   152.0000     -2.340893837136219E-003
   153.0000     -2.241630291999387E-003
   154.0000     -2.145151752214063E-003
   155.0000     -2.051401543536331E-003
   156.0000     -1.960324205656628E-003
   157.0000     -1.871865464059915E-003
   158.0000     -1.785972202513191E-003
   159.0000     -1.702592436191905E-003
   160.0000     -1.621675285449618E-003
   161.0000     -1.543170950241326E-003
   162.0000     -1.467030685206935E-003
   163.0000     -1.393206775425735E-003
   164.0000     -1.321652512853888E-003
   165.0000     -1.252322173453844E-003
   166.0000     -1.185170995033773E-003
   167.0000     -1.120155155811777E-003
   168.0000     -1.057231753726051E-003
   169.0000     -9.963587865134849E-004
   170.0000     -9.374951325865652E-004
   171.0000     -8.806005327407570E-004
   172.0000     -8.256355727333539E-004
   173.0000     -7.725616667820396E-004
   174.0000     -7.213410420403333E-004
   175.0000     -6.719367241197531E-004
   176.0000     -6.243125237420094E-004
   177.0000     -5.784330246222724E-004
   178.0000     -5.342635727061944E-004
   179.0000     -4.917702669086444E-004
   180.0000     -4.509199515368091E-004
   181.0000     -4.116802106205381E-004
   182.0000     -3.740193644246523E-004
   183.0000     -3.379064684853983E-004
   184.0000     -3.033113155981936E-004
   185.0000     -2.702044412932469E-004
   186.0000     -2.385571334813676E-004
   187.0000     -2.083414471437141E-004
   188.0000     -1.795302251945077E-004
   189.0000     -1.520971269936106E-004
   190.0000     -1.260166664657362E-004
   191.0000     -1.012642624500048E-004
   192.0000     -7.781630485776132E-005
   193.0000     -5.565024159668282E-005
   194.0000     -3.474469326894119E-005
   195.0000     -1.507960576592844E-005
