  0.0000000E+00 -7.565249597010583E-002
   1.000000     -7.494289420791872E-002
   2.000000     -7.423749405387360E-002
   3.000000     -7.353628581190405E-002
   4.000000     -7.283925976633167E-002
   5.000000     -7.214640618179577E-002
   6.000000     -7.145771530317695E-002
   7.000000     -7.077317735552538E-002
   8.000000     -7.009278254398099E-002
   9.000000     -6.941652105368978E-002
   10.00000     -6.874438305012556E-002
   11.00000     -6.807635867697430E-002
   12.00000     -6.741243805253795E-002
   13.00000     -6.675261135583183E-002
   14.00000     -6.609686851936605E-002
   15.00000     -6.544519864945970E-002
   16.00000     -6.479759831894452E-002
   17.00000     -6.415405116555177E-002
   18.00000     -6.351448310643514E-002
   19.00000     -6.287915067401108E-002
   20.00000     -6.224799955980943E-002
   21.00000     -6.161896021134250E-002
   22.00000     -6.099727970424577E-002
   23.00000     -6.038561991623170E-002
   24.00000     -5.975180755800614E-002
   25.00000     -5.914361559708847E-002
   26.00000     -5.861565838544383E-002
   27.00000     -5.792877786838091E-002
   28.00000     -5.722656782426064E-002
   29.00000     -5.693767258417869E-002
   30.00000     -5.614897022473119E-002
   31.00000     -5.524247949137433E-002
   32.00000     -5.483329841556465E-002
   33.00000     -5.429546604983134E-002
   34.00000     -5.334894520030350E-002
   35.00000     -5.239298464683757E-002
   36.00000     -5.202013451690616E-002
   37.00000     -5.143016777219583E-002
   38.00000     -5.046816706495673E-002
   39.00000     -4.950691773534345E-002
   40.00000     -4.869679972282049E-002
   41.00000     -4.854769461860119E-002
   42.00000     -4.759433867587536E-002
   43.00000     -4.664634535676952E-002
   44.00000     -4.570541230610995E-002
   45.00000     -4.485452558341609E-002
   46.00000     -4.477209824706510E-002
   47.00000     -4.384857954484566E-002
   48.00000     -4.293444586323472E-002
   49.00000     -4.203071021128935E-002
   50.00000     -4.113795938834362E-002
   51.00000     -4.046466920076529E-002
   52.00000     -4.025658189551960E-002
   53.00000     -3.938723178781244E-002
   54.00000     -3.853007979871247E-002
   55.00000     -3.768546642916494E-002
   56.00000     -3.685363931539337E-002
   57.00000     -3.603479995709472E-002
   58.00000     -3.548706068577653E-002
   59.00000     -3.522905984994680E-002
   60.00000     -3.443662680207223E-002
   61.00000     -3.365751684397768E-002
   62.00000     -3.289179494842348E-002
   63.00000     -3.213948538622609E-002
   64.00000     -3.140058649080429E-002
   65.00000     -3.067507428871860E-002
   66.00000     -2.996292847153442E-002
   67.00000     -2.987322656132075E-002
   68.00000     -2.926399615148439E-002
   69.00000     -2.857829875873727E-002
   70.00000     -2.790570181496582E-002
   71.00000     -2.724609889159808E-002
   72.00000     -2.659937089087235E-002
   73.00000     -2.596538830241828E-002
   74.00000     -2.534401255597099E-002
   75.00000     -2.473509722193147E-002
   76.00000     -2.413848943606375E-002
   77.00000     -2.356867290693647E-002
   78.00000     -2.355393779544797E-002
   79.00000     -2.298154463762929E-002
   80.00000     -2.242088089672401E-002
   81.00000     -2.187185791110885E-002
   82.00000     -2.133430074167009E-002
   83.00000     -2.080803164481361E-002
   84.00000     -2.029287095875103E-002
   85.00000     -1.978863764375108E-002
   86.00000     -1.929514973989797E-002
   87.00000     -1.881222477572067E-002
   88.00000     -1.833968013782926E-002
   89.00000     -1.787733340939081E-002
   90.00000     -1.742500269611695E-002
   91.00000     -1.698250707064451E-002
   92.00000     -1.654967893169760E-002
   93.00000     -1.651209642153165E-002
   94.00000     -1.612629663562042E-002
   95.00000     -1.571222917758404E-002
   96.00000     -1.530728316135359E-002
   97.00000     -1.491128471523266E-002
   98.00000     -1.452406152144574E-002
   99.00000     -1.414544320513030E-002
   100.0000     -1.377526147483100E-002
   101.0000     -1.341335022233882E-002
   102.0000     -1.305954560416236E-002
   103.0000     -1.271368610976008E-002
   104.0000     -1.237561261860713E-002
   105.0000     -1.204516844734847E-002
   106.0000     -1.172219938800954E-002
   107.0000     -1.140655373809261E-002
   108.0000     -1.109808232330320E-002
   109.0000     -1.079663851358670E-002
   110.0000     -1.050207823312072E-002
   111.0000     -1.021425996490442E-002
   112.0000     -9.933044750662486E-003
   113.0000     -9.658296187174578E-003
   114.0000     -9.389880421801222E-003
   115.0000     -9.127666159586920E-003
   116.0000     -8.871524796416425E-003
   117.0000     -8.636544252733563E-003
   118.0000     -8.621315947084204E-003
   119.0000     -8.376954662285042E-003
   120.0000     -8.138282942589132E-003
   121.0000     -7.905193012733121E-003
   122.0000     -7.677568442858738E-003
   123.0000     -7.455295030300613E-003
   124.0000     -7.238260878624631E-003
   125.0000     -7.026356381340266E-003
   126.0000     -6.819474192148059E-003
   127.0000     -6.617509191448961E-003
   128.0000     -6.420358451226509E-003
   129.0000     -6.227921198977680E-003
   130.0000     -6.040098781000686E-003
   131.0000     -5.856794625221920E-003
   132.0000     -5.677914203695512E-003
   133.0000     -5.503364994887425E-003
   134.0000     -5.333056445830749E-003
   135.0000     -5.166899934241942E-003
   136.0000     -5.004808730662561E-003
   137.0000     -4.846697960698223E-003
   138.0000     -4.692484567411327E-003
   139.0000     -4.542087273918415E-003
   140.0000     -4.395426546242882E-003
   141.0000     -4.252424556462772E-003
   142.0000     -4.113005146195252E-003
   143.0000     -3.977093790444614E-003
   144.0000     -3.844617561853223E-003
   145.0000     -3.715505095373870E-003
   146.0000     -3.589686553391249E-003
   147.0000     -3.467093591310742E-003
   148.0000     -3.347659323634812E-003
   149.0000     -3.231318290538489E-003
   150.0000     -3.118006424959857E-003
   151.0000     -3.007661020215437E-003
   152.0000     -2.900220698147582E-003
   153.0000     -2.795625377815637E-003
   154.0000     -2.693816244729887E-003
   155.0000     -2.594735720638317E-003
   156.0000     -2.498327433865757E-003
   157.0000     -2.404536190207477E-003
   158.0000     -2.313307944378162E-003
   159.0000     -2.224589772016116E-003
   160.0000     -2.138329842240076E-003
   161.0000     -2.054477390757691E-003
   162.0000     -1.972982693522611E-003
   163.0000     -1.893797040935638E-003
   164.0000     -1.816872712587973E-003
   165.0000     -1.742162952539922E-003
   166.0000     -1.669621945131589E-003
   167.0000     -1.599204791320095E-003
   168.0000     -1.530867485537317E-003
   169.0000     -1.464566893062923E-003
   170.0000     -1.400260727906791E-003
   171.0000     -1.337907531194627E-003
   172.0000     -1.277466650051243E-003
   173.0000     -1.218898216974807E-003
   174.0000     -1.162163129696583E-003
   175.0000     -1.107223031520647E-003
   176.0000     -1.054040292137323E-003
   177.0000     -1.002577988905767E-003
   178.0000     -9.527998885997152E-004
   179.0000     -9.046704296134572E-004
   180.0000     -8.581547046219147E-004
   181.0000     -8.132184436933440E-004
   182.0000     -7.698279978509558E-004
   183.0000     -7.279503230817000E-004
   184.0000     -6.875529647915514E-004
   185.0000     -6.486040427083347E-004
   186.0000     -6.110722362330509E-004
   187.0000     -5.749267702437700E-004
   188.0000     -5.401374013581692E-004
   189.0000     -5.066744046619629E-004
   190.0000     -4.745085609157441E-004
   191.0000     -4.436111442525888E-004
   192.0000     -4.139539103881743E-004
   193.0000     -3.855090853648112E-004
   194.0000     -3.582493548618477E-004
   195.0000     -3.321478541095478E-004
   196.0000     -3.071781584553069E-004
   197.0000     -2.833142746417554E-004
   198.0000     -2.605306328728673E-004
   199.0000     -2.388020797624737E-004
   200.0000     -2.181038722848745E-004
   201.0000     -1.984116728792309E-004
   202.0000     -1.797015459005229E-004
   203.0000     -1.619499556647640E-004
   204.0000     -1.451337664087207E-004
   205.0000     -1.292302445823472E-004
   206.0000     -1.142170640248697E-004
   207.0000     -1.000723147608177E-004
   208.0000     -8.677451641111338E-005
   209.0000     -7.430263758534672E-005
   210.0000     -6.263612316367097E-005
   211.0000     -5.175493218307725E-005
   212.0000     -4.163959027900203E-005
   213.0000     -3.227126257390050E-005
   214.0000     -2.363185606108396E-005
   215.0000     -1.570416585722321E-005
   216.0000     -8.472089098847181E-006
   217.0000     -1.920947773301184E-006
