  0.0000000E+00 -7.536724451559143E-002
   1.000000     -7.465831108687494E-002
   2.000000     -7.395358052341165E-002
   3.000000     -7.325304313363735E-002
   4.000000     -7.255668920639631E-002
   5.000000     -7.186450901086720E-002
   6.000000     -7.117649279648962E-002
   7.000000     -7.049263079289250E-002
   8.000000     -6.981291320981335E-002
   9.000000     -6.913733023700896E-002
   10.00000     -6.846587204457528E-002
   11.00000     -6.779852878115200E-002
   12.00000     -6.713529056850437E-002
   13.00000     -6.647614758679637E-002
   14.00000     -6.582108982074882E-002
   15.00000     -6.517010626157324E-002
   16.00000     -6.452319304848013E-002
   17.00000     -6.388033720327048E-002
   18.00000     -6.324145969830768E-002
   19.00000     -6.260679215968473E-002
   20.00000     -6.197639599672124E-002
   21.00000     -6.134812324182975E-002
   22.00000     -6.072652911921828E-002
   23.00000     -6.011626600534455E-002
   24.00000     -5.948499411839110E-002
   25.00000     -5.887077724686440E-002
   26.00000     -5.834738627500717E-002
   27.00000     -5.767401598413403E-002
   28.00000     -5.694829587277230E-002
   29.00000     -5.666417548383213E-002
   30.00000     -5.590572359217875E-002
   31.00000     -5.500217688115330E-002
   32.00000     -5.451774095371011E-002
   33.00000     -5.405840861980616E-002
   34.00000     -5.311494605001281E-002
   35.00000     -5.216114195286413E-002
   36.00000     -5.169804197219684E-002
   37.00000     -5.120067260411806E-002
   38.00000     -5.024091673236428E-002
   39.00000     -4.928175682663052E-002
   40.00000     -4.837168611871297E-002
   41.00000     -4.832318244227254E-002
   42.00000     -4.737323651259972E-002
   43.00000     -4.642721503653387E-002
   44.00000     -4.548821194375030E-002
   45.00000     -4.455816652151835E-002
   46.00000     -4.452277711736193E-002
   47.00000     -4.363515416067752E-002
   48.00000     -4.272286754775283E-002
   49.00000     -4.182094990965823E-002
   50.00000     -4.092998930418629E-002
   51.00000     -4.013062943836450E-002
   52.00000     -4.005028264249988E-002
   53.00000     -3.918277743043109E-002
   54.00000     -3.832734922744397E-002
   55.00000     -3.748443688991080E-002
   56.00000     -3.665428929979220E-002
   57.00000     -3.583710784289951E-002
   58.00000     -3.514922159996020E-002
   59.00000     -3.503298082490675E-002
   60.00000     -3.424219424078092E-002
   61.00000     -3.346468535860488E-002
   62.00000     -3.270054548154048E-002
   63.00000     -3.194979967029751E-002
   64.00000     -3.121244668486767E-002
   65.00000     -3.048846270078969E-002
   66.00000     -2.977780918801169E-002
   67.00000     -2.953165027314624E-002
   68.00000     -2.908039031725762E-002
   69.00000     -2.839617291384183E-002
   70.00000     -2.772503894255797E-002
   71.00000     -2.706688327411763E-002
   72.00000     -2.642158721320242E-002
   73.00000     -2.578902157551123E-002
   74.00000     -2.516904809029464E-002
   75.00000     -2.456152058968250E-002
   76.00000     -2.396628623764059E-002
   77.00000     -2.338319088513193E-002
   78.00000     -2.322322995810609E-002
   79.00000     -2.281204763744041E-002
   80.00000     -2.225271784541090E-002
   81.00000     -2.170501522311263E-002
   82.00000     -2.116876561408737E-002
   83.00000     -2.064379158280022E-002
   84.00000     -2.012991373000640E-002
   85.00000     -1.962695126581505E-002
   86.00000     -1.913472247331102E-002
   87.00000     -1.865304511857551E-002
   88.00000     -1.818173682014504E-002
   89.00000     -1.772061538497005E-002
   90.00000     -1.726949912141401E-002
   91.00000     -1.682820717528008E-002
   92.00000     -1.639656056150686E-002
   93.00000     -1.616297544682736E-002
   94.00000     -1.597437263581082E-002
   95.00000     -1.556147988594274E-002
   96.00000     -1.515769775511150E-002
   97.00000     -1.476285358841855E-002
   98.00000     -1.437677534200170E-002
   99.00000     -1.399929285750395E-002
   100.0000     -1.363023804760756E-002
   101.0000     -1.326944500302516E-002
   102.0000     -1.291675007577843E-002
   103.0000     -1.257199194805401E-002
   104.0000     -1.223501168954170E-002
   105.0000     -1.190565280474069E-002
   106.0000     -1.158376127126814E-002
   107.0000     -1.126918557002891E-002
   108.0000     -1.096177670799508E-002
   109.0000     -1.066138823427214E-002
   110.0000     -1.036787625008816E-002
   111.0000     -1.008109941329450E-002
   112.0000     -9.800918937987804E-003
   113.0000     -9.527198589942797E-003
   114.0000     -9.259804678984976E-003
   115.0000     -8.998606051278848E-003
   116.0000     -8.743474095594079E-003
   117.0000     -8.494282904090735E-003
   118.0000     -8.283571026483794E-003
   119.0000     -8.250901455111981E-003
   120.0000     -8.013226979618902E-003
   121.0000     -7.781124512812116E-003
   122.0000     -7.554482061596843E-003
   123.0000     -7.333185691025666E-003
   124.0000     -7.117123680922648E-003
   125.0000     -6.906186585555286E-003
   126.0000     -6.700267214396587E-003
   127.0000     -6.499260601104361E-003
   128.0000     -6.303063969185779E-003
   129.0000     -6.111576696245486E-003
   130.0000     -5.924700277425197E-003
   131.0000     -5.742338288324447E-003
   132.0000     -5.564396347565834E-003
   133.0000     -5.390782079129929E-003
   134.0000     -5.221405074560501E-003
   135.0000     -5.056176855121659E-003
   136.0000     -4.895010833983790E-003
   137.0000     -4.737822278503325E-003
   138.0000     -4.584528272656315E-003
   139.0000     -4.435047679679260E-003
   140.0000     -4.289301104962744E-003
   141.0000     -4.147210859243715E-003
   142.0000     -4.008700922131514E-003
   143.0000     -3.873696906004288E-003
   144.0000     -3.742126020303183E-003
   145.0000     -3.613917036254032E-003
   146.0000     -3.489000252036739E-003
   147.0000     -3.367307458426901E-003
   148.0000     -3.248771904921869E-003
   149.0000     -3.133328266373901E-003
   150.0000     -3.020912610135772E-003
   151.0000     -2.911462363736229E-003
   152.0000     -2.804916283089947E-003
   153.0000     -2.701214421253235E-003
   154.0000     -2.600298097726266E-003
   155.0000     -2.502109868312624E-003
   156.0000     -2.406593495533235E-003
   157.0000     -2.313693919600982E-003
   158.0000     -2.223357229953697E-003
   159.0000     -2.135530637348786E-003
   160.0000     -2.050162446514615E-003
   161.0000     -1.967202029361611E-003
   162.0000     -1.886599798746906E-003
   163.0000     -1.808307182791432E-003
   164.0000     -1.732276599746972E-003
   165.0000     -1.658461433407614E-003
   166.0000     -1.586816009063208E-003
   167.0000     -1.517295569990369E-003
   168.0000     -1.449856254475814E-003
   169.0000     -1.384455073368338E-003
   170.0000     -1.321049888155941E-003
   171.0000     -1.259599389561586E-003
   172.0000     -1.200063076655361E-003
   173.0000     -1.142401236478952E-003
   174.0000     -1.086574924177501E-003
   175.0000     -1.032545943638271E-003
   176.0000     -9.802768286309997E-004
   177.0000     -9.297308244510581E-004
   178.0000     -8.808718700619434E-004
   179.0000     -8.336645807394847E-004
   180.0000     -7.880742312183600E-004
   181.0000     -7.440667393439480E-004
   182.0000     -7.016086502349388E-004
   183.0000     -6.606671209632607E-004
   184.0000     -6.212099057612211E-004
   185.0000     -5.832053417685746E-004
   186.0000     -5.466223353357216E-004
   187.0000     -5.114303489037950E-004
   188.0000     -4.775993884885025E-004
   189.0000     -4.450999917996605E-004
   190.0000     -4.139032170374222E-004
   191.0000     -3.839806324161530E-004
   192.0000     -3.553043064782191E-004
   193.0000     -3.278467992755025E-004
   194.0000     -3.015811545157369E-004
   195.0000     -2.764808927942189E-004
   196.0000     -2.525200060621186E-004
   197.0000     -2.296729535219845E-004
   198.0000     -2.079146591915969E-004
   199.0000     -1.872205114440552E-004
   200.0000     -1.675663649201501E-004
   201.0000     -1.489285453272933E-004
   202.0000     -1.312838577992700E-004
   203.0000     -1.146095997120443E-004
   204.0000     -9.888357915960890E-005
   205.0000     -8.408414073178091E-005
   206.0000     -7.019020087258463E-005
   207.0000     -5.718129603895153E-005
   208.0000     -4.503764830744634E-005
   209.0000     -3.374025530338010E-005
   210.0000     -2.327101490695326E-005
   211.0000     -1.361290116672807E-005
   212.0000     -4.750218257679200E-006
