  0.0000000E+00 -7.640495045446294E-002
   1.000000     -7.569358691519847E-002
   2.000000     -7.498642547737046E-002
   3.000000     -7.428345075668313E-002
   4.000000     -7.358465491802868E-002
   5.000000     -7.289002821436003E-002
   6.000000     -7.219956087882572E-002
   7.000000     -7.151324312469975E-002
   8.000000     -7.083106514529643E-002
   9.000000     -7.015301711390884E-002
   10.00000     -6.947908918409758E-002
   11.00000     -6.880927148681967E-002
   12.00000     -6.814355413257654E-002
   13.00000     -6.748192729191145E-002
   14.00000     -6.682438075974187E-002
   15.00000     -6.617090407580323E-002
   16.00000     -6.552149446269692E-002
   17.00000     -6.487612632319564E-002
   18.00000     -6.423474637670006E-002
   19.00000     -6.359765716615273E-002
   20.00000     -6.296447609589326E-002
   21.00000     -6.233357104471347E-002
   22.00000     -6.171163547407254E-002
   23.00000     -6.109544971470661E-002
   24.00000     -6.045656719543368E-002
   25.00000     -5.986546812898091E-002
   26.00000     -5.931768298502540E-002
   27.00000     -5.860063525196674E-002
   28.00000     -5.798470262562119E-002
   29.00000     -5.763169342571089E-002
   30.00000     -5.678954699323820E-002
   31.00000     -5.587988967315619E-002
   32.00000     -5.566182049525250E-002
   33.00000     -5.491975813679911E-002
   34.00000     -5.396588828462594E-002
   35.00000     -5.300571052008701E-002
   36.00000     -5.286805201874936E-002
   37.00000     -5.203516225878870E-002
   38.00000     -5.106736250966549E-002
   39.00000     -5.010064084245638E-002
   40.00000     -4.955734175482353E-002
   41.00000     -4.913637392760238E-002
   42.00000     -4.817733683523018E-002
   43.00000     -4.722415326921493E-002
   44.00000     -4.627814400422831E-002
   45.00000     -4.572537125068947E-002
   46.00000     -4.534011147423159E-002
   47.00000     -4.441134882590284E-002
   48.00000     -4.349234964372569E-002
   49.00000     -4.258382285154279E-002
   50.00000     -4.168636467377610E-002
   51.00000     -4.134569755598580E-002
   52.00000     -4.080034332440393E-002
   53.00000     -3.992635619962508E-002
   54.00000     -3.906466137063577E-002
   55.00000     -3.821556421083700E-002
   56.00000     -3.737931025373607E-002
   57.00000     -3.655612011634112E-002
   58.00000     -3.637793269057789E-002
   59.00000     -3.574604792883765E-002
   60.00000     -3.494933351709142E-002
   61.00000     -3.416600363426159E-002
   62.00000     -3.339611153679705E-002
   63.00000     -3.263967990661368E-002
   64.00000     -3.189670611789987E-002
   65.00000     -3.116716755315655E-002
   66.00000     -3.077400362537583E-002
   67.00000     -3.045099306777111E-002
   68.00000     -2.974816177254288E-002
   69.00000     -2.905856521448625E-002
   70.00000     -2.838211218399734E-002
   71.00000     -2.771869452545809E-002
   72.00000     -2.706819219055768E-002
   73.00000     -2.643047483707410E-002
   74.00000     -2.580540313943509E-002
   75.00000     -2.519283016195109E-002
   76.00000     -2.459261023966957E-002
   77.00000     -2.447921213509791E-002
   78.00000     -2.400454949230301E-002
   79.00000     -2.342852351014535E-002
   80.00000     -2.286434539088072E-002
   81.00000     -2.231184281698868E-002
   82.00000     -2.177083978571499E-002
   83.00000     -2.124115782192881E-002
   84.00000     -2.072261604680685E-002
   85.00000     -2.021503439769453E-002
   86.00000     -1.971822865150069E-002
   87.00000     -1.923201625979169E-002
   88.00000     -1.875621401012858E-002
   89.00000     -1.829063893644385E-002
   90.00000     -1.783510889955410E-002
   91.00000     -1.743274608582573E-002
   92.00000     -1.738942590352190E-002
   93.00000     -1.695345201127802E-002
   94.00000     -1.652696883318918E-002
   95.00000     -1.610980953394271E-002
   96.00000     -1.570179783431834E-002
   97.00000     -1.530275898612994E-002
   98.00000     -1.491252008243752E-002
   99.00000     -1.453091020423456E-002
   100.0000     -1.415776053221180E-002
   101.0000     -1.379290444019093E-002
   102.0000     -1.343617757456588E-002
   103.0000     -1.308741792169684E-002
   104.0000     -1.274646586453720E-002
   105.0000     -1.241316422951190E-002
   106.0000     -1.208735832454077E-002
   107.0000     -1.176889596901776E-002
   108.0000     -1.145762751650510E-002
   109.0000     -1.115340587091799E-002
   110.0000     -1.085608649709090E-002
   111.0000     -1.056552742723936E-002
   112.0000     -1.028158926764401E-002
   113.0000     -1.000413522871792E-002
   114.0000     -9.733031492644338E-003
   115.0000     -9.567255378887696E-003
   116.0000     -9.468141572646180E-003
   117.0000     -9.209345191499879E-003
   118.0000     -8.956509460016998E-003
   119.0000     -8.709511227570778E-003
   120.0000     -8.468228760812456E-003
   121.0000     -8.232542678332816E-003
   122.0000     -8.002335978818796E-003
   123.0000     -7.777494021335853E-003
   124.0000     -7.557904496570046E-003
   125.0000     -7.343456944966509E-003
   126.0000     -7.134044972707357E-003
   127.0000     -6.929561717672245E-003
   128.0000     -6.729904313003968E-003
   129.0000     -6.534971601131604E-003
   130.0000     -6.344664546796564E-003
   131.0000     -6.158886199749099E-003
   132.0000     -5.977541657137747E-003
   133.0000     -5.800538025693121E-003
   134.0000     -5.627784383796782E-003
   135.0000     -5.459191743506729E-003
   136.0000     -5.294673012618690E-003
   137.0000     -5.134142956819830E-003
   138.0000     -4.977518162000746E-003
   139.0000     -4.824716996770975E-003
   140.0000     -4.675659575230582E-003
   141.0000     -4.530267720036949E-003
   142.0000     -4.388464925805026E-003
   143.0000     -4.250176322875432E-003
   144.0000     -4.115328641480032E-003
   145.0000     -3.983850176329880E-003
   146.0000     -3.855670751651108E-003
   147.0000     -3.730721686687043E-003
   148.0000     -3.608935761683880E-003
   149.0000     -3.490247184376874E-003
   150.0000     -3.374591556986768E-003
   151.0000     -3.261905843740635E-003
   152.0000     -3.152128338920377E-003
   153.0000     -3.045198635453551E-003
   154.0000     -2.941057594042285E-003
   155.0000     -2.839647312843725E-003
   156.0000     -2.740911097695877E-003
   157.0000     -2.644793432896456E-003
   158.0000     -2.551239952531289E-003
   159.0000     -2.460197412351829E-003
   160.0000     -2.371613662202062E-003
   161.0000     -2.285437618988754E-003
   162.0000     -2.201619240193944E-003
   163.0000     -2.120109497926283E-003
   164.0000     -2.040860353503220E-003
   165.0000     -1.963824732562449E-003
   166.0000     -1.888956500694592E-003
   167.0000     -1.816210439591699E-003
   168.0000     -1.745542223705854E-003
   169.0000     -1.676908397409668E-003
   170.0000     -1.610266352652283E-003
   171.0000     -1.545574307104939E-003
   172.0000     -1.482791282786061E-003
   173.0000     -1.421877085161879E-003
   174.0000     -1.362792282713338E-003
   175.0000     -1.305498186964142E-003
   176.0000     -1.249956832965698E-003
   177.0000     -1.196130960236675E-003
   178.0000     -1.143983994165017E-003
   179.0000     -1.093480027896558E-003
   180.0000     -1.044583804785899E-003
   181.0000     -9.972607016391344E-004
   182.0000     -9.514767135433725E-004
   183.0000     -9.071984438151190E-004
   184.0000     -8.643931235439582E-004
   185.0000     -8.230292416012001E-004
   186.0000     -8.088039756287779E-004
   187.0000     -7.830711943098463E-004
   188.0000     -7.444933585537674E-004
   189.0000     -7.072622430465796E-004
   190.0000     -6.713479720838791E-004
   191.0000     -6.367209268403213E-004
   192.0000     -6.033519399939110E-004
   193.0000     -5.712123025515107E-004
   194.0000     -5.402737550446775E-004
   195.0000     -5.105084759909197E-004
   196.0000     -4.818890698168168E-004
   197.0000     -4.543885547841196E-004
   198.0000     -4.279803510839454E-004
   199.0000     -4.026382691545050E-004
   200.0000     -3.783364982428312E-004
   201.0000     -3.550495952156207E-004
   202.0000     -3.327524736183260E-004
   203.0000     -3.114203929804090E-004
   204.0000     -2.910289483619052E-004
   205.0000     -2.715540601373390E-004
   206.0000     -2.529719640118669E-004
   207.0000     -2.352592012657566E-004
   208.0000     -2.183926092222606E-004
   209.0000     -2.023493119358827E-004
   210.0000     -1.871067110971359E-004
   211.0000     -1.726424771509761E-004
   212.0000     -1.589345406274809E-004
   213.0000     -1.459610836834357E-004
   214.0000     -1.337005318546856E-004
   215.0000     -1.221315460215175E-004
   216.0000     -1.112330145900249E-004
   217.0000     -1.009840458956196E-004
   218.0000     -9.136396083768208E-005
   219.0000     -8.235228575846519E-005
   220.0000     -7.392874558485919E-005
   221.0000     -6.607325725910026E-005
   222.0000     -5.876592349418028E-005
   223.0000     -5.198702690390157E-005
   224.0000     -4.571702457676048E-005
   225.0000     -3.993654319040482E-005
   226.0000     -3.462637480358798E-005
   227.0000     -2.976747352138279E-005
   228.0000     -2.534095331887055E-005
   229.0000     -2.132808744588994E-005
   230.0000     -1.771031005417268E-005
   231.0000     -1.446922104523998E-005
   232.0000     -1.158659574331987E-005
   233.0000     -9.044402067329549E-006
   234.0000     -6.824829861781695E-006
   235.0000     -4.910340959534606E-006
   236.0000     -3.283756857385368E-006
   237.0000     -1.928420299422511E-006
   238.0000     -8.285186853161399E-007
