  0.0000000E+00 -7.481917834354804E-002
   1.000000     -7.411153083005137E-002
   2.000000     -7.340808861190991E-002
   3.000000     -7.270884200637903E-002
   4.000000     -7.201378131116051E-002
   5.000000     -7.132289680432981E-002
   6.000000     -7.063617874426234E-002
   7.000000     -6.995361736956078E-002
   8.000000     -6.927520289897592E-002
   9.000000     -6.860092553130946E-002
   10.00000     -6.793077544571194E-002
   11.00000     -6.726474280051230E-002
   12.00000     -6.660281772494590E-002
   13.00000     -6.594499039891547E-002
   14.00000     -6.529125090322896E-002
   15.00000     -6.464158808645973E-002
   16.00000     -6.399599703738326E-002
   17.00000     -6.335447079795081E-002
   18.00000     -6.271692539078130E-002
   19.00000     -6.208353660911416E-002
   20.00000     -6.145456452039840E-002
   21.00000     -6.082784085347707E-002
   22.00000     -6.020646077312022E-002
   23.00000     -5.959834801698066E-002
   24.00000     -5.897264693609557E-002
   25.00000     -5.834834599580351E-002
   26.00000     -5.782857472355705E-002
   27.00000     -5.718380943882582E-002
   28.00000     -5.643026472836809E-002
   29.00000     -5.612070214366312E-002
   30.00000     -5.543751283385347E-002
   31.00000     -5.454097768635623E-002
   32.00000     -5.391132621371941E-002
   33.00000     -5.360175574497752E-002
   34.00000     -5.266515683667417E-002
   35.00000     -5.171570239134120E-002
   36.00000     -5.107895808243281E-002
   37.00000     -5.075940054131809E-002
   38.00000     -4.980413579180111E-002
   39.00000     -4.884900683923629E-002
   40.00000     -4.789706648996384E-002
   41.00000     -4.774143145241862E-002
   42.00000     -4.694828008858426E-002
   43.00000     -4.600605598478257E-002
   44.00000     -4.507076681564703E-002
   45.00000     -4.414355538406008E-002
   46.00000     -4.388861909526505E-002
   47.00000     -4.322496080151534E-002
   48.00000     -4.231622879851515E-002
   49.00000     -4.141780683006507E-002
   50.00000     -4.053029002397112E-002
   51.00000     -3.965423185992444E-002
   52.00000     -3.948818151446951E-002
   53.00000     -3.878983307685963E-002
   54.00000     -3.793772011677716E-002
   55.00000     -3.709807802636964E-002
   56.00000     -3.627115932573674E-002
   57.00000     -3.545716551459024E-002
   58.00000     -3.465627998349289E-002
   59.00000     -3.449977199456134E-002
   60.00000     -3.386851631329306E-002
   61.00000     -3.309408623879662E-002
   62.00000     -3.233298773878569E-002
   63.00000     -3.158524813736693E-002
   64.00000     -3.085086710291823E-002
   65.00000     -3.012982135651065E-002
   66.00000     -2.942206835834527E-002
   67.00000     -2.887514109446397E-002
   68.00000     -2.872751788163774E-002
   69.00000     -2.804615453843102E-002
   70.00000     -2.737783335855876E-002
   71.00000     -2.672246010983049E-002
   72.00000     -2.607991703101224E-002
   73.00000     -2.545007558900799E-002
   74.00000     -2.483279810217180E-002
   75.00000     -2.422793894130885E-002
   76.00000     -2.363534563458182E-002
   77.00000     -2.305486031290662E-002
   78.00000     -2.255951207442904E-002
   79.00000     -2.248629778103152E-002
   80.00000     -2.192954450630958E-002
   81.00000     -2.138438088646518E-002
   82.00000     -2.085064552869955E-002
   83.00000     -2.032816174785788E-002
   84.00000     -1.981675067176924E-002
   85.00000     -1.931623199755433E-002
   86.00000     -1.882642447908931E-002
   87.00000     -1.834714634230766E-002
   88.00000     -1.787821565572991E-002
   89.00000     -1.741945066484297E-002
   90.00000     -1.697067009640812E-002
   91.00000     -1.653169344370634E-002
   92.00000     -1.610234128685483E-002
   93.00000     -1.568243659684102E-002
   94.00000     -1.549195807702523E-002
   95.00000     -1.527179392293893E-002
   96.00000     -1.487025147507100E-002
   97.00000     -1.447762778013139E-002
   98.00000     -1.409375206837526E-002
   99.00000     -1.371845465629056E-002
   100.0000     -1.335156786239166E-002
   101.0000     -1.299292616551691E-002
   102.0000     -1.264236629735534E-002
   103.0000     -1.229972731383940E-002
   104.0000     -1.196485065341635E-002
   105.0000     -1.163758018479301E-002
   106.0000     -1.131776224550150E-002
   107.0000     -1.100524567224551E-002
   108.0000     -1.069988182381490E-002
   109.0000     -1.040152459725564E-002
   110.0000     -1.011003043792618E-002
   111.0000     -9.825258344009269E-003
   112.0000     -9.547069866021194E-003
   113.0000     -9.275329101830106E-003
   114.0000     -9.009902687719593E-003
   115.0000     -8.750659786157119E-003
   116.0000     -8.497472071427658E-003
   117.0000     -8.250213716614285E-003
   118.0000     -8.008761399868562E-003
   119.0000     -7.772994542017783E-003
   120.0000     -7.605190520054629E-003
   121.0000     -7.542789791892022E-003
   122.0000     -7.318041368047885E-003
   123.0000     -7.098627638220054E-003
   124.0000     -6.884438899962882E-003
   125.0000     -6.675366111078444E-003
   126.0000     -6.471302403909708E-003
   127.0000     -6.272143118016656E-003
   128.0000     -6.077785776414521E-003
   129.0000     -5.888130052609855E-003
   130.0000     -5.703077735021643E-003
   131.0000     -5.522532690338820E-003
   132.0000     -5.346400826325115E-003
   133.0000     -5.174590054317693E-003
   134.0000     -5.007010251559276E-003
   135.0000     -4.843573223466854E-003
   136.0000     -4.684192665922517E-003
   137.0000     -4.528784127654859E-003
   138.0000     -4.377264972774852E-003
   139.0000     -4.229554343516837E-003
   140.0000     -4.085573123238947E-003
   141.0000     -3.945243899720100E-003
   142.0000     -3.808490928798575E-003
   143.0000     -3.675240098378866E-003
   144.0000     -3.545418892846640E-003
   145.0000     -3.418956357912150E-003
   146.0000     -3.295783065907323E-003
   147.0000     -3.175831081560913E-003
   148.0000     -3.059033928265480E-003
   149.0000     -2.945326554856182E-003
   150.0000     -2.834645302911006E-003
   151.0000     -2.726927874590001E-003
   152.0000     -2.622113301016465E-003
   153.0000     -2.520141911213708E-003
   154.0000     -2.420955301602384E-003
   155.0000     -2.324496306062517E-003
   156.0000     -2.230708966566969E-003
   157.0000     -2.139538504388058E-003
   158.0000     -2.050931291879450E-003
   159.0000     -1.964834824835982E-003
   160.0000     -1.881197695431794E-003
   161.0000     -1.799969565736671E-003
   162.0000     -1.721101141810960E-003
   163.0000     -1.644544148379790E-003
   164.0000     -1.570251304084110E-003
   165.0000     -1.498176297309645E-003
   166.0000     -1.428273762592728E-003
   167.0000     -1.360499257603325E-003
   168.0000     -1.294809240704785E-003
   169.0000     -1.231161049091821E-003
   170.0000     -1.169512877508341E-003
   171.0000     -1.109823757546302E-003
   172.0000     -1.052053537531862E-003
   173.0000     -9.961628630010041E-004
   174.0000     -9.421131577732629E-004
   175.0000     -8.898666056330182E-004
   176.0000     -8.393861326276253E-004
   177.0000     -7.906353899992628E-004
   178.0000     -7.435787377673750E-004
   179.0000     -6.981812289843347E-004
   180.0000     -6.544085946927287E-004
   181.0000     -6.122272296172641E-004
   182.0000     -5.716041786343907E-004
   183.0000     -5.325071240695300E-004
   184.0000     -4.949043738847784E-004
   185.0000     -4.587648508337975E-004
   186.0000     -4.240580826771918E-004
   187.0000     -3.907541935736601E-004
   188.0000     -3.588238967889572E-004
   189.0000     -3.282384888987025E-004
   190.0000     -2.989698457043609E-004
   191.0000     -2.709904201361874E-004
   192.0000     -2.442732424896937E-004
   193.0000     -2.187919234347242E-004
   194.0000     -1.945206603600399E-004
   195.0000     -1.714342477816999E-004
   196.0000     -1.495080927663575E-004
   197.0000     -1.287182366277740E-004
   198.0000     -1.090413845827554E-004
   199.0000     -9.045494565830054E-005
   200.0000     -7.293708601891740E-005
   201.0000     -5.646680017590433E-005
   202.0000     -4.102400649589224E-005
   203.0000     -2.658967646283643E-005
   204.0000     -1.314601201499355E-005
   205.0000     -6.766933648268284E-007
