  0.0000000E+00 -7.430807666379205E-002
   1.000000     -7.360163050070273E-002
   2.000000     -7.289939191682689E-002
   3.000000     -7.220135123784883E-002
   4.000000     -7.150749876993694E-002
   5.000000     -7.081782479967078E-002
   6.000000     -7.013231959396977E-002
   7.000000     -6.945097340001871E-002
   8.000000     -6.877377644519268E-002
   9.000000     -6.810071893695151E-002
   10.00000     -6.743179106309942E-002
   11.00000     -6.676698299118548E-002
   12.00000     -6.610628485838375E-002
   13.00000     -6.544968684221129E-002
   14.00000     -6.479717910448937E-002
   15.00000     -6.414875045143908E-002
   16.00000     -6.350439481268935E-002
   17.00000     -6.286411003073218E-002
   18.00000     -6.222781262991065E-002
   19.00000     -6.159562061569080E-002
   20.00000     -6.096794345523061E-002
   21.00000     -6.034273578540666E-002
   22.00000     -5.972166838705856E-002
   23.00000     -5.911492604963370E-002
   24.00000     -5.849495802504474E-002
   25.00000     -5.786359156262279E-002
   26.00000     -5.734096017605346E-002
   27.00000     -5.672524986953896E-002
   28.00000     -5.596298719954245E-002
   29.00000     -5.559702583599566E-002
   30.00000     -5.499951714729594E-002
   31.00000     -5.411102285798162E-002
   32.00000     -5.334859021101013E-002
   33.00000     -5.317203891699140E-002
   34.00000     -5.224545651938507E-002
   35.00000     -5.130020065856541E-002
   36.00000     -5.050205928196552E-002
   37.00000     -5.034690985345236E-002
   38.00000     -4.939662648631771E-002
   39.00000     -4.844527510631538E-002
   40.00000     -4.749669254021177E-002
   41.00000     -4.715627522550427E-002
   42.00000     -4.655180897414942E-002
   43.00000     -4.561314193086055E-002
   44.00000     -4.468132218392936E-002
   45.00000     -4.375747060694327E-002
   46.00000     -4.329628429857175E-002
   47.00000     -4.284227328064502E-002
   48.00000     -4.193686824412028E-002
   49.00000     -4.104170941809727E-002
   50.00000     -4.015740793303879E-002
   51.00000     -3.928447926257733E-002
   52.00000     -3.888910138926674E-002
   53.00000     -3.842324919994678E-002
   54.00000     -3.757423412205947E-002
   55.00000     -3.673764415880466E-002
   56.00000     -3.591373884983926E-002
   57.00000     -3.510272066750648E-002
   58.00000     -3.430475385039185E-002
   59.00000     -3.389399352060753E-002
   60.00000     -3.351991293888981E-002
   61.00000     -3.274835924092902E-002
   62.00000     -3.199009918880719E-002
   63.00000     -3.124516508741377E-002
   64.00000     -3.051355760124076E-002
   65.00000     -2.979525410981692E-002
   66.00000     -2.909021185115072E-002
   67.00000     -2.839838263798864E-002
   68.00000     -2.826261683490473E-002
   69.00000     -2.771963360675345E-002
   70.00000     -2.705393822758600E-002
   71.00000     -2.640116185915597E-002
   72.00000     -2.576118816560694E-002
   73.00000     -2.513388927307309E-002
   74.00000     -2.451912806564967E-002
   75.00000     -2.391675943953971E-002
   76.00000     -2.332663138289980E-002
   77.00000     -2.274858605899408E-002
   78.00000     -2.218246271183024E-002
   79.00000     -2.194027822216148E-002
   80.00000     -2.162807878147370E-002
   81.00000     -2.108528631418170E-002
   82.00000     -2.055389806079811E-002
   83.00000     -2.003373896368797E-002
   84.00000     -1.952463070786965E-002
   85.00000     -1.902639345875180E-002
   86.00000     -1.853884641516809E-002
   87.00000     -1.806180823605639E-002
   88.00000     -1.759509741383280E-002
   89.00000     -1.713853260913185E-002
   90.00000     -1.669193295311055E-002
   91.00000     -1.625511832292200E-002
   92.00000     -1.582790960266273E-002
   93.00000     -1.541012899934990E-002
   94.00000     -1.500160207921280E-002
   95.00000     -1.486595222249953E-002
   96.00000     -1.460214311830672E-002
   97.00000     -1.421159391743920E-002
   98.00000     -1.382977549159903E-002
   99.00000     -1.345651910114528E-002
   100.0000     -1.309165749379559E-002
   101.0000     -1.273502552381286E-002
   102.0000     -1.238646028352682E-002
   103.0000     -1.204580118219886E-002
   104.0000     -1.171289000642341E-002
   105.0000     -1.138757096867191E-002
   106.0000     -1.106969074625136E-002
   107.0000     -1.075909851188232E-002
   108.0000     -1.045564595677911E-002
   109.0000     -1.015918730695144E-002
   110.0000     -9.869579333367406E-003
   111.0000     -9.586681356550351E-003
   112.0000     -9.310355246139337E-003
   113.0000     -9.040465415902539E-003
   114.0000     -8.776878814659633E-003
   115.0000     -8.519464913567525E-003
   116.0000     -8.268095690247078E-003
   117.0000     -8.022645610388617E-003
   118.0000     -7.782991608107363E-003
   119.0000     -7.549013069253072E-003
   120.0000     -7.320591841781573E-003
   121.0000     -7.097612630207706E-003
   122.0000     -6.972318026920128E-003
   123.0000     -6.879957451448321E-003
   124.0000     -6.667523269253206E-003
   125.0000     -6.460195959427120E-003
   126.0000     -6.257869794402990E-003
   127.0000     -6.060440475101142E-003
   128.0000     -5.867805827064590E-003
   129.0000     -5.679865812981443E-003
   130.0000     -5.496522505404841E-003
   131.0000     -5.317680052421747E-003
   132.0000     -5.143244641314301E-003
   133.0000     -4.973124461460913E-003
   134.0000     -4.807229666906891E-003
   135.0000     -4.645472338806285E-003
   136.0000     -4.487766447858594E-003
   137.0000     -4.334027816821584E-003
   138.0000     -4.184174083176150E-003
   139.0000     -4.038124661998429E-003
   140.0000     -3.895800709088672E-003
   141.0000     -3.757125084406100E-003
   142.0000     -3.622022315845440E-003
   143.0000     -3.490418563393074E-003
   144.0000     -3.362241583692789E-003
   145.0000     -3.237420695049803E-003
   146.0000     -3.115886742898621E-003
   147.0000     -2.997572065755181E-003
   148.0000     -2.882410461673011E-003
   149.0000     -2.770337155221187E-003
   150.0000     -2.661288764999008E-003
   151.0000     -2.555203271698097E-003
   152.0000     -2.452019986726743E-003
   153.0000     -2.351679521403113E-003
   154.0000     -2.254123756728057E-003
   155.0000     -2.159295813742537E-003
   156.0000     -2.067140024478771E-003
   157.0000     -1.977601903507916E-003
   158.0000     -1.890628120091567E-003
   159.0000     -1.806166470939378E-003
   160.0000     -1.724165853578176E-003
   161.0000     -1.644576240337806E-003
   162.0000     -1.567348652954608E-003
   163.0000     -1.492435137800106E-003
   164.0000     -1.419788741738472E-003
   165.0000     -1.349363488618110E-003
   166.0000     -1.281114356404694E-003
   167.0000     -1.214997254963387E-003
   168.0000     -1.150969004499131E-003
   169.0000     -1.088987314667866E-003
   170.0000     -1.029010764370099E-003
   171.0000     -9.709987822466263E-004
   172.0000     -9.149116278943559E-004
   173.0000     -8.607103738276762E-004
   174.0000     -8.083568882151049E-004
   175.0000     -7.578138184270604E-004
   176.0000     -7.090445754373761E-004
   177.0000     -6.620133191317910E-004
   178.0000     -6.166849445857210E-004
   179.0000     -5.730250693885693E-004
   180.0000     -5.310000221068817E-004
   181.0000     -4.905768319998511E-004
   182.0000     -4.517232201250068E-004
   183.0000     -4.144075920036140E-004
   184.0000     -3.785990320538862E-004
   185.0000     -3.442673000506176E-004
   186.0000     -3.113828299325252E-004
   187.0000     -2.799167313606373E-004
   188.0000     -2.498407945371343E-004
   189.0000     -2.211274989335491E-004
   190.0000     -1.937500267628043E-004
   191.0000     -1.676822822789304E-004
   192.0000     -1.428989183285901E-004
   193.0000     -1.193753720487866E-004
   194.0000     -9.708791226829773E-005
   195.0000     -7.601370211754735E-005
   196.0000     -5.613088173867144E-005
   197.0000     -3.741867805972639E-005
   198.0000     -1.985755177705492E-005
   199.0000     -3.429396714398197E-006
