  0.0000000E+00 -7.638627275588096E-002
   1.000000     -7.567495473933444E-002
   2.000000     -7.496783512106094E-002
   3.000000     -7.426490419368051E-002
   4.000000     -7.356615223015862E-002
   5.000000     -7.287156948373279E-002
   6.000000     -7.218114618783898E-002
   7.000000     -7.149487255603608E-002
   8.000000     -7.081273878192768E-002
   9.000000     -7.013473503909645E-002
   10.00000     -6.946085148139303E-002
   11.00000     -6.879107824008474E-002
   12.00000     -6.812540542584351E-002
   13.00000     -6.746382320953155E-002
   14.00000     -6.680632138938640E-002
   15.00000     -6.615288949223659E-002
   16.00000     -6.550352473445933E-002
   17.00000     -6.485820174694236E-002
   18.00000     -6.421686660130456E-002
   19.00000     -6.357982110653446E-002
   20.00000     -6.294669099367789E-002
   21.00000     -6.231582927908664E-002
   22.00000     -6.169390181985048E-002
   23.00000     -6.107784186483913E-002
   24.00000     -6.043905184283474E-002
   25.00000     -5.984752495899452E-002
   26.00000     -5.930035168725075E-002
   27.00000     -5.858394713133031E-002
   28.00000     -5.796558035177839E-002
   29.00000     -5.761484150316533E-002
   30.00000     -5.677366200813379E-002
   31.00000     -5.586392358191861E-002
   32.00000     -5.564140990885354E-002
   33.00000     -5.490427515275374E-002
   34.00000     -5.395057959186914E-002
   35.00000     -5.299042446858504E-002
   36.00000     -5.284709235040318E-002
   37.00000     -5.202015075238192E-002
   38.00000     -5.105249357712043E-002
   39.00000     -5.008590676434894E-002
   40.00000     -4.953598140064506E-002
   41.00000     -4.912177234812991E-002
   42.00000     -4.816286960097928E-002
   43.00000     -4.720981469494501E-002
   44.00000     -4.626393105318615E-002
   45.00000     -4.570375497423444E-002
   46.00000     -4.532602203021709E-002
   47.00000     -4.439738335743917E-002
   48.00000     -4.347850484572745E-002
   49.00000     -4.257009689916966E-002
   50.00000     -4.167275503570678E-002
   51.00000     -4.132383328369179E-002
   52.00000     -4.078684998476681E-002
   53.00000     -3.991297732374923E-002
   54.00000     -3.905139519088268E-002
   55.00000     -3.820240927188361E-002
   56.00000     -3.736626513367066E-002
   57.00000     -3.654318182407253E-002
   58.00000     -3.635582513338455E-002
   59.00000     -3.573321844700162E-002
   60.00000     -3.493661007189625E-002
   61.00000     -3.415338488085284E-002
   62.00000     -3.338359624659949E-002
   63.00000     -3.262726688521393E-002
   64.00000     -3.188439419076967E-002
   65.00000     -3.115495543156723E-002
   66.00000     -3.075165101087916E-002
   67.00000     -3.043887971336438E-002
   68.00000     -2.973614644812154E-002
   69.00000     -2.904664661225530E-002
   70.00000     -2.837028924710132E-002
   71.00000     -2.770696622845019E-002
   72.00000     -2.705655753040320E-002
   73.00000     -2.641893283093731E-002
   74.00000     -2.579395282231291E-002
   75.00000     -2.518147057445648E-002
   76.00000     -2.458133942386997E-002
   77.00000     -2.445661530089754E-002
   78.00000     -2.399336861867252E-002
   79.00000     -2.341743072482631E-002
   80.00000     -2.285333977774973E-002
   81.00000     -2.230092351812876E-002
   82.00000     -2.176000596395329E-002
   83.00000     -2.123040865751075E-002
   84.00000     -2.071195127921750E-002
   85.00000     -2.020445215430845E-002
   86.00000     -1.970772870350214E-002
   87.00000     -1.922159785087650E-002
   88.00000     -1.874587639850563E-002
   89.00000     -1.828038139241540E-002
   90.00000     -1.782493068272853E-002
   91.00000     -1.740990592371562E-002
   92.00000     -1.737932081173428E-002
   93.00000     -1.694343045834996E-002
   94.00000     -1.651702461900421E-002
   95.00000     -1.609994198533982E-002
   96.00000     -1.569200630747297E-002
   97.00000     -1.529304285275822E-002
   98.00000     -1.490287872803996E-002
   99.00000     -1.452134302756523E-002
   100.0000     -1.414826694499376E-002
   101.0000     -1.378348386690362E-002
   102.0000     -1.342682945226042E-002
   103.0000     -1.307814169982419E-002
   104.0000     -1.273726100478371E-002
   105.0000     -1.240403020564226E-002
   106.0000     -1.207829462224214E-002
   107.0000     -1.175990208574493E-002
   108.0000     -1.144870296132487E-002
   109.0000     -1.114455016433886E-002
   110.0000     -1.084729917085606E-002
   111.0000     -1.055680802398800E-002
   112.0000     -1.027293734004157E-002
   113.0000     -9.995550335203121E-003
   114.0000     -9.724513131989361E-003
   115.0000     -9.544159393377737E-003
   116.0000     -9.459689164634355E-003
   117.0000     -9.200958922366300E-003
   118.0000     -8.948188619426603E-003
   119.0000     -8.701255422001598E-003
   120.0000     -8.460037616559474E-003
   121.0000     -8.224415833474299E-003
   122.0000     -7.994273081948923E-003
   123.0000     -7.769494731174449E-003
   124.0000     -7.549968481766135E-003
   125.0000     -7.335584333884253E-003
   126.0000     -7.126234553616096E-003
   127.0000     -6.921813638186195E-003
   128.0000     -6.722218280288655E-003
   129.0000     -6.527347331731046E-003
   130.0000     -6.337101766544310E-003
   131.0000     -6.151384643677352E-003
   132.0000     -5.970101069389847E-003
   133.0000     -5.793158159439675E-003
   134.0000     -5.620465001151223E-003
   135.0000     -5.451932615444020E-003
   136.0000     -5.287473918894828E-003
   137.0000     -5.127003685893890E-003
   138.0000     -4.970438510958274E-003
   139.0000     -4.817696771248424E-003
   140.0000     -4.668698589342324E-003
   141.0000     -4.523365796302790E-003
   142.0000     -4.381621895079570E-003
   143.0000     -4.243392024280018E-003
   144.0000     -4.108602922334094E-003
   145.0000     -3.977182892085904E-003
   146.0000     -3.849061765829731E-003
   147.0000     -3.724170870814358E-003
   148.0000     -3.602442995229606E-003
   149.0000     -3.483812354694524E-003
   150.0000     -3.368214559255570E-003
   151.0000     -3.255586580907159E-003
   152.0000     -3.145866721644965E-003
   153.0000     -3.038994582054026E-003
   154.0000     -2.934911030443587E-003
   155.0000     -2.833558172525311E-003
   156.0000     -2.734879321643232E-003
   157.0000     -2.638818969552529E-003
   158.0000     -2.545322757750171E-003
   159.0000     -2.454337449354610E-003
   160.0000     -2.365810901532693E-003
   161.0000     -2.279692038473181E-003
   162.0000     -2.195930824900571E-003
   163.0000     -2.114478240126638E-003
   164.0000     -2.035286252636461E-003
   165.0000     -1.958307795200197E-003
   166.0000     -1.883496740508094E-003
   167.0000     -1.810807877320602E-003
   168.0000     -1.740196887128912E-003
   169.0000     -1.671620321317080E-003
   170.0000     -1.605035578820151E-003
   171.0000     -1.540400884271091E-003
   172.0000     -1.477675266627717E-003
   173.0000     -1.416818538274541E-003
   174.0000     -1.357791274590501E-003
   175.0000     -1.300554793977114E-003
   176.0000     -1.245071138340876E-003
   177.0000     -1.191303054027297E-003
   178.0000     -1.139213973208231E-003
   179.0000     -1.088767995736736E-003
   180.0000     -1.039929871514675E-003
   181.0000     -9.926649835054749E-004
   182.0000     -9.469393318214279E-004
   183.0000     -9.027195205502855E-004
   184.0000     -8.599727562963389E-004
   185.0000     -8.186669540157476E-004
   186.0000     -7.854567897801000E-004
   187.0000     -7.787665488415783E-004
   188.0000     -7.402497053825515E-004
   189.0000     -7.030779037248177E-004
   190.0000     -6.672230622607497E-004
   191.0000     -6.326556151870015E-004
   192.0000     -5.993464102385080E-004
   193.0000     -5.672667479041632E-004
   194.0000     -5.363883768524455E-004
   195.0000     -5.066834833451405E-004
   196.0000     -4.781246794525887E-004
   197.0000     -4.506849910930441E-004
   198.0000     -4.243378461808054E-004
   199.0000     -3.990570629766871E-004
   200.0000     -3.748168386736515E-004
   201.0000     -3.515917382289010E-004
   202.0000     -3.293566834437976E-004
   203.0000     -3.080869422909110E-004
   204.0000     -2.877581184843629E-004
   205.0000     -2.683461412900781E-004
   206.0000     -2.498272555714884E-004
   207.0000     -2.321780120676018E-004
   208.0000     -2.153752578993033E-004
   209.0000     -1.993961273015498E-004
   210.0000     -1.842180325789132E-004
   211.0000     -1.698186552830055E-004
   212.0000     -1.561759376120784E-004
   213.0000     -1.432680740327698E-004
   214.0000     -1.310735031280525E-004
   215.0000     -1.195708996748626E-004
   216.0000     -1.087391669601792E-004
   217.0000     -9.855742934585828E-005
   218.0000     -8.900502509855616E-005
   219.0000     -8.006149950645038E-005
   220.0000     -7.170659831307280E-005
   221.0000     -6.392026150968870E-005
   222.0000     -5.668261754300158E-005
   223.0000     -4.997397801651224E-005
   224.0000     -4.377483299427504E-005
   225.0000     -3.806584705936410E-005
   226.0000     -3.282785634395619E-005
   227.0000     -2.804186684368607E-005
   228.0000     -2.368905447649443E-005
   229.0000     -1.975076757780373E-005
   230.0000     -1.620853289919151E-005
   231.0000     -1.304406680652759E-005
   232.0000     -1.023929447109338E-005
   233.0000     -7.776381853865571E-006
   234.0000     -5.637789170037475E-006
   235.0000     -3.806362600644236E-006
   236.0000     -2.265499401112898E-006
   237.0000     -9.994687252666077E-007
