  0.0000000E+00 -7.616779953539790E-002
   1.000000     -7.545699206904624E-002
   2.000000     -7.475038395308835E-002
   3.000000     -7.404796548347208E-002
   4.000000     -7.334972693650293E-002
   5.000000     -7.265565856877210E-002
   6.000000     -7.196575061708044E-002
   7.000000     -7.127999329836647E-002
   8.000000     -7.059837680962466E-002
   9.000000     -6.992089132783574E-002
   10.00000     -6.924752701027215E-002
   11.00000     -6.857827399184548E-002
   12.00000     -6.791312238531767E-002
   13.00000     -6.725206236483852E-002
   14.00000     -6.659508376803450E-002
   15.00000     -6.594217597854858E-002
   16.00000     -6.529333610034686E-002
   17.00000     -6.464854144986699E-002
   18.00000     -6.400773100478080E-002
   19.00000     -6.337119633398250E-002
   20.00000     -6.273866035185452E-002
   21.00000     -6.210831715155583E-002
   22.00000     -6.148647531770018E-002
   23.00000     -6.087183902734873E-002
   24.00000     -6.023426557819880E-002
   25.00000     -5.963771282745105E-002
   26.00000     -5.909728047460185E-002
   27.00000     -5.838881738023554E-002
   28.00000     -5.774280633384177E-002
   29.00000     -5.741652560135040E-002
   30.00000     -5.658780152489061E-002
   31.00000     -5.567797988022987E-002
   32.00000     -5.540180582449507E-002
   33.00000     -5.472312592966425E-002
   34.00000     -5.377149411805461E-002
   35.00000     -5.281214774397618E-002
   36.00000     -5.260136022807543E-002
   37.00000     -5.184453981884130E-002
   38.00000     -5.087855455397741E-002
   39.00000     -4.991354894506842E-002
   40.00000     -4.928611298517742E-002
   41.00000     -4.895095054610976E-002
   42.00000     -4.799363057079133E-002
   43.00000     -4.704208123041769E-002
   44.00000     -4.609766879473446E-002
   45.00000     -4.545089046589610E-002
   46.00000     -4.516119660718614E-002
   47.00000     -4.423401483528074E-002
   48.00000     -4.331654817256646E-002
   49.00000     -4.240953068041589E-002
   50.00000     -4.151355229507825E-002
   51.00000     -4.106807484435585E-002
   52.00000     -4.062900394811576E-002
   53.00000     -3.975647140496411E-002
   54.00000     -3.889620772669238E-002
   55.00000     -3.804852320921291E-002
   56.00000     -3.721366388376435E-002
   57.00000     -3.639183833578982E-002
   58.00000     -3.609721488591006E-002
   59.00000     -3.558313946030851E-002
   60.00000     -3.478777193035507E-002
   61.00000     -3.400577152841294E-002
   62.00000     -3.323719329626742E-002
   63.00000     -3.248206036546875E-002
   64.00000     -3.174037038062442E-002
   65.00000     -3.101209975823325E-002
   66.00000     -3.049017888512708E-002
   67.00000     -3.029717670377263E-002
   68.00000     -2.959559248519097E-002
   69.00000     -2.890722423312150E-002
   70.00000     -2.823198606025274E-002
   71.00000     -2.756977023665622E-002
   72.00000     -2.692045700210505E-002
   73.00000     -2.628391627254115E-002
   74.00000     -2.566000895313059E-002
   75.00000     -2.504858821752242E-002
   76.00000     -2.444950267733178E-002
   77.00000     -2.419227009809399E-002
   78.00000     -2.386257667688920E-002
   79.00000     -2.328766967642507E-002
   80.00000     -2.272459860915808E-002
   81.00000     -2.217319218305333E-002
   82.00000     -2.163327467091701E-002
   83.00000     -2.110466782080522E-002
   84.00000     -2.058719150707290E-002
   85.00000     -2.008066424303186E-002
   86.00000     -1.958490363294476E-002
   87.00000     -1.909972677969329E-002
   88.00000     -1.862495065683791E-002
   89.00000     -1.816039246030685E-002
   90.00000     -1.770587002541624E-002
   91.00000     -1.726120483788788E-002
   92.00000     -1.714263192658892E-002
   93.00000     -1.682620247012882E-002
   94.00000     -1.640070169914259E-002
   95.00000     -1.598451611175931E-002
   96.00000     -1.557746994391489E-002
   97.00000     -1.517938865447509E-002
   98.00000     -1.479009951345641E-002
   99.00000     -1.440943177085880E-002
   100.0000     -1.403721677248145E-002
   101.0000     -1.367328805447169E-002
   102.0000     -1.331748142317433E-002
   103.0000     -1.296963502271637E-002
   104.0000     -1.262958939174367E-002
   105.0000     -1.229718751036959E-002
   106.0000     -1.197227483824733E-002
   107.0000     -1.165469934457172E-002
   108.0000     -1.134431153075448E-002
   109.0000     -1.104096444650132E-002
   110.0000     -1.074451370002805E-002
   111.0000     -1.045481746338460E-002
   112.0000     -1.017173647476535E-002
   113.0000     -9.895134044333127E-003
   114.0000     -9.624876106326195E-003
   115.0000     -9.360832373838987E-003
   116.0000     -9.273972687243531E-003
   117.0000     -9.102866966010134E-003
   118.0000     -8.850862730414882E-003
   119.0000     -8.604690777473785E-003
   120.0000     -8.364229839356755E-003
   121.0000     -8.129360700949950E-003
   122.0000     -7.899966498025050E-003
   123.0000     -7.675932719592903E-003
   124.0000     -7.457147183257063E-003
   125.0000     -7.243500004402510E-003
   126.0000     -7.034883562952683E-003
   127.0000     -6.831192468738846E-003
   128.0000     -6.632323525917544E-003
   129.0000     -6.438175696668000E-003
   130.0000     -6.248650064337246E-003
   131.0000     -6.063649796166292E-003
   132.0000     -5.883080105709221E-003
   133.0000     -5.706848215045006E-003
   134.0000     -5.534863316867134E-003
   135.0000     -5.367036536536098E-003
   136.0000     -5.203280894161623E-003
   137.0000     -5.043511266779160E-003
   138.0000     -4.887644350684656E-003
   139.0000     -4.735598623970740E-003
   140.0000     -4.587294309320027E-003
   141.0000     -4.442653337094237E-003
   142.0000     -4.301599308754022E-003
   143.0000     -4.164057460649601E-003
   144.0000     -4.029954628206532E-003
   145.0000     -3.899219210535557E-003
   146.0000     -3.771781135488589E-003
   147.0000     -3.647571825183041E-003
   148.0000     -3.526524162008229E-003
   149.0000     -3.408572455133313E-003
   150.0000     -3.293652407525581E-003
   151.0000     -3.181701083491746E-003
   152.0000     -3.072656876751539E-003
   153.0000     -2.966459479047315E-003
   154.0000     -2.863049849299018E-003
   155.0000     -2.762370183305402E-003
   156.0000     -2.664363883995254E-003
   157.0000     -2.568975532228920E-003
   158.0000     -2.476150858152397E-003
   159.0000     -2.385836713099885E-003
   160.0000     -2.297981042046023E-003
   161.0000     -2.212532856603166E-003
   162.0000     -2.129442208562048E-003
   163.0000     -2.048660163969578E-003
   164.0000     -1.970138777741884E-003
   165.0000     -1.893831068804958E-003
   166.0000     -1.819690995758963E-003
   167.0000     -1.747673433059108E-003
   168.0000     -1.677734147707705E-003
   169.0000     -1.609829776448880E-003
   170.0000     -1.543917803462061E-003
   171.0000     -1.479956538542717E-003
   172.0000     -1.417905095767318E-003
   173.0000     -1.357723372631580E-003
   174.0000     -1.299372029656156E-003
   175.0000     -1.242812470451097E-003
   176.0000     -1.188006822231766E-003
   177.0000     -1.134917916778336E-003
   178.0000     -1.083509271830450E-003
   179.0000     -1.033745072910849E-003
   180.0000     -9.855901555692209E-004
   181.0000     -9.390099880401500E-004
   182.0000     -8.939706543099306E-004
   183.0000     -8.504388375867160E-004
   184.0000     -8.083818041759056E-004
   185.0000     -7.677673877665641E-004
   186.0000     -7.285639741582273E-004
   187.0000     -6.907404865081751E-004
   188.0000     -6.542663713452689E-004
   189.0000     -6.191115862071518E-004
   190.0000     -5.852465927768452E-004
   191.0000     -5.526423833995647E-004
   192.0000     -5.212713295290266E-004
   193.0000     -5.122993964043323E-004
   194.0000     -4.911007143420973E-004
   195.0000     -4.621089559718085E-004
   196.0000     -4.342658412746145E-004
   197.0000     -4.075447348627620E-004
   198.0000     -3.819192095471227E-004
   199.0000     -3.573632074783491E-004
   200.0000     -3.338510472562346E-004
   201.0000     -3.113574171967787E-004
   202.0000     -2.898573661415870E-004
   203.0000     -2.693262938143635E-004
   204.0000     -2.497399412380275E-004
   205.0000     -2.310743813822880E-004
   206.0000     -2.133060101144613E-004
   207.0000     -1.964115374968199E-004
   208.0000     -1.803679794653787E-004
   209.0000     -1.651526499271906E-004
   210.0000     -1.507431533196610E-004
   211.0000     -1.371173776865769E-004
   212.0000     -1.242534883405099E-004
   213.0000     -1.121299222023295E-004
   214.0000     -1.007253829360126E-004
   215.0000     -9.001883703511217E-005
   216.0000     -7.998951106935584E-005
   217.0000     -7.061689037145138E-005
   218.0000     -6.188071954684348E-005
   219.0000     -5.376100533510910E-005
   220.0000     -4.623802256588992E-005
   221.0000     -3.929232427268201E-005
   222.0000     -3.290475751786388E-005
   223.0000     -2.705648725503056E-005
   224.0000     -2.172903180860053E-005
   225.0000     -1.690431566574675E-005
   226.0000     -1.256474899717534E-005
   227.0000     -8.693350221671941E-006
   228.0000     -5.273941550724185E-006
   229.0000     -2.291476568506564E-006
