  0.0000000E+00 -7.621411702151686E-002
   1.000000     -7.550320128442879E-002
   2.000000     -7.479648469562682E-002
   3.000000     -7.409395755035068E-002
   4.000000     -7.339561012419581E-002
   5.000000     -7.270143267303876E-002
   6.000000     -7.201141543296344E-002
   7.000000     -7.132554862018962E-002
   8.000000     -7.064382243098986E-002
   9.000000     -6.996622704162164E-002
   10.00000     -6.929275260862806E-002
   11.00000     -6.862338926614538E-002
   12.00000     -6.795812712647975E-002
   13.00000     -6.729695636314788E-002
   14.00000     -6.663986680535446E-002
   15.00000     -6.598684786587510E-002
   16.00000     -6.533789667849009E-002
   17.00000     -6.469298998838942E-002
   18.00000     -6.405206820187627E-002
   19.00000     -6.341542530746820E-002
   20.00000     -6.278276367612159E-002
   21.00000     -6.215230877919498E-002
   22.00000     -6.153045007216240E-002
   23.00000     -6.091551951532641E-002
   24.00000     -6.027766788895667E-002
   25.00000     -5.968218194836751E-002
   26.00000     -5.914038673269149E-002
   27.00000     -5.843017677632764E-002
   28.00000     -5.778988335675830E-002
   29.00000     -5.745876620319718E-002
   30.00000     -5.662721348782902E-002
   31.00000     -5.571729885309717E-002
   32.00000     -5.545271252503677E-002
   33.00000     -5.476153766783526E-002
   34.00000     -5.380946422789824E-002
   35.00000     -5.284988769300254E-002
   36.00000     -5.265351734695291E-002
   37.00000     -5.188177358091742E-002
   38.00000     -5.091543317084093E-002
   39.00000     -4.995009228675015E-002
   40.00000     -4.933908849782984E-002
   41.00000     -4.898717016878530E-002
   42.00000     -4.802951255863999E-002
   43.00000     -4.707764393229712E-002
   44.00000     -4.613291934501298E-002
   45.00000     -4.550450232396083E-002
   46.00000     -4.519614397038436E-002
   47.00000     -4.426865203538616E-002
   48.00000     -4.335088599588190E-002
   49.00000     -4.244357367186698E-002
   50.00000     -4.154730585255834E-002
   51.00000     -4.112230085168003E-002
   52.00000     -4.066247038263703E-002
   53.00000     -3.978965350725702E-002
   54.00000     -3.892911027113719E-002
   55.00000     -3.808114981622950E-002
   56.00000     -3.724601806442070E-002
   57.00000     -3.642392503017460E-002
   58.00000     -3.615204609795956E-002
   59.00000     -3.561495892588824E-002
   60.00000     -3.481932823823014E-002
   61.00000     -3.403706814214588E-002
   62.00000     -3.326823326871561E-002
   63.00000     -3.251284665879596E-002
   64.00000     -3.177090590135853E-002
   65.00000     -3.104238753579653E-002
   66.00000     -3.054561491261898E-002
   67.00000     -3.032722066112649E-002
   68.00000     -2.962539230589094E-002
   69.00000     -2.893678411690995E-002
   70.00000     -2.826130863936947E-002
   71.00000     -2.759885805502613E-002
   72.00000     -2.694931254674777E-002
   73.00000     -2.631254197976846E-002
   74.00000     -2.568840721351599E-002
   75.00000     -2.507676139478163E-002
   76.00000     -2.447745361550186E-002
   77.00000     -2.424831605351146E-002
   78.00000     -2.389030669124283E-002
   79.00000     -2.331518103853104E-002
   80.00000     -2.275189371610783E-002
   81.00000     -2.220027316678413E-002
   82.00000     -2.166014360716682E-002
   83.00000     -2.113132674134536E-002
   84.00000     -2.061364240244758E-002
   85.00000     -2.010690906384635E-002
   86.00000     -1.961094429082879E-002
   87.00000     -1.912556514827448E-002
   88.00000     -1.865058857314992E-002
   89.00000     -1.818583172852395E-002
   90.00000     -1.773111244067495E-002
   91.00000     -1.728625379779438E-002
   92.00000     -1.719929214133789E-002
   93.00000     -1.685105632881643E-002
   94.00000     -1.642536360075602E-002
   95.00000     -1.600898778987778E-002
   96.00000     -1.560175299748915E-002
   97.00000     -1.520348464002003E-002
   98.00000     -1.481400995255408E-002
   99.00000     -1.443315815195050E-002
   100.0000     -1.406076055168272E-002
   101.0000     -1.369665065613321E-002
   102.0000     -1.334066424034997E-002
   103.0000     -1.299263941759065E-002
   104.0000     -1.265241669603597E-002
   105.0000     -1.231983902572534E-002
   106.0000     -1.199475183661689E-002
   107.0000     -1.167700306858277E-002
   108.0000     -1.136644319408919E-002
   109.0000     -1.106292523428223E-002
   110.0000     -1.076630476925750E-002
   111.0000     -1.047643994353437E-002
   112.0000     -1.019319146891298E-002
   113.0000     -9.916422632869994E-003
   114.0000     -9.645999372131592E-003
   115.0000     -9.381792912606726E-003
   116.0000     -9.331254576576062E-003
   117.0000     -9.123662656610784E-003
   118.0000     -8.871495863539587E-003
   119.0000     -8.625162439413428E-003
   120.0000     -8.384540960333364E-003
   121.0000     -8.149512174717821E-003
   122.0000     -7.919959190807693E-003
   123.0000     -7.695767471964383E-003
   124.0000     -7.476824810848316E-003
   125.0000     -7.263021298306202E-003
   126.0000     -7.054249290025318E-003
   127.0000     -6.850403371865307E-003
   128.0000     -6.651380324252779E-003
   129.0000     -6.457079085865158E-003
   130.0000     -6.267400716770319E-003
   131.0000     -6.082248361142526E-003
   132.0000     -5.901527209678435E-003
   133.0000     -5.725144461801480E-003
   134.0000     -5.553009287747852E-003
   135.0000     -5.385032790612840E-003
   136.0000     -5.221127968429716E-003
   137.0000     -5.061209676340816E-003
   138.0000     -4.905194588927843E-003
   139.0000     -4.753001162743516E-003
   140.0000     -4.604549599101462E-003
   141.0000     -4.459761807158426E-003
   142.0000     -4.318561367331995E-003
   143.0000     -4.180873495086323E-003
   144.0000     -4.046625005112309E-003
   145.0000     -3.915744275934061E-003
   146.0000     -3.788161214960138E-003
   147.0000     -3.663807224002723E-003
   148.0000     -3.542615165280892E-003
   149.0000     -3.424519327921807E-003
   150.0000     -3.309455394975868E-003
   151.0000     -3.197360410953201E-003
   152.0000     -3.088172749890929E-003
   153.0000     -2.981832083959416E-003
   154.0000     -2.878279352611359E-003
   155.0000     -2.777456732277774E-003
   156.0000     -2.679307606613877E-003
   157.0000     -2.583776537295805E-003
   158.0000     -2.490809235367839E-003
   159.0000     -2.400352533140090E-003
   160.0000     -2.312354356634536E-003
   161.0000     -2.226763698575503E-003
   162.0000     -2.143530591924133E-003
   163.0000     -2.062606083950556E-003
   164.0000     -1.983942210837786E-003
   165.0000     -1.907491972816724E-003
   166.0000     -1.833209309822277E-003
   167.0000     -1.761049077666180E-003
   168.0000     -1.690967024720594E-003
   169.0000     -1.622919769104583E-003
   170.0000     -1.556864776367283E-003
   171.0000     -1.492760337660089E-003
   172.0000     -1.430565548390519E-003
   173.0000     -1.370240287349739E-003
   174.0000     -1.311745196307045E-003
   175.0000     -1.255041660062136E-003
   176.0000     -1.200091786948673E-003
   177.0000     -1.146858389780214E-003
   178.0000     -1.095304967231912E-003
   179.0000     -1.045395685650491E-003
   180.0000     -9.970953612855654E-004
   181.0000     -9.503694429370906E-004
   182.0000     -9.051839950172480E-004
   183.0000     -8.615056810285412E-004
   184.0000     -8.193017474742173E-004
   185.0000     -7.785400082502511E-004
   186.0000     -7.391888296622636E-004
   187.0000     -7.012171165329433E-004
   188.0000     -6.645943012375754E-004
   189.0000     -6.292903458767024E-004
   190.0000     -5.952758751038334E-004
   191.0000     -5.702157914519399E-004
   192.0000     -5.625186124860039E-004
   193.0000     -5.309970170376684E-004
   194.0000     -5.006773313008073E-004
   195.0000     -4.715331303685058E-004
   196.0000     -4.435371790009077E-004
   197.0000     -4.166626015954346E-004
   198.0000     -3.908829155698087E-004
   199.0000     -3.661720275985106E-004
   200.0000     -3.425042245193851E-004
   201.0000     -3.198541631739706E-004
   202.0000     -2.981968601135410E-004
   203.0000     -2.775076814411595E-004
   204.0000     -2.577623328845235E-004
   205.0000     -2.389368501421452E-004
   206.0000     -2.210075895253345E-004
   207.0000     -2.039512189143513E-004
   208.0000     -1.877447090465595E-004
   209.0000     -1.723653251574587E-004
   210.0000     -1.577906190007742E-004
   211.0000     -1.439984212813394E-004
   212.0000     -1.309668345435968E-004
   213.0000     -1.186742265729756E-004
   214.0000     -1.070992243831427E-004
   215.0000     -9.622070888706854E-005
   216.0000     -8.601781037973187E-005
   217.0000     -7.646990500497428E-005
   218.0000     -6.755661243748509E-005
   219.0000     -5.925779509647820E-005
   220.0000     -5.155355932800956E-005
   221.0000     -4.442425917023692E-005
   222.0000     -3.785050358006010E-005
   223.0000     -3.181316840389078E-005
   224.0000     -2.629341500927007E-005
   225.0000     -2.127271852256956E-005
   226.0000     -1.673291034432401E-005
   227.0000     -1.265624263804310E-005
   228.0000     -9.025488061826054E-006
   229.0000     -5.824098932655530E-006
   230.0000     -3.036473124635132E-006
   231.0000     -6.484280282788423E-007
