  0.0000000E+00 -8.655321867549502E-002
   1.000000     -8.563554125545654E-002
   2.000000     -8.472389894798567E-002
   3.000000     -8.381827883071140E-002
   4.000000     -8.291866571951513E-002
   5.000000     -8.202504439678091E-002
   6.000000     -8.113739961126239E-002
   7.000000     -8.025571607794532E-002
   8.000000     -7.937997847791030E-002
   9.000000     -7.851017145819152E-002
   10.00000     -7.764627963164690E-002
   11.00000     -7.678828757680983E-002
   12.00000     -7.593617983751616E-002
   13.00000     -7.508994092425700E-002
   14.00000     -7.424955531517523E-002
   15.00000     -7.341500741321345E-002
   16.00000     -7.258628166865466E-002
   17.00000     -7.176336302860006E-002
   18.00000     -7.094623364497807E-002
   19.00000     -7.013487529830068E-002
   20.00000     -6.932930537682701E-002
   21.00000     -6.852946934173920E-002
   22.00000     -6.773512473806612E-002
   23.00000     -6.694700321684448E-002
   24.00000     -6.616557147509484E-002
   25.00000     -6.538548614439768E-002
   26.00000     -6.461197545149644E-002
   27.00000     -6.386602527197700E-002
   28.00000     -6.310003339514746E-002
   29.00000     -6.229026930874038E-002
   30.00000     -6.163770465252258E-002
   31.00000     -6.096830372354214E-002
   32.00000     -6.003513170231091E-002
   33.00000     -5.918128976831474E-002
   34.00000     -5.888788215653474E-002
   35.00000     -5.789186985054955E-002
   36.00000     -5.681324574420623E-002
   37.00000     -5.589423565036672E-002
   38.00000     -5.570508992123854E-002
   39.00000     -5.461737236077421E-002
   40.00000     -5.351930727255914E-002
   41.00000     -5.242368264918521E-002
   42.00000     -5.197858584550699E-002
   43.00000     -5.133055416901230E-002
   44.00000     -5.024584099482204E-002
   45.00000     -4.916897100122506E-002
   46.00000     -4.810155609929648E-002
   47.00000     -4.742121780982864E-002
   48.00000     -4.704412622200101E-002
   49.00000     -4.599881278554011E-002
   50.00000     -4.496559756119753E-002
   51.00000     -4.394532435697224E-002
   52.00000     -4.293860268066668E-002
   53.00000     -4.219091680398875E-002
   54.00000     -4.194567297979271E-002
   55.00000     -4.096750222277104E-002
   56.00000     -4.000399699158333E-002
   57.00000     -3.905553450768853E-002
   58.00000     -3.812234200926173E-002
   59.00000     -3.720459508153187E-002
   60.00000     -3.630266104490365E-002
   61.00000     -3.624653868190655E-002
   62.00000     -3.541583757591746E-002
   63.00000     -3.454501289336138E-002
   64.00000     -3.368990019288329E-002
   65.00000     -3.285049383798563E-002
   66.00000     -3.202675537771080E-002
   67.00000     -3.121862469488987E-002
   68.00000     -3.042602142938237E-002
   69.00000     -2.964888901874608E-002
   70.00000     -2.953530048689740E-002
   71.00000     -2.888694797869462E-002
   72.00000     -2.814025490830231E-002
   73.00000     -2.740858932836797E-002
   74.00000     -2.669179802662586E-002
   75.00000     -2.598971537742908E-002
   76.00000     -2.530216667087670E-002
   77.00000     -2.462896954085858E-002
   78.00000     -2.396993511023231E-002
   79.00000     -2.332486906516558E-002
   80.00000     -2.269357309137464E-002
   81.00000     -2.207587050959707E-002
   82.00000     -2.199341317330233E-002
   83.00000     -2.147145959145035E-002
   84.00000     -2.088024109670970E-002
   85.00000     -2.030196117865701E-002
   86.00000     -1.973640953672107E-002
   87.00000     -1.918337380896538E-002
   88.00000     -1.864264108468809E-002
   89.00000     -1.811399844589068E-002
   90.00000     -1.759723336720075E-002
   91.00000     -1.709213405812443E-002
   92.00000     -1.659848976596393E-002
   93.00000     -1.611609104644700E-002
   94.00000     -1.564473000671519E-002
   95.00000     -1.518420052606526E-002
   96.00000     -1.473429846694760E-002
   97.00000     -1.429482193494241E-002
   98.00000     -1.386557224991954E-002
   99.00000     -1.354984248117877E-002
   100.0000     -1.344633508019162E-002
   101.0000     -1.303695280724838E-002
   102.0000     -1.263720412636411E-002
   103.0000     -1.224690615187735E-002
   104.0000     -1.186587244855455E-002
   105.0000     -1.149391910460244E-002
   106.0000     -1.113086501974715E-002
   107.0000     -1.077653198506616E-002
   108.0000     -1.043074472381243E-002
   109.0000     -1.009333091676823E-002
   110.0000     -9.764121217863828E-003
   111.0000     -9.442949262174195E-003
   112.0000     -9.129651667430082E-003
   113.0000     -8.824068029812041E-003
   114.0000     -8.526040914655758E-003
   115.0000     -8.235415842597764E-003
   116.0000     -7.952041271639254E-003
   117.0000     -7.675768575558949E-003
   118.0000     -7.406452019063300E-003
   119.0000     -7.143948730041750E-003
   120.0000     -6.888118669249372E-003
   121.0000     -6.638824597732007E-003
   122.0000     -6.395932042268826E-003
   123.0000     -6.159309259101370E-003
   124.0000     -5.928827196200435E-003
   125.0000     -5.704359454315124E-003
   126.0000     -5.485782247071225E-003
   127.0000     -5.272974360458138E-003
   128.0000     -5.065817112273950E-003
   129.0000     -4.864194312919430E-003
   130.0000     -4.667992232284163E-003
   131.0000     -4.477099596649019E-003
   132.0000     -4.291407846593803E-003
   133.0000     -4.125238584273180E-003
   134.0000     -4.110789063507550E-003
   135.0000     -3.935196180131091E-003
   136.0000     -3.764474127913637E-003
   137.0000     -3.598538682581110E-003
   138.0000     -3.437292299805863E-003
   139.0000     -3.280639288914617E-003
   140.0000     -3.128485973676010E-003
   141.0000     -2.980740681944223E-003
   142.0000     -2.837313712931545E-003
   143.0000     -2.698117299873019E-003
   144.0000     -2.563065571798143E-003
   145.0000     -2.432074515484220E-003
   146.0000     -2.305061937998349E-003
   147.0000     -2.181947430018713E-003
   148.0000     -2.062652330060288E-003
   149.0000     -1.947099689693347E-003
   150.0000     -1.835214239844913E-003
   151.0000     -1.726922358263223E-003
   152.0000     -1.622152038234688E-003
   153.0000     -1.520832858650435E-003
   154.0000     -1.422895955531386E-003
   155.0000     -1.328273995132182E-003
   156.0000     -1.236901148766443E-003
   157.0000     -1.148713069518974E-003
   158.0000     -1.063646871034930E-003
   159.0000     -9.816411086164942E-004
   160.0000     -9.026357628993425E-004
   161.0000     -8.265722264354614E-004
   162.0000     -7.533932935791065E-004
   163.0000     -6.830431541595427E-004
   164.0000     -6.154673915321744E-004
   165.0000     -5.506129857439458E-004
   166.0000     -4.884283227254009E-004
   167.0000     -4.288632106621784E-004
   168.0000     -3.718689050046721E-004
   169.0000     -3.173981439871511E-004
   170.0000     -2.654051970810291E-004
   171.0000     -2.158459295584936E-004
   172.0000     -1.686778873858722E-004
   173.0000     -1.238604081284366E-004
   174.0000     -8.135476564407710E-005
   175.0000     -4.112435940163987E-005
   176.0000     -3.134963830592136E-006
