  0.0000000E+00 -8.672692615158223E-002
   1.000000     -8.580879808331085E-002
   2.000000     -8.489670426535297E-002
   3.000000     -8.399063167406927E-002
   4.000000     -8.309056512120390E-002
   5.000000     -8.219648938498024E-002
   6.000000     -8.130838920996536E-002
   7.000000     -8.042624930693468E-002
   8.000000     -7.955005435273092E-002
   9.000000     -7.867978899012879E-002
   10.00000     -7.781543782770065E-002
   11.00000     -7.695698543966135E-002
   12.00000     -7.610441636551281E-002
   13.00000     -7.525771511147143E-002
   14.00000     -7.441686615088128E-002
   15.00000     -7.358185388133583E-002
   16.00000     -7.275266276076876E-002
   17.00000     -7.192927771420463E-002
   18.00000     -7.111168074078879E-002
   19.00000     -7.029985424163537E-002
   20.00000     -6.949381600764844E-002
   21.00000     -6.869350393810988E-002
   22.00000     -6.789868683814552E-002
   23.00000     -6.711013924430338E-002
   24.00000     -6.632817302774316E-002
   25.00000     -6.554741590542446E-002
   26.00000     -6.477404103370586E-002
   27.00000     -6.402785299357244E-002
   28.00000     -6.325876506841457E-002
   29.00000     -6.245000374510207E-002
   30.00000     -6.180512169130976E-002
   31.00000     -6.112241653204888E-002
   32.00000     -6.018337850111549E-002
   33.00000     -5.935912956107081E-002
   34.00000     -5.904374240733466E-002
   35.00000     -5.803453788595311E-002
   36.00000     -5.695410378877699E-002
   37.00000     -5.608713248566620E-002
   38.00000     -5.584698006358314E-002
   39.00000     -5.475516320249822E-002
   40.00000     -5.365572752730286E-002
   41.00000     -5.255895084002759E-002
   42.00000     -5.217718740955184E-002
   43.00000     -5.146445815356169E-002
   44.00000     -5.037847946187813E-002
   45.00000     -4.930041036732878E-002
   46.00000     -4.823183741979341E-002
   47.00000     -4.762249125776803E-002
   48.00000     -4.717327754318141E-002
   49.00000     -4.612678982216905E-002
   50.00000     -4.509245628522545E-002
   51.00000     -4.407108345029822E-002
   52.00000     -4.306328266749043E-002
   53.00000     -4.239459391878794E-002
   54.00000     -4.206931391269854E-002
   55.00000     -4.109005318203517E-002
   56.00000     -4.012550545063755E-002
   57.00000     -3.917601457811739E-002
   58.00000     -3.824180670805887E-002
   59.00000     -3.732305775642330E-002
   60.00000     -3.645330929543237E-002
   61.00000     -3.641940707374351E-002
   62.00000     -3.553232895302535E-002
   63.00000     -3.466053440352098E-002
   64.00000     -3.380446427267614E-002
   65.00000     -3.296411026285904E-002
   66.00000     -3.213943505065127E-002
   67.00000     -3.133037779702492E-002
   68.00000     -3.053685834364027E-002
   69.00000     -2.975918133042428E-002
   70.00000     -2.974329837614451E-002
   71.00000     -2.899597996603679E-002
   72.00000     -2.824839712657911E-002
   73.00000     -2.751585151295085E-002
   74.00000     -2.679818899700122E-002
   75.00000     -2.609524367369618E-002
   76.00000     -2.540684061962022E-002
   77.00000     -2.473279727486834E-002
   78.00000     -2.407292458487409E-002
   79.00000     -2.342702810111342E-002
   80.00000     -2.279490971434163E-002
   81.00000     -2.220422437050313E-002
   82.00000     -2.217625790792556E-002
   83.00000     -2.157117237600695E-002
   84.00000     -2.097915189198563E-002
   85.00000     -2.040007743113054E-002
   86.00000     -1.983373804614994E-002
   87.00000     -1.927992115874480E-002
   88.00000     -1.873841368663908E-002
   89.00000     -1.820900255149989E-002
   90.00000     -1.769147507255001E-002
   91.00000     -1.718561930710054E-002
   92.00000     -1.669122435292767E-002
   93.00000     -1.620808061887544E-002
   94.00000     -1.573598006843616E-002
   95.00000     -1.527471644285156E-002
   96.00000     -1.482408548232374E-002
   97.00000     -1.438388525345690E-002
   98.00000     -1.395391856790059E-002
   99.00000     -1.376284463731431E-002
   100.0000     -1.353397052214073E-002
   101.0000     -1.312387358321179E-002
   102.0000     -1.272341965878495E-002
   103.0000     -1.233242101877048E-002
   104.0000     -1.195069094200577E-002
   105.0000     -1.157804535800358E-002
   106.0000     -1.121430302768434E-002
   107.0000     -1.085928560899934E-002
   108.0000     -1.051281769452972E-002
   109.0000     -1.017472683583261E-002
   110.0000     -9.844843558657782E-003
   111.0000     -9.523001370743429E-003
   112.0000     -9.209036763198938E-003
   113.0000     -8.902789206209211E-003
   114.0000     -8.604101139660066E-003
   115.0000     -8.312817959214226E-003
   116.0000     -8.028787998305182E-003
   117.0000     -7.751862506482194E-003
   118.0000     -7.481895624496411E-003
   119.0000     -7.218744356484450E-003
   120.0000     -6.962268539588336E-003
   121.0000     -6.712330811311516E-003
   122.0000     -6.468796574899228E-003
   123.0000     -6.231533963014082E-003
   124.0000     -6.000413799967221E-003
   125.0000     -5.775309562779946E-003
   126.0000     -5.556097341405370E-003
   127.0000     -5.342655798636169E-003
   128.0000     -5.134866130867627E-003
   129.0000     -4.932612033469990E-003
   130.0000     -4.735779688254314E-003
   131.0000     -4.544257917244309E-003
   132.0000     -4.357950824671986E-003
   133.0000     -4.340569078474400E-003
   134.0000     -4.176706370047933E-003
   135.0000     -4.000469727915554E-003
   136.0000     -3.829119848344033E-003
   137.0000     -3.662557050410840E-003
   138.0000     -3.500683423521743E-003
   139.0000     -3.343403098245682E-003
   140.0000     -3.190622245358012E-003
   141.0000     -3.042249044209419E-003
   142.0000     -2.898193644991267E-003
   143.0000     -2.758368129669924E-003
   144.0000     -2.622686472908038E-003
   145.0000     -2.491064503436734E-003
   146.0000     -2.363419866097137E-003
   147.0000     -2.239671984669053E-003
   148.0000     -2.119742025578869E-003
   149.0000     -2.003552862560336E-003
   150.0000     -1.891029042339335E-003
   151.0000     -1.782096751415884E-003
   152.0000     -1.676683784018784E-003
   153.0000     -1.574719511317818E-003
   154.0000     -1.476134851983622E-003
   155.0000     -1.380862244203995E-003
   156.0000     -1.288835619271860E-003
   157.0000     -1.199990376888149E-003
   158.0000     -1.114263362338598E-003
   159.0000     -1.031592845737759E-003
   160.0000     -9.519185035658162E-004
   161.0000     -8.751814027708092E-004
   162.0000     -8.013239877618211E-004
   163.0000     -7.302900706921405E-004
   164.0000     -6.620248255138547E-004
   165.0000     -5.964747864021805E-004
   166.0000     -5.335878512865153E-004
   167.0000     -4.733132914121775E-004
   168.0000     -4.156017680941913E-004
   169.0000     -3.604053581430981E-004
   170.0000     -3.076775898609774E-004
   171.0000     -2.573734920743727E-004
   172.0000     -2.094496594442623E-004
   173.0000     -1.638643383693229E-004
   174.0000     -1.205775393116709E-004
   175.0000     -7.955118355298135E-005
   176.0000     -4.074929558060478E-005
   177.0000     -4.138257095230052E-006
