  0.0000000E+00 -9.012214102721051E-002
   1.000000     -8.919524970415148E-002
   2.000000     -8.827437641921790E-002
   3.000000     -8.735950594238547E-002
   4.000000     -8.645062300985415E-002
   5.000000     -8.554771232391162E-002
   6.000000     -8.465075855279086E-002
   7.000000     -8.375974633053600E-002
   8.000000     -8.287466025685634E-002
   9.000000     -8.199548489699066E-002
   10.00000     -8.112220478156683E-002
   11.00000     -8.025480440639049E-002
   12.00000     -7.939326823249750E-002
   13.00000     -7.853758068778668E-002
   14.00000     -7.768772615368398E-002
   15.00000     -7.684368897000154E-002
   16.00000     -7.600545371376977E-002
   17.00000     -7.517300422874411E-002
   18.00000     -7.434632198443557E-002
   19.00000     -7.352540456690954E-002
   20.00000     -7.271024004497119E-002
   21.00000     -7.190066883868543E-002
   22.00000     -7.109693545379986E-002
   23.00000     -7.029974427272545E-002
   24.00000     -6.950612182401736E-002
   25.00000     -6.871645105772918E-002
   26.00000     -6.794723250934596E-002
   27.00000     -6.717495703522661E-002
   28.00000     -6.636234953098344E-002
   29.00000     -6.564782175762267E-002
   30.00000     -6.498680016509333E-002
   31.00000     -6.408171712819982E-002
   32.00000     -6.318792382968905E-002
   33.00000     -6.287206800532072E-002
   34.00000     -6.190900987807218E-002
   35.00000     -6.081490852250145E-002
   36.00000     -5.991651735652192E-002
   37.00000     -5.968258909703120E-002
   38.00000     -5.856980849052899E-002
   39.00000     -5.744413903331751E-002
   40.00000     -5.631988128193811E-002
   41.00000     -5.605798645978086E-002
   42.00000     -5.519476833852527E-002
   43.00000     -5.407783180688905E-002
   44.00000     -5.296784978902851E-002
   45.00000     -5.186674323222292E-002
   46.00000     -5.155293550526593E-002
   47.00000     -5.077461397049703E-002
   48.00000     -4.969410380191680E-002
   49.00000     -4.862538097708419E-002
   50.00000     -4.756928724031723E-002
   51.00000     -4.652671369953693E-002
   52.00000     -4.637159430768056E-002
   53.00000     -4.549740735509195E-002
   54.00000     -4.448279320966400E-002
   55.00000     -4.348288563193498E-002
   56.00000     -4.249802827353319E-002
   57.00000     -4.152849393204136E-002
   58.00000     -4.057464371362974E-002
   59.00000     -4.047553116037005E-002
   60.00000     -3.963612377744136E-002
   61.00000     -3.871362559588346E-002
   62.00000     -3.780700887575023E-002
   63.00000     -3.691632236068287E-002
   64.00000     -3.604157816855061E-002
   65.00000     -3.518275956309289E-002
   66.00000     -3.433982870544594E-002
   67.00000     -3.381176664399090E-002
   68.00000     -3.351266364071976E-002
   69.00000     -3.270128458125956E-002
   70.00000     -3.190551187111818E-002
   71.00000     -3.112523781659370E-002
   72.00000     -3.036032736618439E-002
   73.00000     -2.961063178955801E-002
   74.00000     -2.887599090348237E-002
   75.00000     -2.815623463527208E-002
   76.00000     -2.745118453732450E-002
   77.00000     -2.676065710022068E-002
   78.00000     -2.631740842338950E-002
   79.00000     -2.608442987399166E-002
   80.00000     -2.542236313355237E-002
   81.00000     -2.477421287511142E-002
   82.00000     -2.413978054816352E-002
   83.00000     -2.351885714368394E-002
   84.00000     -2.291123077291456E-002
   85.00000     -2.231668764610514E-002
   86.00000     -2.173501268733271E-002
   87.00000     -2.116599004916108E-002
   88.00000     -2.060940356920413E-002
   89.00000     -2.006503718256216E-002
   90.00000     -1.953267530215867E-002
   91.00000     -1.901210319929491E-002
   92.00000     -1.850310760904061E-002
   93.00000     -1.800548815256033E-002
   94.00000     -1.792161984233624E-002
   95.00000     -1.751898800916580E-002
   96.00000     -1.704345274187084E-002
   97.00000     -1.657865272684229E-002
   98.00000     -1.612438408950712E-002
   99.00000     -1.568044442217114E-002
   100.0000     -1.524663362825149E-002
   101.0000     -1.482275412112895E-002
   102.0000     -1.440861094108700E-002
   103.0000     -1.400401184442287E-002
   104.0000     -1.360876737574291E-002
   105.0000     -1.322269092711261E-002
   106.0000     -1.284559878590563E-002
   107.0000     -1.247731017259902E-002
   108.0000     -1.211764726951459E-002
   109.0000     -1.176643524136914E-002
   110.0000     -1.142350224840404E-002
   111.0000     -1.108867945281438E-002
   112.0000     -1.076180101915222E-002
   113.0000     -1.044270345450097E-002
   114.0000     -1.013122887337611E-002
   115.0000     -9.827218435999045E-003
   116.0000     -9.530518883489665E-003
   117.0000     -9.240979258855425E-003
   118.0000     -8.958451625475188E-003
   119.0000     -8.682792183786736E-003
   120.0000     -8.545305869487995E-003
   121.0000     -8.413848413193890E-003
   122.0000     -8.151497798106037E-003
   123.0000     -7.895593225730942E-003
   124.0000     -7.646002142228380E-003
   125.0000     -7.402593354917024E-003
   126.0000     -7.165238209501029E-003
   127.0000     -6.933810640971256E-003
   128.0000     -6.708187149685306E-003
   129.0000     -6.488246763686835E-003
   130.0000     -6.273870996990099E-003
   131.0000     -6.064943806236461E-003
   132.0000     -5.861351546536492E-003
   133.0000     -5.662982926867468E-003
   134.0000     -5.469728965221859E-003
   135.0000     -5.281482943653637E-003
   136.0000     -5.098140363324971E-003
   137.0000     -4.919598899644657E-003
   138.0000     -4.745758357574335E-003
   139.0000     -4.576520627168132E-003
   140.0000     -4.411789639406235E-003
   141.0000     -4.251471322373314E-003
   142.0000     -4.095473557829948E-003
   143.0000     -3.943706138218083E-003
   144.0000     -3.796080724135511E-003
   145.0000     -3.652510802315423E-003
   146.0000     -3.512911644135484E-003
   147.0000     -3.377200264684484E-003
   148.0000     -3.245295382407300E-003
   149.0000     -3.117117379346098E-003
   150.0000     -2.992588261994772E-003
   151.0000     -2.871631622780196E-003
   152.0000     -2.754172602182174E-003
   153.0000     -2.640137851498402E-003
   154.0000     -2.529455496266638E-003
   155.0000     -2.422055100345464E-003
   156.0000     -2.317867630660859E-003
   157.0000     -2.216825422619893E-003
   158.0000     -2.118862146195057E-003
   159.0000     -2.023912772677447E-003
   160.0000     -1.931913542101711E-003
   161.0000     -1.842801931339434E-003
   162.0000     -1.756516622861422E-003
   163.0000     -1.672997474166025E-003
   164.0000     -1.592185487871039E-003
   165.0000     -1.514022782467775E-003
   166.0000     -1.438452563734565E-003
   167.0000     -1.365419096806151E-003
   168.0000     -1.294867678898763E-003
   169.0000     -1.226744612688498E-003
   170.0000     -1.160997180340759E-003
   171.0000     -1.097573618193202E-003
   172.0000     -1.036423092090200E-003
   173.0000     -9.774956733732904E-004
   174.0000     -9.207423155314491E-004
   175.0000     -8.661148315150759E-004
   176.0000     -8.135658717254944E-004
   177.0000     -7.630489026896518E-004
   178.0000     -7.145181864361593E-004
   179.0000     -6.679287605929303E-004
   180.0000     -6.232364192321134E-004
   181.0000     -5.803976944955735E-004
   182.0000     -5.393698390414202E-004
   183.0000     -5.001108093636864E-004
   184.0000     -4.625792500508512E-004
   185.0000     -4.267344790633367E-004
   186.0000     -3.925364741324672E-004
   187.0000     -3.599458604095911E-004
   188.0000     -3.289238995255334E-004
   189.0000     -2.994324802669007E-004
   190.0000     -2.714341111289829E-004
   191.0000     -2.448919150808892E-004
   192.0000     -2.197696269756037E-004
   193.0000     -1.960315941715417E-004
   194.0000     -1.736427811099286E-004
   195.0000     -1.525687788441960E-004
   196.0000     -1.327758208654380E-004
   197.0000     -1.142308070691930E-004
   198.0000     -9.690133843625890E-005
   199.0000     -8.075576608482265E-005
   200.0000     -6.576326000462193E-005
   201.0000     -5.189390537680050E-005
   202.0000     -3.911883858395477E-005
   203.0000     -2.741044207320442E-005
   204.0000     -1.674262963627948E-005
   205.0000     -7.091276627214545E-006
