  0.0000000E+00 -8.773057206809860E-002
   1.000000     -8.680984311886751E-002
   2.000000     -8.589514504834532E-002
   3.000000     -8.498646267841881E-002
   4.000000     -8.408378079745815E-002
   5.000000     -8.318708416018442E-002
   6.000000     -8.229635748752515E-002
   7.000000     -8.141158546648253E-002
   8.000000     -8.053275274999047E-002
   9.000000     -7.965984395677694E-002
   10.00000     -7.879284367123082E-002
   11.00000     -7.793173644322611E-002
   12.00000     -7.707650678783606E-002
   13.00000     -7.622713918715834E-002
   14.00000     -7.538361808682870E-002
   15.00000     -7.454592785753360E-002
   16.00000     -7.371405111494407E-002
   17.00000     -7.288797825432154E-002
   18.00000     -7.206768488469999E-002
   19.00000     -7.125315949340566E-002
   20.00000     -7.044441875124176E-002
   21.00000     -6.964135782375652E-002
   22.00000     -6.884384173058308E-002
   23.00000     -6.805282555695569E-002
   24.00000     -6.726761542275413E-002
   25.00000     -6.648329189120682E-002
   26.00000     -6.571121153361058E-002
   27.00000     -6.496148038637369E-002
   28.00000     -6.417494946015521E-002
   29.00000     -6.338040909146710E-002
   30.00000     -6.276622536083107E-002
   31.00000     -6.200563005145512E-002
   32.00000     -6.104182824039188E-002
   33.00000     -6.041491501679722E-002
   34.00000     -5.991066443760375E-002
   35.00000     -5.885780745187529E-002
   36.00000     -5.776815724265218E-002
   37.00000     -5.721098023896769E-002
   38.00000     -5.665574489060912E-002
   39.00000     -5.555084225158843E-002
   40.00000     -5.444360556592624E-002
   41.00000     -5.335361698775318E-002
   42.00000     -5.331082158670304E-002
   43.00000     -5.223769551036049E-002
   44.00000     -5.114452553870578E-002
   45.00000     -5.005954940451161E-002
   46.00000     -4.898456651895943E-002
   47.00000     -4.878480372383406E-002
   48.00000     -4.791906635424773E-002
   49.00000     -4.686593779526831E-002
   50.00000     -4.582515342724994E-002
   51.00000     -4.479743605184728E-002
   52.00000     -4.378349636689789E-002
   53.00000     -4.357099404868044E-002
   54.00000     -4.278329073937383E-002
   55.00000     -4.179788043544084E-002
   56.00000     -4.082731687991179E-002
   57.00000     -3.987188966332229E-002
   58.00000     -3.893182097226781E-002
   59.00000     -3.800730231190282E-002
   60.00000     -3.764291826233824E-002
   61.00000     -3.709832684861412E-002
   62.00000     -3.620517283497452E-002
   63.00000     -3.532778260223658E-002
   64.00000     -3.446618276795410E-002
   65.00000     -3.362036100860528E-002
   66.00000     -3.279027821385903E-002
   67.00000     -3.197587277471749E-002
   68.00000     -3.117707935418278E-002
   69.00000     -3.094713731511112E-002
   70.00000     -3.039371068290143E-002
   71.00000     -2.962576226815033E-002
   72.00000     -2.887304645591303E-002
   73.00000     -2.813542137758616E-002
   74.00000     -2.741273015559936E-002
   75.00000     -2.670480548905089E-002
   76.00000     -2.601147127493697E-002
   77.00000     -2.533254387496379E-002
   78.00000     -2.466783332084261E-002
   79.00000     -2.401714519760364E-002
   80.00000     -2.342101448586051E-002
   81.00000     -2.338019803444443E-002
   82.00000     -2.275701116617910E-002
   83.00000     -2.214716769118906E-002
   84.00000     -2.155052179149211E-002
   85.00000     -2.096686286230299E-002
   86.00000     -2.039597820130527E-002
   87.00000     -1.983765416758360E-002
   88.00000     -1.929167673123292E-002
   89.00000     -1.875783190584827E-002
   90.00000     -1.823590612489174E-002
   91.00000     -1.772568657721255E-002
   92.00000     -1.722696150877424E-002
   93.00000     -1.673952049695653E-002
   94.00000     -1.626315471028717E-002
   95.00000     -1.579765721054998E-002
   96.00000     -1.534282390894429E-002
   97.00000     -1.499313515007208E-002
   98.00000     -1.489843311314679E-002
   99.00000     -1.446432688191743E-002
   100.0000     -1.404027239298868E-002
   101.0000     -1.362608225441832E-002
   102.0000     -1.322156370161257E-002
   103.0000     -1.282652634193650E-002
   104.0000     -1.244078249031046E-002
   105.0000     -1.206414727256612E-002
   106.0000     -1.169643868543627E-002
   107.0000     -1.133747763888933E-002
   108.0000     -1.098708798704032E-002
   109.0000     -1.064509654997890E-002
   110.0000     -1.031133312778216E-002
   111.0000     -9.985630507600027E-003
   112.0000     -9.667824464532120E-003
   113.0000     -9.357753756917062E-003
   114.0000     -9.055260116592006E-003
   115.0000     -8.760188234625307E-003
   116.0000     -8.472385742982777E-003
   117.0000     -8.191703192558375E-003
   118.0000     -7.917994027960378E-003
   119.0000     -7.651114559425735E-003
   120.0000     -7.390923932230066E-003
   121.0000     -7.137284093962392E-003
   122.0000     -6.890059760131486E-003
   123.0000     -6.649118378842335E-003
   124.0000     -6.414330096316482E-003
   125.0000     -6.185567729451465E-003
   126.0000     -5.962706778791654E-003
   127.0000     -5.745625864576565E-003
   128.0000     -5.584454370555699E-003
   129.0000     -5.534195223953963E-003
   130.0000     -5.328320656802231E-003
   131.0000     -5.127869649019417E-003
   132.0000     -4.932734219331554E-003
   133.0000     -4.742804771942317E-003
   134.0000     -4.557973837701968E-003
   135.0000     -4.378136175585132E-003
   136.0000     -4.203188753529444E-003
   137.0000     -4.033030711260618E-003
   138.0000     -3.867563318941669E-003
   139.0000     -3.706689934728829E-003
   140.0000     -3.550315962159741E-003
   141.0000     -3.398348807736590E-003
   142.0000     -3.250697838874648E-003
   143.0000     -3.107274342318346E-003
   144.0000     -2.967991483093198E-003
   145.0000     -2.832764264051727E-003
   146.0000     -2.701509486056869E-003
   147.0000     -2.574145708845996E-003
   148.0000     -2.450593212613951E-003
   149.0000     -2.330773960350441E-003
   150.0000     -2.214611560967450E-003
   151.0000     -2.102031233252631E-003
   152.0000     -1.992959770682403E-003
   153.0000     -1.887325507133698E-003
   154.0000     -1.785058283530584E-003
   155.0000     -1.686089415469610E-003
   156.0000     -1.590351661867808E-003
   157.0000     -1.497779194685429E-003
   158.0000     -1.408307569779317E-003
   159.0000     -1.321873698953018E-003
   160.0000     -1.238415823277120E-003
   161.0000     -1.157873487769043E-003
   162.0000     -1.080187517533181E-003
   163.0000     -1.005299995483533E-003
   164.0000     -9.331542417902213E-004
   165.0000     -8.636947952254638E-004
   166.0000     -7.968673966116432E-004
   167.0000     -7.326189746257091E-004
   168.0000     -6.708976342620989E-004
   169.0000     -6.116526483289527E-004
   170.0000     -5.548344524391113E-004
   171.0000     -5.003946440666906E-004
   172.0000     -4.482859863877564E-004
   173.0000     -3.984624178078794E-004
   174.0000     -3.508790683279854E-004
   175.0000     -3.054922842279502E-004
   176.0000     -2.622596629907000E-004
   177.0000     -2.211401009921463E-004
   178.0000     -1.820938573233750E-004
   179.0000     -1.450826382887445E-004
   180.0000     -1.100697088216577E-004
   181.0000     -7.702003954031425E-005
   182.0000     -4.590050188853486E-005
   183.0000     -1.668012953485427E-005
