  0.0000000E+00 -8.742062437575973E-002
   1.000000     -8.650069717349695E-002
   2.000000     -8.558680254202876E-002
   3.000000     -8.467892531031768E-002
   4.000000     -8.377705027386151E-002
   5.000000     -8.288116219453903E-002
   6.000000     -8.199124580048185E-002
   7.000000     -8.110728578593231E-002
   8.000000     -8.022926681110644E-002
   9.000000     -7.935717350205437E-002
   10.00000     -7.849099045052685E-002
   11.00000     -7.763070221381034E-002
   12.00000     -7.677629331440741E-002
   13.00000     -7.592774824176397E-002
   14.00000     -7.508505145006690E-002
   15.00000     -7.424818731751991E-002
   16.00000     -7.341714033449874E-002
   17.00000     -7.259189530190374E-002
   18.00000     -7.177243368485837E-002
   19.00000     -7.095874068974886E-002
   20.00000     -7.015083399615951E-002
   21.00000     -6.934862153691485E-002
   22.00000     -6.855193314048658E-002
   23.00000     -6.776168218489512E-002
   24.00000     -6.697750082536483E-002
   25.00000     -6.619421308827814E-002
   26.00000     -6.542166024201172E-002
   27.00000     -6.467342809004929E-002
   28.00000     -6.389212261417146E-002
   29.00000     -6.309163183049871E-002
   30.00000     -6.247083553649738E-002
   31.00000     -6.173402086214494E-002
   32.00000     -6.077616239792701E-002
   33.00000     -6.008606235277036E-002
   34.00000     -5.964692916131595E-002
   35.00000     -5.860373181702488E-002
   36.00000     -5.751666427275859E-002
   37.00000     -5.686341735248782E-002
   38.00000     -5.640684651618501E-002
   39.00000     -5.530519685247452E-002
   40.00000     -5.420034906349645E-002
   41.00000     -5.310051255122247E-002
   42.00000     -5.296856452292325E-002
   43.00000     -5.199897375023325E-002
   44.00000     -5.090800941131787E-002
   45.00000     -4.982516241722701E-002
   46.00000     -4.875205335013669E-002
   47.00000     -4.842603210918583E-002
   48.00000     -4.768881373925568E-002
   49.00000     -4.663772223751306E-002
   50.00000     -4.559892825669261E-002
   51.00000     -4.457316849049332E-002
   52.00000     -4.356108844838730E-002
   53.00000     -4.320780309038261E-002
   54.00000     -4.256285383345308E-002
   55.00000     -4.157933203418500E-002
   56.00000     -4.061062505496625E-002
   57.00000     -3.965703013002812E-002
   58.00000     -3.871877029255304E-002
   59.00000     -3.779602744223035E-002
   60.00000     -3.727550676942238E-002
   61.00000     -3.688882079131110E-002
   62.00000     -3.599742297297044E-002
   63.00000     -3.512175959295190E-002
   64.00000     -3.426186656693517E-002
   65.00000     -3.341773251739549E-002
   66.00000     -3.258931883496990E-002
   67.00000     -3.177656400734932E-002
   68.00000     -3.097939233105379E-002
   69.00000     -3.057559178481456E-002
   70.00000     -3.019764781358390E-002
   71.00000     -2.943130402323032E-002
   72.00000     -2.868017221680383E-002
   73.00000     -2.794411487263991E-002
   74.00000     -2.722297572990272E-002
   75.00000     -2.651658789194465E-002
   76.00000     -2.582477561173254E-002
   77.00000     -2.514735557520910E-002
   78.00000     -2.448413806592416E-002
   79.00000     -2.383492837926017E-002
   80.00000     -2.319953880354259E-002
   81.00000     -2.304523015753323E-002
   82.00000     -2.257771220628651E-002
   83.00000     -2.196930970812934E-002
   84.00000     -2.137409098930454E-002
   85.00000     -2.079184674281741E-002
   86.00000     -2.022236466133659E-002
   87.00000     -1.966543141222896E-002
   88.00000     -1.912083325259300E-002
   89.00000     -1.858835647368898E-002
   90.00000     -1.806778778046729E-002
   91.00000     -1.755891462798472E-002
   92.00000     -1.706152552283938E-002
   93.00000     -1.657541029526082E-002
   94.00000     -1.610036034973167E-002
   95.00000     -1.563616891833254E-002
   96.00000     -1.518263147515856E-002
   97.00000     -1.473955078627847E-002
   98.00000     -1.461326346361425E-002
   99.00000     -1.430670072211632E-002
   100.0000     -1.388391749548492E-002
   101.0000     -1.347098921669395E-002
   102.0000     -1.306772420063409E-002
   103.0000     -1.267393238111121E-002
   104.0000     -1.228942632726665E-002
   105.0000     -1.191402140255962E-002
   106.0000     -1.154753583504255E-002
   107.0000     -1.118979076250781E-002
   108.0000     -1.084061026440336E-002
   109.0000     -1.049982138411026E-002
   110.0000     -1.016725414320534E-002
   111.0000     -9.842741548710603E-003
   112.0000     -9.526119594100969E-003
   113.0000     -9.217227254702419E-003
   114.0000     -8.915906478052639E-003
   115.0000     -8.622002169727307E-003
   116.0000     -8.335362175095158E-003
   117.0000     -8.055837257430164E-003
   118.0000     -7.783281072770462E-003
   119.0000     -7.517550141887244E-003
   120.0000     -7.258503819705742E-003
   121.0000     -7.006004262510419E-003
   122.0000     -6.759916393268893E-003
   123.0000     -6.520107865472150E-003
   124.0000     -6.286449026098254E-003
   125.0000     -6.058812879013875E-003
   126.0000     -5.837075053023348E-003
   127.0000     -5.621113794608372E-003
   128.0000     -5.410810159883566E-003
   129.0000     -5.206097979913558E-003
   130.0000     -5.200346097099882E-003
   131.0000     -5.006705061038618E-003
   132.0000     -4.812681764337025E-003
   133.0000     -4.623862300094228E-003
   134.0000     -4.440139754024284E-003
   135.0000     -4.261409156503184E-003
   136.0000     -4.087567707280549E-003
   137.0000     -3.918514769191155E-003
   138.0000     -3.754151833925662E-003
   139.0000     -3.594382481917895E-003
   140.0000     -3.439112340767185E-003
   141.0000     -3.288249043430953E-003
   142.0000     -3.141702186635978E-003
   143.0000     -2.999383289709134E-003
   144.0000     -2.861205753937530E-003
   145.0000     -2.727084822539484E-003
   146.0000     -2.596937541298862E-003
   147.0000     -2.470682719916416E-003
   148.0000     -2.348240894122329E-003
   149.0000     -2.229534288593271E-003
   150.0000     -2.114486780715933E-003
   151.0000     -2.003023865242366E-003
   152.0000     -1.895072619878548E-003
   153.0000     -1.790561671854787E-003
   154.0000     -1.689421165528849E-003
   155.0000     -1.591582731076798E-003
   156.0000     -1.496979454333388E-003
   157.0000     -1.405545847851807E-003
   158.0000     -1.317217823262731E-003
   159.0000     -1.231932665023770E-003
   160.0000     -1.149629005666640E-003
   161.0000     -1.070246802668417E-003
   162.0000     -9.937273170929873E-004
   163.0000     -9.200130941823319E-004
   164.0000     -8.490479461061586E-004
   165.0000     -7.807769371277115E-004
   166.0000     -7.151463714930460E-004
   167.0000     -6.521037844240704E-004
   168.0000     -5.915979366770753E-004
   169.0000     -5.335788132446905E-004
   170.0000     -4.779976269162388E-004
   171.0000     -4.248068275993292E-004
   172.0000     -3.739601185459772E-004
   173.0000     -3.254124809464363E-004
   174.0000     -2.791202087855768E-004
   175.0000     -2.350409564382942E-004
   176.0000     -1.931338022874781E-004
   177.0000     -1.533593327743785E-004
   178.0000     -1.156797528982789E-004
   179.0000     -8.005903152003692E-005
   180.0000     -4.646309329604249E-005
   181.0000     -1.486007436336025E-005
