  0.0000000E+00 -8.983304471869601E-002
   1.000000     -8.890689607720141E-002
   2.000000     -8.798676700602169E-002
   3.000000     -8.707264228115427E-002
   4.000000     -8.616450664485138E-002
   5.000000     -8.526234480547801E-002
   6.000000     -8.436614143737546E-002
   7.000000     -8.347588118071692E-002
   8.000000     -8.259154864138267E-002
   9.000000     -8.171312839079130E-002
   10.00000     -8.084060496579290E-002
   11.00000     -7.997396286844390E-002
   12.00000     -7.911318656600998E-002
   13.00000     -7.825826049273600E-002
   14.00000     -7.740916903751779E-002
   15.00000     -7.656589654127682E-002
   16.00000     -7.572842757963687E-002
   17.00000     -7.489674612325180E-002
   18.00000     -7.407083343573694E-002
   19.00000     -7.325068595958600E-002
   20.00000     -7.243629701856893E-002
   21.00000     -7.162750761867233E-002
   22.00000     -7.082451186685702E-002
   23.00000     -7.002810327914195E-002
   24.00000     -6.923551092720362E-002
   25.00000     -6.844621651759167E-002
   26.00000     -6.767693925988172E-002
   27.00000     -6.690821441128052E-002
   28.00000     -6.609681067380818E-002
   29.00000     -6.537121228822639E-002
   30.00000     -6.472391012172921E-002
   31.00000     -6.383178063256280E-002
   32.00000     -6.290918388791943E-002
   33.00000     -6.259490096223778E-002
   34.00000     -6.166908944491333E-002
   35.00000     -6.057853311633303E-002
   36.00000     -5.959956166521851E-002
   37.00000     -5.944162312959501E-002
   38.00000     -5.833878248633382E-002
   39.00000     -5.721546094553183E-002
   40.00000     -5.609287031167547E-002
   41.00000     -5.572853391642931E-002
   42.00000     -5.497037505734877E-002
   43.00000     -5.385555920209983E-002
   44.00000     -5.274759553768540E-002
   45.00000     -5.164835939515033E-002
   46.00000     -5.121874491589306E-002
   47.00000     -5.055825964503707E-002
   48.00000     -4.947967931471557E-002
   49.00000     -4.841283472434314E-002
   50.00000     -4.735858674992070E-002
   51.00000     -4.631770605998848E-002
   52.00000     -4.603341940668371E-002
   53.00000     -4.529031924967809E-002
   54.00000     -4.427748272891329E-002
   55.00000     -4.327932350991762E-002
   56.00000     -4.229619118484388E-002
   57.00000     -4.132835885939049E-002
   58.00000     -4.037608642987104E-002
   59.00000     -4.013344599596398E-002
   60.00000     -3.943933150744127E-002
   61.00000     -3.851847911624471E-002
   62.00000     -3.761348619084629E-002
   63.00000     -3.672440450617710E-002
   64.00000     -3.585124687132252E-002
   65.00000     -3.499399687947009E-002
   66.00000     -3.415261493218059E-002
   67.00000     -3.346575407649654E-002
   68.00000     -3.332695958405271E-002
   69.00000     -3.251712672048586E-002
   70.00000     -3.172285729217798E-002
   71.00000     -3.094407029978394E-002
   72.00000     -3.018063151826374E-002
   73.00000     -2.943239263388969E-002
   74.00000     -2.869919381054481E-002
   75.00000     -2.798086528152513E-002
   76.00000     -2.727722879562614E-002
   77.00000     -2.658809978761002E-002
   78.00000     -2.596756074124361E-002
   79.00000     -2.591321570126427E-002
   80.00000     -2.525256786075539E-002
   81.00000     -2.460577927768734E-002
   82.00000     -2.397269566928309E-002
   83.00000     -2.335310869725318E-002
   84.00000     -2.274680680280315E-002
   85.00000     -2.215357647783456E-002
   86.00000     -2.157320291296927E-002
   87.00000     -2.100547051909706E-002
   88.00000     -2.045016338558760E-002
   89.00000     -1.990706569212211E-002
   90.00000     -1.937596208446811E-002
   91.00000     -1.885663803272609E-002
   92.00000     -1.834888026128745E-002
   93.00000     -1.785247851602710E-002
   94.00000     -1.756786542729813E-002
   95.00000     -1.736720566712448E-002
   96.00000     -1.689288308980474E-002
   97.00000     -1.642928419636067E-002
   98.00000     -1.597620770521574E-002
   99.00000     -1.553345157244553E-002
   100.0000     -1.510081594592111E-002
   101.0000     -1.467810346067103E-002
   102.0000     -1.426511937061413E-002
   103.0000     -1.386167164129544E-002
   104.0000     -1.346757102337470E-002
   105.0000     -1.308263111226918E-002
   106.0000     -1.270666839624418E-002
   107.0000     -1.233950229436089E-002
   108.0000     -1.198095518531547E-002
   109.0000     -1.163085242806641E-002
   110.0000     -1.128902237501235E-002
   111.0000     -1.095529637844790E-002
   112.0000     -1.062950879094343E-002
   113.0000     -1.031149696028543E-002
   114.0000     -1.000110121962025E-002
   115.0000     -9.698164873563193E-003
   116.0000     -9.402534181499249E-003
   117.0000     -9.114058341071915E-003
   118.0000     -8.832589483476459E-003
   119.0000     -8.557982756867187E-003
   120.0000     -8.290098135143106E-003
   121.0000     -8.187624474216974E-003
   122.0000     -8.028784149557521E-003
   123.0000     -7.773922090108074E-003
   124.0000     -7.525368542975699E-003
   125.0000     -7.282993348242617E-003
   126.0000     -7.046668111928986E-003
   127.0000     -6.816266958712424E-003
   128.0000     -6.591666563057071E-003
   129.0000     -6.372746121722557E-003
   130.0000     -6.159387314823819E-003
   131.0000     -5.951474263460641E-003
   132.0000     -5.748893485978616E-003
   133.0000     -5.551533853579094E-003
   134.0000     -5.359286545602791E-003
   135.0000     -5.172045004673228E-003
   136.0000     -4.989704891825513E-003
   137.0000     -4.812164041717772E-003
   138.0000     -4.639322418008580E-003
   139.0000     -4.471082068966332E-003
   140.0000     -4.307347083374140E-003
   141.0000     -4.148023546780450E-003
   142.0000     -3.993019498146507E-003
   143.0000     -3.842244886928769E-003
   144.0000     -3.695611530636337E-003
   145.0000     -3.553033072894745E-003
   146.0000     -3.414424942045617E-003
   147.0000     -3.279704310308241E-003
   148.0000     -3.148790053524636E-003
   149.0000     -3.021602711506219E-003
   150.0000     -2.898064449002489E-003
   151.0000     -2.778099017301232E-003
   152.0000     -2.661631716476391E-003
   153.0000     -2.548589358290402E-003
   154.0000     -2.438900229762858E-003
   155.0000     -2.332494057408400E-003
   156.0000     -2.229301972153085E-003
   157.0000     -2.129256474930112E-003
   158.0000     -2.032291402961413E-003
   159.0000     -1.938341896724848E-003
   160.0000     -1.847344367610278E-003
   161.0000     -1.759236466265691E-003
   162.0000     -1.673957051633184E-003
   163.0000     -1.591446160678069E-003
   164.0000     -1.511644978808892E-003
   165.0000     -1.434495810992331E-003
   166.0000     -1.359942053563082E-003
   167.0000     -1.287928166730726E-003
   168.0000     -1.218399647788999E-003
   169.0000     -1.151303005029502E-003
   170.0000     -1.086585732368098E-003
   171.0000     -1.024196284691411E-003
   172.0000     -9.640840539348743E-004
   173.0000     -9.061993459055122E-004
   174.0000     -8.504933578689391E-004
   175.0000     -7.969181569204142E-004
   176.0000     -7.454266591714742E-004
   177.0000     -6.959726097842982E-004
   178.0000     -6.485105638994531E-004
   179.0000     -6.029958685093103E-004
   180.0000     -5.593846453459475E-004
   181.0000     -5.176337748649585E-004
   182.0000     -4.777008814296332E-004
   183.0000     -4.395443198214276E-004
   184.0000     -4.031231632398885E-004
   185.0000     -3.683971929897409E-004
   186.0000     -3.353268901102016E-004
   187.0000     -3.038734292667144E-004
   188.0000     -2.739986753150544E-004
   189.0000     -2.456651830672386E-004
   190.0000     -2.188362009448836E-004
   191.0000     -1.934756794238709E-004
   192.0000     -1.695482854683914E-004
   193.0000     -1.470194245708157E-004
   194.0000     -1.258552726027508E-004
   195.0000     -1.060228205435031E-004
   196.0000     -8.748993642276670E-005
   197.0000     -7.022545074824216E-005
   198.0000     -5.419927470267188E-005
   199.0000     -3.938256525249241E-005
   200.0000     -2.574795942105269E-005
   201.0000     -1.326991412677805E-005
   202.0000     -1.925213961758043E-006
