  0.0000000E+00 -8.601240499958601E-002
   1.000000     -8.509612757336431E-002
   2.000000     -8.418589442941098E-002
   3.000000     -8.328168451850998E-002
   4.000000     -8.238348464007562E-002
   5.000000     -8.149127958962683E-002
   6.000000     -8.060505412913338E-002
   7.000000     -7.972479298687457E-002
   8.000000     -7.885048085730849E-002
   9.000000     -7.798210240092739E-002
   10.00000     -7.711964224413141E-002
   11.00000     -7.626308497908101E-002
   12.00000     -7.541241516333290E-002
   13.00000     -7.456761732086772E-002
   14.00000     -7.372867594477242E-002
   15.00000     -7.289557545573422E-002
   16.00000     -7.206830028233482E-002
   17.00000     -7.124683541805060E-002
   18.00000     -7.043116352204587E-002
   19.00000     -6.962126468773358E-002
   20.00000     -6.881715407929764E-002
   21.00000     -6.801880015726504E-002
   22.00000     -6.722593587383693E-002
   23.00000     -6.643914419763196E-002
   24.00000     -6.565932281331227E-002
   25.00000     -6.488140087603401E-002
   26.00000     -6.410769415585980E-002
   27.00000     -6.336183938553928E-002
   28.00000     -6.260535018431662E-002
   29.00000     -6.179501315594380E-002
   30.00000     -6.111565536113897E-002
   31.00000     -6.048546885314284E-002
   32.00000     -5.957365217812084E-002
   33.00000     -5.864764144685566E-002
   34.00000     -5.838143041266213E-002
   35.00000     -5.744726034705772E-002
   36.00000     -5.637464284513390E-002
   37.00000     -5.532439817603948E-002
   38.00000     -5.523218785402195E-002
   39.00000     -5.418821667847343E-002
   40.00000     -5.309446698251909E-002
   41.00000     -5.200263342730205E-002
   42.00000     -5.135999435960011E-002
   43.00000     -5.091346547425723E-002
   44.00000     -4.983278472409203E-002
   45.00000     -4.875965518218772E-002
   46.00000     -4.769586773699802E-002
   47.00000     -4.679467576562474E-002
   48.00000     -4.664167632496991E-002
   49.00000     -4.560028104196607E-002
   50.00000     -4.457055179509676E-002
   51.00000     -4.355370484433133E-002
   52.00000     -4.255035068938046E-002
   53.00000     -4.156509819998396E-002
   54.00000     -4.155219839400329E-002
   55.00000     -4.058587392219527E-002
   56.00000     -3.962561758958161E-002
   57.00000     -3.868035870875153E-002
   58.00000     -3.775032923043731E-002
   59.00000     -3.683570488362253E-002
   60.00000     -3.593663736669479E-002
   61.00000     -3.560511661617013E-002
   62.00000     -3.505308285654930E-002
   63.00000     -3.418528233771617E-002
   64.00000     -3.333315426560630E-002
   65.00000     -3.249669783945805E-002
   66.00000     -3.167587739690346E-002
   67.00000     -3.087063311191482E-002
   68.00000     -3.008088464840447E-002
   69.00000     -2.930653865441897E-002
   70.00000     -2.888649171279288E-002
   71.00000     -2.854742800999335E-002
   72.00000     -2.780351106503855E-002
   73.00000     -2.707458719691425E-002
   74.00000     -2.636050997725828E-002
   75.00000     -2.566111481340343E-002
   76.00000     -2.497622768813179E-002
   77.00000     -2.430566685072583E-002
   78.00000     -2.364924399353859E-002
   79.00000     -2.300676528886483E-002
   80.00000     -2.237803245625394E-002
   81.00000     -2.176284522442486E-002
   82.00000     -2.133737819537970E-002
   83.00000     -2.116097012922220E-002
   84.00000     -2.057225716846063E-002
   85.00000     -1.999645320650094E-002
   86.00000     -1.943335616615090E-002
   87.00000     -1.888275455358517E-002
   88.00000     -1.834443602282311E-002
   89.00000     -1.781818816450682E-002
   90.00000     -1.730379894203057E-002
   91.00000     -1.680105704249545E-002
   92.00000     -1.630975218233649E-002
   93.00000     -1.582967537869114E-002
   94.00000     -1.536061919172858E-002
   95.00000     -1.490237794194083E-002
   96.00000     -1.445474790758979E-002
   97.00000     -1.401752751521293E-002
   98.00000     -1.359051758671234E-002
   99.00000     -1.317352240846079E-002
   100.0000     -1.288650703185677E-002
   101.0000     -1.276633185683379E-002
   102.0000     -1.236878668293197E-002
   103.0000     -1.198067355431797E-002
   104.0000     -1.160181120800122E-002
   105.0000     -1.123201641080856E-002
   106.0000     -1.087110852889640E-002
   107.0000     -1.051890978013513E-002
   108.0000     -1.017524530185998E-002
   109.0000     -9.839943182988243E-003
   110.0000     -9.512834481921572E-003
   111.0000     -9.193753235534303E-003
   112.0000     -8.882536461220799E-003
   113.0000     -8.579024153053366E-003
   114.0000     -8.283059272771629E-003
   115.0000     -7.994487736181163E-003
   116.0000     -7.713158395455849E-003
   117.0000     -7.438923017782766E-003
   118.0000     -7.171636260747400E-003
   119.0000     -6.911155644822816E-003
   120.0000     -6.657341523294758E-003
   121.0000     -6.410057049929703E-003
   122.0000     -6.169168144665481E-003
   123.0000     -5.934543457586062E-003
   124.0000     -5.706054331419844E-003
   125.0000     -5.483574762785242E-003
   126.0000     -5.266981362396484E-003
   127.0000     -5.056153314428879E-003
   128.0000     -4.850972335255738E-003
   129.0000     -4.651322631791069E-003
   130.0000     -4.457090859780059E-003
   131.0000     -4.268166082693462E-003
   132.0000     -4.084439733024751E-003
   133.0000     -3.905805582797801E-003
   134.0000     -3.732159762346241E-003
   135.0000     -3.563401338163062E-003
   136.0000     -3.454565767570212E-003
   137.0000     -3.399421926052486E-003
   138.0000     -3.240141640849260E-003
   139.0000     -3.085452740775345E-003
   140.0000     -2.935264450317628E-003
   141.0000     -2.789485753048223E-003
   142.0000     -2.648027475413121E-003
   143.0000     -2.510802361540239E-003
   144.0000     -2.377725055898159E-003
   145.0000     -2.248712071925507E-003
   146.0000     -2.123681757899665E-003
   147.0000     -2.002554262656977E-003
   148.0000     -1.885251502000409E-003
   149.0000     -1.771697126146258E-003
   150.0000     -1.661816488421478E-003
   151.0000     -1.555536615368476E-003
   152.0000     -1.452786178411974E-003
   153.0000     -1.353495467242574E-003
   154.0000     -1.257596365095520E-003
   155.0000     -1.165022326122773E-003
   156.0000     -1.075708355093549E-003
   157.0000     -9.895909896980822E-004
   158.0000     -9.066082857817061E-004
   159.0000     -8.266998059048499E-004
   160.0000     -7.498066117040684E-004
   161.0000     -6.758712606372378E-004
   162.0000     -6.048378078273683E-004
   163.0000     -5.366518138927857E-004
   164.0000     -4.712603598707165E-004
   165.0000     -4.086120706325127E-004
   166.0000     -3.486571485689459E-004
   167.0000     -2.913474198337597E-004
   168.0000     -2.366363961210183E-004
   169.0000     -1.844793558937936E-004
   170.0000     -1.348334502940529E-004
   171.0000     -8.765784081734513E-005
   172.0000     -4.291387851136871E-005
   173.0000     -5.653383988832745E-007
