  0.0000000E+00 -8.713042474295563E-002
   1.000000     -8.621124885640429E-002
   2.000000     -8.529810713083416E-002
   3.000000     -8.439098440191450E-002
   4.000000     -8.348986547188922E-002
   5.000000     -8.259473510942056E-002
   6.000000     -8.170557804946246E-002
   7.000000     -8.082237899311799E-002
   8.000000     -7.994512260750264E-002
   9.000000     -7.907379352560649E-002
   10.00000     -7.820837634616046E-002
   11.00000     -7.734885563347342E-002
   12.00000     -7.649521591709696E-002
   13.00000     -7.564744169343846E-002
   14.00000     -7.480551742469482E-002
   15.00000     -7.396942749677568E-002
   16.00000     -7.313915638624267E-002
   17.00000     -7.231468895294806E-002
   18.00000     -7.149600686845814E-002
   19.00000     -7.068309410723736E-002
   20.00000     -6.987596874437940E-002
   21.00000     -6.907455111292687E-002
   22.00000     -6.827864243964311E-002
   23.00000     -6.748910500761106E-002
   24.00000     -6.670586563499695E-002
   25.00000     -6.592360384567773E-002
   26.00000     -6.515065950674701E-002
   27.00000     -6.440350035975763E-002
   28.00000     -6.362724844623008E-002
   29.00000     -6.282245223434144E-002
   30.00000     -6.219301339541676E-002
   31.00000     -6.147884746888741E-002
   32.00000     -6.052796450249346E-002
   33.00000     -5.977969915657427E-002
   34.00000     -5.939740664195882E-002
   35.00000     -5.836571479318581E-002
   36.00000     -5.728129861288354E-002
   37.00000     -5.653814728923266E-002
   38.00000     -5.617332819083608E-002
   39.00000     -5.507514032880316E-002
   40.00000     -5.397254535722790E-002
   41.00000     -5.287342407593439E-002
   42.00000     -5.263810772115664E-002
   43.00000     -5.177540626644109E-002
   44.00000     -5.068651744221781E-002
   45.00000     -4.960566714843744E-002
   46.00000     -4.853442965439365E-002
   47.00000     -4.808994159970491E-002
   48.00000     -4.747318283065747E-002
   49.00000     -4.642400691798835E-002
   50.00000     -4.538707790077399E-002
   51.00000     -4.436315246654075E-002
   52.00000     -4.335285379027955E-002
   53.00000     -4.286765022702230E-002
   54.00000     -4.235642021818372E-002
   55.00000     -4.137467227002632E-002
   56.00000     -4.040770454775643E-002
   57.00000     -3.945582596621260E-002
   58.00000     -3.851926064540480E-002
   59.00000     -3.759818663556763E-002
   60.00000     -3.693144673991906E-002
   61.00000     -3.669261742136694E-002
   62.00000     -3.580287788513438E-002
   63.00000     -3.492883225597425E-002
   64.00000     -3.407053800290659E-002
   65.00000     -3.322798482185281E-002
   66.00000     -3.240113461221066E-002
   67.00000     -3.158992608846101E-002
   68.00000     -3.079428050998147E-002
   69.00000     -3.022765383722542E-002
   70.00000     -3.001404196603648E-002
   71.00000     -2.924920915577895E-002
   72.00000     -2.849956131360264E-002
   73.00000     -2.776497255303299E-002
   74.00000     -2.704528732438233E-002
   75.00000     -2.634033912751880E-002
   76.00000     -2.564995255501610E-002
   77.00000     -2.497394460416221E-002
   78.00000     -2.431212582374821E-002
   79.00000     -2.366430153470401E-002
   80.00000     -2.303027563220569E-002
   81.00000     -2.269341907348255E-002
   82.00000     -2.240981625354940E-002
   83.00000     -2.180276579264546E-002
   84.00000     -2.120888427975878E-002
   85.00000     -2.062796546594627E-002
   86.00000     -2.005979748938794E-002
   87.00000     -1.950416731847422E-002
   88.00000     -1.896086148293080E-002
   89.00000     -1.842966653606234E-002
   90.00000     -1.791036943863234E-002
   91.00000     -1.740275789657227E-002
   92.00000     -1.690662066257984E-002
   93.00000     -1.642174780718701E-002
   94.00000     -1.594793096511920E-002
   95.00000     -1.548496356955443E-002
   96.00000     -1.503264113186203E-002
   97.00000     -1.459076219901840E-002
   98.00000     -1.425755913830778E-002
   99.00000     -1.415910871272139E-002
   100.0000     -1.373752287185073E-002
   101.0000     -1.332577753508603E-002
   102.0000     -1.292368754600306E-002
   103.0000     -1.253106327995229E-002
   104.0000     -1.214771756474307E-002
   105.0000     -1.177346599260855E-002
   106.0000     -1.140812701140694E-002
   107.0000     -1.105152197461531E-002
   108.0000     -1.070347517477589E-002
   109.0000     -1.036381386639108E-002
   110.0000     -1.003236828049500E-002
   111.0000     -9.708971632096228E-003
   112.0000     -9.393460121321390E-003
   113.0000     -9.085672928932998E-003
   114.0000     -8.785452206790915E-003
   115.0000     -8.492643063777856E-003
   116.0000     -8.207093547646954E-003
   117.0000     -7.928654623224526E-003
   118.0000     -7.657180147355673E-003
   119.0000     -7.392526840949404E-003
   120.0000     -7.134554258466467E-003
   121.0000     -6.883124755157800E-003
   122.0000     -6.638103452352368E-003
   123.0000     -6.399358201110335E-003
   124.0000     -6.166759544576911E-003
   125.0000     -5.940180679553739E-003
   126.0000     -5.719497418303213E-003
   127.0000     -5.504588153625939E-003
   128.0000     -5.295333840287702E-003
   129.0000     -5.091618087181813E-003
   130.0000     -4.893330248960315E-003
   131.0000     -4.840747036401630E-003
   132.0000     -4.700342759704485E-003
   133.0000     -4.512566916628599E-003
   134.0000     -4.329885976648708E-003
   135.0000     -4.152195795067807E-003
   136.0000     -3.979393861347662E-003
   137.0000     -3.811379769679649E-003
   138.0000     -3.648055231518215E-003
   139.0000     -3.489324045155325E-003
   140.0000     -3.335092057115250E-003
   141.0000     -3.185267121602837E-003
   142.0000     -3.039759059640060E-003
   143.0000     -2.898479618438358E-003
   144.0000     -2.761342431250272E-003
   145.0000     -2.628262977823453E-003
   146.0000     -2.499158545542147E-003
   147.0000     -2.373948191322018E-003
   148.0000     -2.252552704310948E-003
   149.0000     -2.134894569452395E-003
   150.0000     -2.020897931960261E-003
   151.0000     -1.910488562758581E-003
   152.0000     -1.803593824942194E-003
   153.0000     -1.700142641317942E-003
   154.0000     -1.600065463090497E-003
   155.0000     -1.503294239766778E-003
   156.0000     -1.409762390359927E-003
   157.0000     -1.319404775986145E-003
   158.0000     -1.232157673962569E-003
   159.0000     -1.147958753531940E-003
   160.0000     -1.066747053359570E-003
   161.0000     -9.884629609799502E-004
   162.0000     -9.130481943971018E-004
   163.0000     -8.404457860910130E-004
   164.0000     -7.706000697284976E-004
   165.0000     -7.034566699451224E-004
   166.0000     -6.389624956444738E-004
   167.0000     -5.770657373670116E-004
   168.0000     -5.177158694106889E-004
   169.0000     -4.608636575598135E-004
   170.0000     -4.064611735002308E-004
   171.0000     -3.544618172963066E-004
   172.0000     -3.048203496941151E-004
   173.0000     -2.574929365485326E-004
   174.0000     -2.124372083947116E-004
   175.0000     -1.696123391904415E-004
   176.0000     -1.289791496764594E-004
   177.0000     -9.050024284431558E-005
   178.0000     -5.414018200077916E-005
   179.0000     -1.986572642751012E-005
