  0.0000000E+00 -9.064884105790880E-002
   1.000000     -8.972059822066733E-002
   2.000000     -8.879837064398162E-002
   3.000000     -8.788214308702659E-002
   4.000000     -8.697190027515381E-002
   5.000000     -8.606762689975474E-002
   6.000000     -8.516930761811979E-002
   7.000000     -8.427692705329999E-002
   8.000000     -8.339046979396694E-002
   9.000000     -8.250992039427066E-002
   10.00000     -8.163526337370355E-002
   11.00000     -8.076648321688076E-002
   12.00000     -7.990356437369063E-002
   13.00000     -7.904649126059719E-002
   14.00000     -7.819524824575903E-002
   15.00000     -7.734981966865037E-002
   16.00000     -7.651019010107130E-002
   17.00000     -7.567634315278005E-002
   18.00000     -7.484826080791841E-002
   19.00000     -7.402594241342990E-002
   20.00000     -7.320936554238437E-002
   21.00000     -7.239837510193792E-002
   22.00000     -7.159330450589484E-002
   23.00000     -7.079465558255847E-002
   24.00000     -6.999917967824827E-002
   25.00000     -6.920900544108095E-002
   26.00000     -6.843952010700258E-002
   27.00000     -6.766046203178157E-002
   28.00000     -6.684750787230229E-002
   29.00000     -6.615201419485942E-002
   30.00000     -6.546247146180252E-002
   31.00000     -6.453706306930367E-002
   32.00000     -6.371433065576991E-002
   33.00000     -6.335710940636745E-002
   34.00000     -6.234553805246646E-002
   35.00000     -6.124556735589171E-002
   36.00000     -6.050218894848984E-002
   37.00000     -6.011280112891472E-002
   38.00000     -5.899053465106636E-002
   39.00000     -5.786064378620662E-002
   40.00000     -5.673712853301019E-002
   41.00000     -5.665427684695944E-002
   42.00000     -5.560343600561819E-002
   43.00000     -5.448267358828743E-002
   44.00000     -5.336902343876757E-002
   45.00000     -5.226517501831241E-002
   46.00000     -5.216097769906038E-002
   47.00000     -5.116866872512386E-002
   48.00000     -5.008466048216012E-002
   49.00000     -4.901251921586000E-002
   50.00000     -4.795306737526064E-002
   51.00000     -4.698863129251532E-002
   52.00000     -4.690632658900002E-002
   53.00000     -4.587460248125186E-002
   54.00000     -4.485675605721723E-002
   55.00000     -4.385366534381149E-002
   56.00000     -4.286566716178994E-002
   57.00000     -4.189303539001581E-002
   58.00000     -4.109909476543547E-002
   59.00000     -4.093582538924612E-002
   60.00000     -3.999457352164520E-002
   61.00000     -3.906908099005094E-002
   62.00000     -3.815950771065801E-002
   63.00000     -3.726589902728916E-002
   64.00000     -3.638826596835909E-002
   65.00000     -3.552659147571631E-002
   66.00000     -3.468085168823291E-002
   67.00000     -3.444202934083837E-002
   68.00000     -3.385088573056416E-002
   69.00000     -3.303673067890235E-002
   70.00000     -3.223822127519933E-002
   71.00000     -3.145523966109466E-002
   72.00000     -3.068764965684040E-002
   73.00000     -2.993530182076569E-002
   74.00000     -2.919803535667752E-002
   75.00000     -2.847567967325983E-002
   76.00000     -2.776805622694827E-002
   77.00000     -2.707499906315648E-002
   78.00000     -2.695468807376979E-002
   79.00000     -2.639623420859298E-002
   80.00000     -2.573165911625389E-002
   81.00000     -2.508103041065499E-002
   82.00000     -2.444414282877956E-002
   83.00000     -2.382078653232930E-002
   84.00000     -2.321074907742735E-002
   85.00000     -2.261381617297702E-002
   86.00000     -2.202977226283021E-002
   87.00000     -2.145840103298047E-002
   88.00000     -2.089948586708945E-002
   89.00000     -2.035281026308443E-002
   90.00000     -1.981815823419798E-002
   91.00000     -1.929531481914934E-002
   92.00000     -1.878406905754330E-002
   93.00000     -1.856600042498885E-002
   94.00000     -1.828418856032119E-002
   95.00000     -1.779549246821382E-002
   96.00000     -1.731775437877495E-002
   97.00000     -1.685076891268787E-002
   98.00000     -1.639433104394704E-002
   99.00000     -1.594823786910249E-002
   100.0000     -1.551228887575713E-002
   101.0000     -1.508628608334199E-002
   102.0000     -1.467003414828139E-002
   103.0000     -1.426334044968650E-002
   104.0000     -1.386601516037754E-002
   105.0000     -1.347787130544605E-002
   106.0000     -1.309872480978191E-002
   107.0000     -1.272839453565823E-002
   108.0000     -1.236670231133144E-002
   109.0000     -1.201347295149655E-002
   110.0000     -1.166853427038407E-002
   111.0000     -1.133171708825449E-002
   112.0000     -1.100285523208026E-002
   113.0000     -1.068178553141807E-002
   114.0000     -1.036834781127484E-002
   115.0000     -1.006238488716104E-002
   116.0000     -9.763742586594249E-003
   117.0000     -9.472270018105971E-003
   118.0000     -9.196842581770679E-003
   119.0000     -9.187765319661825E-003
   120.0000     -8.910236637424809E-003
   121.0000     -8.639392451764363E-003
   122.0000     -8.375140390999899E-003
   123.0000     -8.117343732027918E-003
   124.0000     -7.865868190748719E-003
   125.0000     -7.620582132482356E-003
   126.0000     -7.381356568263575E-003
   127.0000     -7.148065122674415E-003
   128.0000     -6.920583994583323E-003
   129.0000     -6.698791915245601E-003
   130.0000     -6.482570105095205E-003
   131.0000     -6.271802229755362E-003
   132.0000     -6.066374355553945E-003
   133.0000     -5.866174904713059E-003
   134.0000     -5.671094610353534E-003
   135.0000     -5.481026471421613E-003
   136.0000     -5.295865707629849E-003
   137.0000     -5.115509714497890E-003
   138.0000     -4.939858018559804E-003
   139.0000     -4.768812232811215E-003
   140.0000     -4.602276012442935E-003
   141.0000     -4.440155010923429E-003
   142.0000     -4.282356836467782E-003
   143.0000     -4.128791008940047E-003
   144.0000     -3.979368917220633E-003
   145.0000     -3.834003777072300E-003
   146.0000     -3.692610589536085E-003
   147.0000     -3.555106099874915E-003
   148.0000     -3.421408757092958E-003
   149.0000     -3.291438674042328E-003
   150.0000     -3.165117588140383E-003
   151.0000     -3.042368822702448E-003
   152.0000     -2.923117248905379E-003
   153.0000     -2.807289248390624E-003
   154.0000     -2.694812676509667E-003
   155.0000     -2.585616826220438E-003
   156.0000     -2.479632392636182E-003
   157.0000     -2.376791438228536E-003
   158.0000     -2.277027358685126E-003
   159.0000     -2.180274849422059E-003
   160.0000     -2.086469872747768E-003
   161.0000     -1.995549625676699E-003
   162.0000     -1.907452508389185E-003
   163.0000     -1.822118093331866E-003
   164.0000     -1.739487094955641E-003
   165.0000     -1.659501340083862E-003
   166.0000     -1.582103738904887E-003
   167.0000     -1.507238256584005E-003
   168.0000     -1.434849885485791E-003
   169.0000     -1.364884618001091E-003
   170.0000     -1.297289419971096E-003
   171.0000     -1.232012204701562E-003
   172.0000     -1.169001807558558E-003
   173.0000     -1.108207961139256E-003
   174.0000     -1.049581271010870E-003
   175.0000     -9.930731920103359E-004
   176.0000     -9.386360050963999E-004
   177.0000     -8.862227947512044E-004
   178.0000     -8.357874269221092E-004
   179.0000     -7.872845275007200E-004
   180.0000     -7.406694613336232E-004
   181.0000     -6.958983117618114E-004
   182.0000     -6.529278606868448E-004
   183.0000     -6.117155691619565E-004
   184.0000     -5.722195585101247E-004
   185.0000     -5.343985919711848E-004
   186.0000     -4.982120568840613E-004
   187.0000     -4.636199474124434E-004
   188.0000     -4.305828478268443E-004
   189.0000     -3.990619163595029E-004
   190.0000     -3.690188696556336E-004
   191.0000     -3.404159678515935E-004
   192.0000     -3.132160003188183E-004
   193.0000     -2.873822721252292E-004
   194.0000     -2.628785912795635E-004
   195.0000     -2.396692568446640E-004
   196.0000     -2.177190480284884E-004
   197.0000     -1.969932143965312E-004
   198.0000     -1.774574673907858E-004
   199.0000     -1.590779733993444E-004
   200.0000     -1.418213486997421E-004
   201.0000     -1.256546567067173E-004
   202.0000     -1.105454081077827E-004
   203.0000     -9.646156468509654E-005
   204.0000     -8.337154793341469E-005
   205.0000     -7.124425404427796E-005
   206.0000     -6.004907752053945E-005
   207.0000     -4.975594676023793E-005
   208.0000     -4.033537666351743E-005
   209.0000     -3.175854614473147E-005
   210.0000     -2.399741328521851E-005
   211.0000     -1.702488959296245E-005
   212.0000     -1.081511145414281E-005
   213.0000     -5.343880794111259E-006
   214.0000     -5.894227267245236E-007
