  0.0000000E+00 -1.144271320522974E-003
   1.000000     -1.069279084814585E-003
   2.000000     -9.964051453465656E-004
   3.000000     -9.256348496076929E-004
   4.000000     -8.569535859547380E-004
   5.000000     -7.903467988859688E-004
   6.000000     -7.258000066508917E-004
   7.000000     -6.632988216158942E-004
   8.000000     -6.028289738970669E-004
   9.000000     -5.443763388880741E-004
   10.00000     -4.879269694603329E-004
   11.00000     -4.334671338039324E-004
   12.00000     -3.809833601271068E-004
   13.00000     -3.304624897600077E-004
   14.00000     -2.818917406437138E-004
   15.00000     -2.352587837713392E-004
   16.00000     -1.905518359486779E-004
   17.00000     -1.477597733481142E-004
   18.00000     -1.068722718900147E-004
   19.00000     -6.787998272227242E-005
   20.00000     -3.077475434374094E-005
