  0.0000000E+00 -1.600776741022562E-003
   1.000000     -1.521090321776325E-003
   2.000000     -1.443469772513606E-003
   3.000000     -1.367898662943192E-003
   4.000000     -1.294360482987548E-003
   5.000000     -1.222838645135058E-003
   6.000000     -1.153316487237303E-003
   7.000000     -1.085777275820253E-003
   8.000000     -1.020204209986210E-003
   9.000000     -9.565804260004839E-004
   10.00000     -8.948890026713470E-004
   11.00000     -8.351129676541732E-004
   12.00000     -7.772353048340340E-004
   13.00000     -7.212389629737729E-004
   14.00000     -6.671068658506728E-004
   15.00000     -6.148219241548052E-004
   16.00000     -5.643670494801398E-004
   17.00000     -5.157251708163128E-004
   18.00000     -4.688792540449748E-004
   19.00000     -4.238123250687179E-004
   20.00000     -3.805074973629590E-004
   21.00000     -3.389480049509129E-004
   22.00000     -2.991172420847025E-004
   23.00000     -2.609988112914884E-004
   24.00000     -2.245765819574592E-004
   25.00000     -1.898347623313306E-004
   26.00000     -1.567579888245320E-004
   27.00000     -1.253314379058095E-004
   28.00000     -9.554096796056359E-005
   29.00000     -6.737330157176189E-005
   30.00000     -4.081626339889652E-005
   31.00000     -1.585909625553976E-005
