  0.0000000E+00 -2.188290381614452E-003
   1.000000     -2.102961676154607E-003
   2.000000     -2.019648131003306E-003
   3.000000     -1.938332139579315E-003
   4.000000     -1.858995962519440E-003
   5.000000     -1.781621725956031E-003
   6.000000     -1.706191419788759E-003
   7.000000     -1.632686895952777E-003
   8.000000     -1.561089866686796E-003
   9.000000     -1.491381902803616E-003
   10.00000     -1.423544431968089E-003
   11.00000     -1.357558736986648E-003
   12.00000     -1.293405954113093E-003
   13.00000     -1.231067071377543E-003
   14.00000     -1.170522926944963E-003
   15.00000     -1.111754207510260E-003
   16.00000     -1.054741446741338E-003
   17.00000     -9.994650237774812E-004
   18.00000     -9.459051617981822E-004
   19.00000     -8.940419266742265E-004
   20.00000     -8.438552257183333E-004
   21.00000     -7.953248065545521E-004
   22.00000     -7.484302561278350E-004
   23.00000     -7.031509998807776E-004
   24.00000     -6.594663011273679E-004
   25.00000     -6.173552606606479E-004
   26.00000     -5.767968166376160E-004
   27.00000     -5.377697447917848E-004
   28.00000     -5.002526590367040E-004
   29.00000     -4.642240125332814E-004
   30.00000     -4.296620993125152E-004
   31.00000     -3.965450565630412E-004
   32.00000     -3.648508677192732E-004
   33.00000     -3.345573665175321E-004
   34.00000     -3.056422422290809E-004
   35.00000     -2.780830463329933E-004
   36.00000     -2.518572009618098E-004
   37.00000     -2.269420095475874E-004
   38.00000     -2.033146702204879E-004
   39.00000     -1.809522926845484E-004
   40.00000     -1.598319195307205E-004
   41.00000     -1.399305532781275E-004
   42.00000     -1.212251909070148E-004
   43.00000     -1.036928683310390E-004
   44.00000     -8.731071827476041E-005
   45.00000     -7.205604656702538E-005
   46.00000     -5.790643427618553E-005
   47.00000     -4.483987700404549E-005
   48.00000     -3.283497915899246E-005
   49.00000     -2.187123237136184E-005
   50.00000     -1.192942803621227E-005
   51.00000     -2.992294649039407E-006
