  0.0000000E+00 -2.057249852133997E-003
   1.000000     -1.973145422843613E-003
   2.000000     -1.891066185700562E-003
   3.000000     -1.810994724062829E-003
   4.000000     -1.732913494842636E-003
   5.000000     -1.656804827152252E-003
   6.000000     -1.582650920977087E-003
   7.000000     -1.510433845882161E-003
   8.000000     -1.440135539760213E-003
   9.000000     -1.371737807629582E-003
   10.00000     -1.305222320492039E-003
   11.00000     -1.240570614261702E-003
   12.00000     -1.177764088778743E-003
   13.00000     -1.116784006922724E-003
   14.00000     -1.057611493843412E-003
   15.00000     -1.000227536328905E-003
   16.00000     -9.446129823365374E-004
   17.00000     -8.907485407121706E-004
   18.00000     -8.386147811322934E-004
   19.00000     -7.881921343066837E-004
   20.00000     -7.394608924864964E-004
   21.00000     -6.924012103323118E-004
   22.00000     -6.469931062048942E-004
   23.00000     -6.032164639563170E-004
   24.00000     -5.610510353121126E-004
   25.00000     -5.204764429561446E-004
   26.00000     -4.814721844524645E-004
   27.00000     -4.440176371694197E-004
   28.00000     -4.080920644083469E-004
   29.00000     -3.736746229891570E-004
   30.00000     -3.407443726059297E-004
   31.00000     -3.092802873493364E-004
   32.00000     -2.792612698980820E-004
   33.00000     -2.506661690251606E-004
   34.00000     -2.234738012564882E-004
   35.00000     -1.976629777802642E-004
   36.00000     -1.732125380679124E-004
   37.00000     -1.501013921749373E-004
   38.00000     -1.283085744172103E-004
   39.00000     -1.078133121783864E-004
   40.00000     -8.859511518408931E-005
   41.00000     -7.063389299540265E-005
   42.00000     -5.391011227294494E-005
   43.00000     -3.840501153686203E-005
   44.00000     -2.410090156899821E-005
   45.00000     -1.098159800559578E-005
