  0.0000000E+00 -2.497543721583446E-003
   1.000000     -2.409395202859209E-003
   2.000000     -2.323240518965463E-003
   3.000000     -2.239061730879073E-003
   4.000000     -2.156840759172390E-003
   5.000000     -2.076559382009026E-003
   6.000000     -1.998199233112254E-003
   7.000000     -1.921741799709095E-003
   8.000000     -1.847168420448280E-003
   9.000000     -1.774460283294346E-003
   10.00000     -1.703598423397250E-003
   11.00000     -1.634563720939645E-003
   12.00000     -1.567336898960781E-003
   13.00000     -1.501898521159677E-003
   14.00000     -1.438228989678343E-003
   15.00000     -1.376308542865250E-003
   16.00000     -1.316117253021501E-003
   17.00000     -1.257635024130763E-003
   18.00000     -1.200841589574538E-003
   19.00000     -1.145716509834976E-003
   20.00000     -1.092239170186621E-003
   21.00000     -1.040388778380098E-003
   22.00000     -9.901443623192389E-004
   23.00000     -9.414847677353164E-004
   24.00000     -8.943886558599664E-004
   25.00000     -8.488345011015830E-004
   26.00000     -8.048005887268679E-004
   27.00000     -7.622650125522612E-004
   28.00000     -7.212056726491841E-004
   29.00000     -6.816002730666612E-004
   30.00000     -6.434263195769386E-004
   31.00000     -6.066611174483424E-004
   32.00000     -5.712817692508446E-004
   33.00000     -5.372651727006503E-004
   34.00000     -5.045880185490610E-004
   35.00000     -4.732267885231665E-004
   36.00000     -4.431577533246748E-004
   37.00000     -4.143569706949860E-004
   38.00000     -3.868002835541466E-004
   39.00000     -3.604633182226136E-004
   40.00000     -3.353214827347709E-004
   41.00000     -3.113499652537454E-004
   42.00000     -2.885237325984537E-004
   43.00000     -2.668175288926254E-004
   44.00000     -2.462058743486702E-004
   45.00000     -2.266630641975349E-004
   46.00000     -2.081631677777981E-004
   47.00000     -1.906800277975132E-004
   48.00000     -1.741872597828416E-004
   49.00000     -1.586582517283386E-004
   50.00000     -1.440661639647234E-004
   51.00000     -1.303839292599479E-004
   52.00000     -1.175842531709053E-004
   53.00000     -1.056396146630618E-004
   54.00000     -9.452226701663436E-005
   55.00000     -8.420423903786284E-005
   56.00000     -7.465733659508835E-005
   57.00000     -6.585314449966242E-005
   58.00000     -5.776302875226154E-005
   59.00000     -5.035813917558610E-005
   60.00000     -4.360941245487357E-005
   61.00000     -3.748757560795309E-005
   62.00000     -3.196314990667280E-005
   63.00000     -2.700645527173116E-005
   64.00000     -2.258761516281843E-005
   65.00000     -1.867656198586131E-005
   66.00000     -1.524304303882370E-005
   67.00000     -1.225662701696051E-005
   68.00000     -9.686711097878010E-006
   69.00000     -7.502528625670386E-006
   70.00000     -5.673157412585808E-006
   71.00000     -4.167528675170918E-006
   72.00000     -2.954436620541684E-006
   73.00000     -2.002548696929983E-006
   74.00000     -1.280416521414882E-006
   75.00000     -7.564874979426938E-007
   76.00000     -3.991171441129696E-007
   77.00000     -1.765821733977590E-007
   78.00000     -5.709453606864713E-008
   79.00000     -8.817501169599478E-009
