  0.0000000E+00 -1.552067693777774E-003
   1.000000     -1.438765423907716E-003
   2.000000     -1.328208601257254E-003
   3.000000     -1.220385007724225E-003
   4.000000     -1.115282620184245E-003
   5.000000     -1.012889636841459E-003
   6.000000     -9.131945070736018E-004
   7.000000     -8.161859653487380E-004
   8.000000     -7.218530699100342E-004
   9.000000     -6.301852470696969E-004
   10.00000     -5.411723421417876E-004
   11.00000     -4.548046782749493E-004
   12.00000     -3.710731247492359E-004
   13.00000     -2.899691766864276E-004
   14.00000     -2.114850486280275E-004
   15.00000     -1.356137851008327E-004
   16.00000     -6.234939217506173E-005
