  0.0000000E+00 -1.090516688622939E-003
   1.000000     -1.016098155715149E-003
   2.000000     -9.438050983567710E-004
   3.000000     -8.736231518973137E-004
   4.000000     -8.055380153902514E-004
   5.000000     -7.395354696523531E-004
   6.000000     -6.756013981194933E-004
   7.000000     -6.137218110131226E-004
   8.000000     -5.538828734502433E-004
   9.000000     -4.960709382783551E-004
   10.00000     -4.402725846071601E-004
   11.00000     -3.864746632597768E-004
   12.00000     -3.346643506896022E-004
   13.00000     -2.848292133451529E-004
   14.00000     -2.369572850440254E-004
   15.00000     -1.910371607114483E-004
   16.00000     -1.470581109317590E-004
   17.00000     -1.050102232998022E-004
   18.00000     -6.488457875770170E-005
   19.00000     -2.667347431311470E-005
