  0.0000000E+00 -0.105460823693712     
   1.000000     -0.104572703111995     
   2.000000     -0.103689302509834     
   3.000000     -0.102810612114487     
   4.000000     -0.101936622135449     
   5.000000     -0.101067322764445     
   6.000000     -0.100202704175320     
   7.000000     -9.934275652406152E-002
   8.000000     -9.848746994877448E-002
   9.000000     -9.763683456537542E-002
   10.00000     -9.679084049934412E-002
   11.00000     -9.594947784418099E-002
   12.00000     -9.511273588350971E-002
   13.00000     -9.428060874661269E-002
   14.00000     -9.345308419439655E-002
   15.00000     -9.263009319342226E-002
   16.00000     -9.181190665974799E-002
   17.00000     -9.099825998436906E-002
   18.00000     -9.018720960859841E-002
   19.00000     -8.938734005245434E-002
   20.00000     -8.858995814901480E-002
   21.00000     -8.776612091598157E-002
   22.00000     -8.703867683710580E-002
   23.00000     -8.626889889544107E-002
   24.00000     -8.529217682458237E-002
   25.00000     -8.480911261322485E-002
   26.00000     -8.396965990083127E-002
   27.00000     -8.275827701513679E-002
   28.00000     -8.214768910338503E-002
   29.00000     -8.146757849687988E-002
   30.00000     -8.016456031423233E-002
   31.00000     -7.884262923247180E-002
   32.00000     -7.872509309821125E-002
   33.00000     -7.749306646935880E-002
   34.00000     -7.614151849636985E-002
   35.00000     -7.478592063095636E-002
   36.00000     -7.466664348652664E-002
   37.00000     -7.342548236352239E-002
   38.00000     -7.206786324768477E-002
   39.00000     -7.071381263179299E-002
   40.00000     -6.994902220818572E-002
   41.00000     -6.936525278239856E-002
   42.00000     -6.802456099596266E-002
   43.00000     -6.669307528474609E-002
   44.00000     -6.537230583238864E-002
   45.00000     -6.453545673921264E-002
   46.00000     -6.406341234330673E-002
   47.00000     -6.276772929559092E-002
   48.00000     -6.148607505629719E-002
   49.00000     -6.021932570576166E-002
   50.00000     -5.896822568186941E-002
   51.00000     -5.837501065312027E-002
   52.00000     -5.773334645853929E-002
   53.00000     -5.651532594989081E-002
   54.00000     -5.531456287877998E-002
   55.00000     -5.413144632638239E-002
   56.00000     -5.296629075772619E-002
   57.00000     -5.181935501454162E-002
   58.00000     -5.140578509004182E-002
   59.00000     -5.069079548369566E-002
   60.00000     -4.958081329917741E-002
   61.00000     -4.848947811240772E-002
   62.00000     -4.741685025026887E-002
   63.00000     -4.636295006763047E-002
   64.00000     -4.532776393791946E-002
   65.00000     -4.431124868153950E-002
   66.00000     -4.355760621376173E-002
   67.00000     -4.331331420415346E-002
   68.00000     -4.233390433118592E-002
   69.00000     -4.137286900707923E-002
   70.00000     -4.043007720975302E-002
   71.00000     -3.950537344432239E-002
   72.00000     -3.859858626995101E-002
   73.00000     -3.770953036667125E-002
   74.00000     -3.683800824949693E-002
   75.00000     -3.598381188679900E-002
   76.00000     -3.514672536937411E-002
   77.00000     -3.475233622305990E-002
   78.00000     -3.432651272645610E-002
   79.00000     -3.352295867256000E-002
   80.00000     -3.273581506127085E-002
   81.00000     -3.196484027888352E-002
   82.00000     -3.120978756436772E-002
   83.00000     -3.047040690261077E-002
   84.00000     -2.974644584506480E-002
   85.00000     -2.903765019521132E-002
   86.00000     -2.834376462126380E-002
   87.00000     -2.766453321052861E-002
   88.00000     -2.699969997378121E-002
   89.00000     -2.634900931224657E-002
   90.00000     -2.571220650732302E-002
   91.00000     -2.508903978289911E-002
   92.00000     -2.490384067405933E-002
   93.00000     -2.447924778205466E-002
   94.00000     -2.388259241693211E-002
   95.00000     -2.329881931031319E-002
   96.00000     -2.272768281313775E-002
   97.00000     -2.216893935149130E-002
   98.00000     -2.162234797593134E-002
   99.00000     -2.108767056327241E-002
   100.0000     -2.056467196832443E-002
   101.0000     -2.005312015102234E-002
   102.0000     -1.955278628466992E-002
   103.0000     -1.906344484778630E-002
   104.0000     -1.858487370122876E-002
   105.0000     -1.811685415194371E-002
   106.0000     -1.765917100454219E-002
   107.0000     -1.721161260178744E-002
   108.0000     -1.677397085499492E-002
   109.0000     -1.634604126530039E-002
   110.0000     -1.592762293675424E-002
   111.0000     -1.551851858238209E-002
   112.0000     -1.511853452524158E-002
   113.0000     -1.472748070136782E-002
   114.0000     -1.434517071506021E-002
   115.0000     -1.397142472228499E-002
   116.0000     -1.391745130633986E-002
   117.0000     -1.360605191150297E-002
   118.0000     -1.324888960957713E-002
   119.0000     -1.289976010463866E-002
   120.0000     -1.255849464115534E-002
   121.0000     -1.222492770734875E-002
   122.0000     -1.189889713688593E-002
   123.0000     -1.158024408414320E-002
   124.0000     -1.126881298398612E-002
   125.0000     -1.096445150700204E-002
   126.0000     -1.066701051243621E-002
   127.0000     -1.037634399957427E-002
   128.0000     -1.009230905795676E-002
   129.0000     -9.814765816666505E-003
   130.0000     -9.543577392894183E-003
   131.0000     -9.278609839946723E-003
   132.0000     -9.019732094846453E-003
   133.0000     -8.766815925659612E-003
   134.0000     -8.519735878667580E-003
   135.0000     -8.278369225491713E-003
   136.0000     -8.042595910272284E-003
   137.0000     -7.812298496988350E-003
   138.0000     -7.587362116996384E-003
   139.0000     -7.367674416864822E-003
   140.0000     -7.153125506567156E-003
   141.0000     -6.943607908089680E-003
   142.0000     -6.739016504510941E-003
   143.0000     -6.539248489593912E-003
   144.0000     -6.344203317937797E-003
   145.0000     -6.153782655721086E-003
   146.0000     -5.967890332071104E-003
   147.0000     -5.786432291086381E-003
   148.0000     -5.609316544535593E-003
   149.0000     -5.436453125256649E-003
   150.0000     -5.267754041270719E-003
   151.0000     -5.103133230626650E-003
   152.0000     -4.942506516988777E-003
   153.0000     -4.785791565976273E-003
   154.0000     -4.632907842263710E-003
   155.0000     -4.483776567446032E-003
   156.0000     -4.338320678672005E-003
   157.0000     -4.196464788048680E-003
   158.0000     -4.058135142818825E-003
   159.0000     -3.923259586305023E-003
   160.0000     -3.791767519625223E-003
   161.0000     -3.663589864169421E-003
   162.0000     -3.538659024839276E-003
   163.0000     -3.416908854040892E-003
   164.0000     -3.298274616427132E-003
   165.0000     -3.182692954380379E-003
   166.0000     -3.070101854232697E-003
   167.0000     -2.960440613208740E-003
   168.0000     -2.853649807090840E-003
   169.0000     -2.749671258591185E-003
   170.0000     -2.648448006427240E-003
   171.0000     -2.549924275089013E-003
   172.0000     -2.454045445294708E-003
   173.0000     -2.360758025127383E-003
   174.0000     -2.270009621857729E-003
   175.0000     -2.181748914470811E-003
   176.0000     -2.095925626963232E-003
   177.0000     -2.012490502621098E-003
   178.0000     -1.931395280048154E-003
   179.0000     -1.852592674596212E-003
   180.0000     -1.776036393934401E-003
   181.0000     -1.701682588796606E-003
   182.0000     -1.689432622848398E-003
   183.0000     -1.629480675089733E-003
   184.0000     -1.559394131793520E-003
   185.0000     -1.491377194469546E-003
   186.0000     -1.425388002863061E-003
   187.0000     -1.361385397936520E-003
   188.0000     -1.299328992678557E-003
   189.0000     -1.239179163161518E-003
   190.0000     -1.180897031578412E-003
   191.0000     -1.124444448016347E-003
   192.0000     -1.069783972218139E-003
   193.0000     -1.016878855657074E-003
   194.0000     -9.656930240247877E-004
   195.0000     -9.161910601688467E-004
   196.0000     -8.683381874927975E-004
   197.0000     -8.221002538247068E-004
   198.0000     -7.774437157563320E-004
   199.0000     -7.343356234554412E-004
   200.0000     -6.927436059547137E-004
   201.0000     -6.526358569214120E-004
   202.0000     -6.139811209152649E-004
   203.0000     -5.767486801427777E-004
   204.0000     -5.409083417220346E-004
   205.0000     -5.064304254737160E-004
   206.0000     -4.732857522589328E-004
   207.0000     -4.414456328919125E-004
   208.0000     -4.108818576605128E-004
   209.0000     -3.815666864965654E-004
   210.0000     -3.534728398495512E-004
   211.0000     -3.265734903283921E-004
   212.0000     -3.008422551930658E-004
   213.0000     -2.762531897989092E-004
   214.0000     -2.527807821206738E-004
   215.0000     -2.303999485177876E-004
   216.0000     -2.090860309443741E-004
   217.0000     -1.888147958638739E-004
   218.0000     -1.695624352013260E-004
   219.0000     -1.513055697644674E-004
   220.0000     -1.340212556983712E-004
   221.0000     -1.176869947190053E-004
   222.0000     -1.022807491248548E-004
   223.0000     -8.778096294193205E-005
   224.0000     -7.416659107319480E-005
   225.0000     -6.141713907714468E-005
   226.0000     -4.951271733820272E-005
   227.0000     -3.843411514322388E-005
   228.0000     -2.816290296673377E-005
   229.0000     -1.868157585414435E-005
   230.0000     -9.973758653981448E-006
   231.0000     -2.024507984324662E-006
