  0.0000000E+00 -0.106452834563959     
   1.000000     -0.105562631413242     
   2.000000     -0.104677144746398     
   3.000000     -0.103796364779619     
   4.000000     -0.102920281711323     
   5.000000     -0.102048885722088     
   6.000000     -0.101182166974591     
   7.000000     -0.100320115613622     
   8.000000     -9.946272176585456E-002
   9.000000     -9.860997553627597E-002
   10.00000     -9.776186704576136E-002
   11.00000     -9.691838631714771E-002
   12.00000     -9.607952276604707E-002
   13.00000     -9.524527130151143E-002
   14.00000     -9.441561276760214E-002
   15.00000     -9.359049512769022E-002
   16.00000     -9.277022352437894E-002
   17.00000     -9.195419795698738E-002
   18.00000     -9.114127032323788E-002
   19.00000     -9.034052696624521E-002
   20.00000     -8.953603947899592E-002
   21.00000     -8.871481083993463E-002
   22.00000     -8.799908254084153E-002
   23.00000     -8.718514195077690E-002
   24.00000     -8.622768611829436E-002
   25.00000     -8.580908284430394E-002
   26.00000     -8.484042236436888E-002
   27.00000     -8.361811461351930E-002
   28.00000     -8.323315056492669E-002
   29.00000     -8.231284294659645E-002
   30.00000     -8.099970730400187E-002
   31.00000     -7.984550625257081E-002
   32.00000     -7.965864161174348E-002
   33.00000     -7.831175398749089E-002
   34.00000     -7.695246970772421E-002
   35.00000     -7.579295634208465E-002
   36.00000     -7.558692594192114E-002
   37.00000     -7.422160064944659E-002
   38.00000     -7.285679772874776E-002
   39.00000     -7.149577617859069E-002
   40.00000     -7.108590659261589E-002
   41.00000     -7.014026421171929E-002
   42.00000     -6.879273793714853E-002
   43.00000     -6.745455494781687E-002
   44.00000     -6.612721363629995E-002
   45.00000     -6.568514806393821E-002
   46.00000     -6.481181280631634E-002
   47.00000     -6.350969808718222E-002
   48.00000     -6.222171946405805E-002
   49.00000     -6.094873253226796E-002
   50.00000     -5.969153060810008E-002
   51.00000     -5.953735673436328E-002
   52.00000     -5.845052389870066E-002
   53.00000     -5.722649763382426E-002
   54.00000     -5.601980939735984E-002
   55.00000     -5.483084174987890E-002
   56.00000     -5.365990786507793E-002
   57.00000     -5.258097980753058E-002
   58.00000     -5.250717050080735E-002
   59.00000     -5.137306340952458E-002
   60.00000     -5.025750488069597E-002
   61.00000     -4.916066103805622E-002
   62.00000     -4.808258902744558E-002
   63.00000     -4.702330777782443E-002
   64.00000     -4.598280263840391E-002
   65.00000     -4.496103707911345E-002
   66.00000     -4.474548342158623E-002
   67.00000     -4.395790101907109E-002
   68.00000     -4.297334273247051E-002
   69.00000     -4.200722253874099E-002
   70.00000     -4.105940216103305E-002
   71.00000     -4.012972481807190E-002
   72.00000     -3.921801800731720E-002
   73.00000     -3.832409541328161E-002
   74.00000     -3.744775863692771E-002
   75.00000     -3.658879923605761E-002
   76.00000     -3.595315646446975E-002
   77.00000     -3.574698791401512E-002
   78.00000     -3.492212228384282E-002
   79.00000     -3.411395035211387E-002
   80.00000     -3.332223744282453E-002
   81.00000     -3.254673997213042E-002
   82.00000     -3.178721023391930E-002
   83.00000     -3.104339735850497E-002
   84.00000     -3.031504807230663E-002
   85.00000     -2.960190737273288E-002
   86.00000     -2.890371913866571E-002
   87.00000     -2.822022668653058E-002
   88.00000     -2.755117328652116E-002
   89.00000     -2.689630271322650E-002
   90.00000     -2.625536247327320E-002
   91.00000     -2.611772809793881E-002
   92.00000     -2.562808537227047E-002
   93.00000     -2.501423433272387E-002
   94.00000     -2.441355124686010E-002
   95.00000     -2.382578740298882E-002
   96.00000     -2.325069604366622E-002
   97.00000     -2.268803286496061E-002
   98.00000     -2.213755623579820E-002
   99.00000     -2.159902736925782E-002
   100.0000     -2.107221046812378E-002
   101.0000     -2.055687285012179E-002
   102.0000     -2.005278505536299E-002
   103.0000     -1.955972093774979E-002
   104.0000     -1.907745774180008E-002
   105.0000     -1.860577616617907E-002
   106.0000     -1.814446041511834E-002
   107.0000     -1.769329823884592E-002
   108.0000     -1.725208096412647E-002
   109.0000     -1.682060351621626E-002
   110.0000     -1.639866443446912E-002
   111.0000     -1.598606588912754E-002
   112.0000     -1.558261375542102E-002
   113.0000     -1.518812176923380E-002
   114.0000     -1.514458653317441E-002
   115.0000     -1.480238755070272E-002
   116.0000     -1.442524476380370E-002
   117.0000     -1.405650687701883E-002
   118.0000     -1.369599766647804E-002
   119.0000     -1.334354424090889E-002
   120.0000     -1.299897713863682E-002
   121.0000     -1.266213030690449E-002
   122.0000     -1.233284106568552E-002
   123.0000     -1.201095006648428E-002
   124.0000     -1.169630124835070E-002
   125.0000     -1.138874179188979E-002
   126.0000     -1.108812207167556E-002
   127.0000     -1.079429560735474E-002
   128.0000     -1.050711901367386E-002
   129.0000     -1.022645194962258E-002
   130.0000     -9.952157066878003E-003
   131.0000     -9.684099957700445E-003
   132.0000     -9.422149102430194E-003
   133.0000     -9.166175816714611E-003
   134.0000     -8.916054198583320E-003
   135.0000     -8.671661075481837E-003
   136.0000     -8.432875951356535E-003
   137.0000     -8.199580953884629E-003
   138.0000     -7.971660781925349E-003
   139.0000     -7.749002653266833E-003
   140.0000     -7.531496252732618E-003
   141.0000     -7.319033680704462E-003
   142.0000     -7.111509402115323E-003
   143.0000     -6.908820195960352E-003
   144.0000     -6.710865105362505E-003
   145.0000     -6.517545388233904E-003
   146.0000     -6.328764468560888E-003
   147.0000     -6.144427888343692E-003
   148.0000     -5.964443260212836E-003
   149.0000     -5.788720220744218E-003
   150.0000     -5.617170384489983E-003
   151.0000     -5.449707298737553E-003
   152.0000     -5.286246399014271E-003
   153.0000     -5.126704965340631E-003
   154.0000     -4.971002079245282E-003
   155.0000     -4.819058581542379E-003
   156.0000     -4.670797030878381E-003
   157.0000     -4.526141663048815E-003
   158.0000     -4.385018351085387E-003
   159.0000     -4.247354566115196E-003
   160.0000     -4.113079338987044E-003
   161.0000     -3.982123222670937E-003
   162.0000     -3.854418255426176E-003
   163.0000     -3.729897924749901E-003
   164.0000     -3.608497132130060E-003
   165.0000     -3.490152158677869E-003
   166.0000     -3.374800631868167E-003
   167.0000     -3.262381494235740E-003
   168.0000     -3.152834978081121E-003
   169.0000     -3.046102619355468E-003
   170.0000     -2.942129586711073E-003
   171.0000     -2.930004126882203E-003
   172.0000     -2.840850950148174E-003
   173.0000     -2.742221637789575E-003
   174.0000     -2.646183957947701E-003
   175.0000     -2.552685278756957E-003
   176.0000     -2.461673943803956E-003
   177.0000     -2.373099326598888E-003
   178.0000     -2.286911814521481E-003
   179.0000     -2.203062785414824E-003
   180.0000     -2.121504583086658E-003
   181.0000     -2.042190492904921E-003
   182.0000     -1.965074717786075E-003
   183.0000     -1.890112354675810E-003
   184.0000     -1.817259371542339E-003
   185.0000     -1.746472584893751E-003
   186.0000     -1.677709637810916E-003
   187.0000     -1.610928978492381E-003
   188.0000     -1.546089839299309E-003
   189.0000     -1.483152216291989E-003
   190.0000     -1.422076849247532E-003
   191.0000     -1.362825202147633E-003
   192.0000     -1.305359444127329E-003
   193.0000     -1.249642430872104E-003
   194.0000     -1.195637686456446E-003
   195.0000     -1.143309385610046E-003
   196.0000     -1.092622336404440E-003
   197.0000     -1.043541963348770E-003
   198.0000     -9.960342908855320E-004
   199.0000     -9.500659272762148E-004
   200.0000     -9.056040488686732E-004
   201.0000     -8.626163847351899E-004
   202.0000     -8.210712016741498E-004
   203.0000     -7.809372895649451E-004
   204.0000     -7.421839470686196E-004
   205.0000     -7.047809676648581E-004
   206.0000     -6.686986260175084E-004
   207.0000     -6.339076646611452E-004
   208.0000     -6.003792809990902E-004
   209.0000     -5.680851146073051E-004
   210.0000     -5.369972348354312E-004
   211.0000     -5.070881286976930E-004
   212.0000     -4.783306890476593E-004
   213.0000     -4.506982030289596E-004
   214.0000     -4.241643407961477E-004
   215.0000     -3.987031444996322E-004
   216.0000     -3.742890175281754E-004
   217.0000     -3.508967140037579E-004
   218.0000     -3.285013285235791E-004
   219.0000     -3.070782861441985E-004
   220.0000     -2.866033326039174E-004
   221.0000     -2.670525247788128E-004
   222.0000     -2.484022213698643E-004
   223.0000     -2.306290738185979E-004
   224.0000     -2.137100174489661E-004
   225.0000     -1.976222628359924E-004
   226.0000     -1.823432874005276E-004
   227.0000     -1.678508272332171E-004
   228.0000     -1.541228691514061E-004
   229.0000     -1.411376429952220E-004
   230.0000     -1.288736141727825E-004
   231.0000     -1.173094764675449E-004
   232.0000     -1.064241451262227E-004
   233.0000     -9.619675025256729E-005
   234.0000     -8.660663054032711E-005
   235.0000     -7.763332739113865E-005
   236.0000     -6.925657947843104E-005
   237.0000     -6.145631784044896E-005
   238.0000     -5.421266161583685E-005
   239.0000     -4.750591457811555E-005
   240.0000     -4.131656268743385E-005
   241.0000     -3.562527296862163E-005
   242.0000     -3.041289416074733E-005
   243.0000     -2.566045979194732E-005
   244.0000     -2.134919466187429E-005
   245.0000     -1.746052624750756E-005
   246.0000     -1.397610344489020E-005
   247.0000     -1.087782663025377E-005
   248.0000     -8.147895914473780E-006
   249.0000     -5.768890107147541E-006
   250.0000     -3.723900767212784E-006
   251.0000     -1.996773127725680E-006
   252.0000     -5.725776557358440E-007
