  0.0000000E+00 -0.102868776553669     
   1.000000     -0.101986121351311     
   2.000000     -0.101108195435835     
   3.000000     -0.100234989065151     
   4.000000     -9.936649247955623E-002
   5.000000     -9.850269590167546E-002
   6.000000     -9.764358953639635E-002
   7.000000     -9.678916357081542E-002
   8.000000     -9.593940817458277E-002
   9.000000     -9.509431349606391E-002
   10.00000     -9.425386967099268E-002
   11.00000     -9.341806692409900E-002
   12.00000     -9.258689465749063E-002
   13.00000     -9.176034390120197E-002
   14.00000     -9.093841574812177E-002
   15.00000     -9.012103758864506E-002
   16.00000     -8.930829371143625E-002
   17.00000     -8.850064907948571E-002
   18.00000     -8.769563142180371E-002
   19.00000     -8.689686718418412E-002
   20.00000     -8.611364541731675E-002
   21.00000     -8.530152901834687E-002
   22.00000     -8.452072854531180E-002
   23.00000     -8.384466714502262E-002
   24.00000     -8.292329692519504E-002
   25.00000     -8.212216402055800E-002
   26.00000     -8.166521906077720E-002
   27.00000     -8.051760531825722E-002
   28.00000     -7.933862937268779E-002
   29.00000     -7.921358023292452E-002
   30.00000     -7.797959607907645E-002
   31.00000     -7.667464053927653E-002
   32.00000     -7.582795726052739E-002
   33.00000     -7.535106504734811E-002
   34.00000     -7.402034423097657E-002
   35.00000     -7.268315226018247E-002
   36.00000     -7.172848173370501E-002
   37.00000     -7.134297758638096E-002
   38.00000     -7.000437724564963E-002
   39.00000     -6.866873343469254E-002
   40.00000     -6.733858232994583E-002
   41.00000     -6.697502886564143E-002
   42.00000     -6.601541945582719E-002
   43.00000     -6.470148114150456E-002
   44.00000     -6.339796862353560E-002
   45.00000     -6.210620236976941E-002
   46.00000     -6.152830728539625E-002
   47.00000     -6.082718706662226E-002
   48.00000     -5.956209499865230E-002
   49.00000     -5.831167199660221E-002
   50.00000     -5.707667297368550E-002
   51.00000     -5.585774723047972E-002
   52.00000     -5.533479934151377E-002
   53.00000     -5.465537986706030E-002
   54.00000     -5.347012669098992E-002
   55.00000     -5.230232133395934E-002
   56.00000     -5.115228788543366E-002
   57.00000     -5.002028316857719E-002
   58.00000     -4.890651073673039E-002
   59.00000     -4.833239916735897E-002
   60.00000     -4.781109048477106E-002
   61.00000     -4.673417410958131E-002
   62.00000     -4.567579241847067E-002
   63.00000     -4.463597328407171E-002
   64.00000     -4.361470660049680E-002
   65.00000     -4.261195136751576E-002
   66.00000     -4.162763928631791E-002
   67.00000     -4.066168492408186E-002
   68.00000     -4.045075639952126E-002
   69.00000     -3.971393933249313E-002
   70.00000     -3.878430857201139E-002
   71.00000     -3.787262123320013E-002
   72.00000     -3.697870953257257E-002
   73.00000     -3.610239090783948E-002
   74.00000     -3.524347044737525E-002
   75.00000     -3.440174249947679E-002
   76.00000     -3.357699209757278E-002
   77.00000     -3.276899632717455E-002
   78.00000     -3.197752675099379E-002
   79.00000     -3.161172662019312E-002
   80.00000     -3.120233746405244E-002
   81.00000     -3.044320403962424E-002
   82.00000     -2.969987235315728E-002
   83.00000     -2.897209579904009E-002
   84.00000     -2.825962421822312E-002
   85.00000     -2.756220556922531E-002
   86.00000     -2.687958661792711E-002
   87.00000     -2.621151350657236E-002
   88.00000     -2.555773225969704E-002
   89.00000     -2.491798923978056E-002
   90.00000     -2.429203155889992E-002
   91.00000     -2.367960745207108E-002
   92.00000     -2.308046662272416E-002
   93.00000     -2.249436061226190E-002
   94.00000     -2.192104439649504E-002
   95.00000     -2.172904455509597E-002
   96.00000     -2.136026586811962E-002
   97.00000     -2.081179416544737E-002
   98.00000     -2.027538455687872E-002
   99.00000     -1.975080117431073E-002
   100.0000     -1.923781066817067E-002
   101.0000     -1.873618272227837E-002
   102.0000     -1.824569020035170E-002
   103.0000     -1.776610924639670E-002
   104.0000     -1.729721936476754E-002
   105.0000     -1.683880348533106E-002
   106.0000     -1.639064801592745E-002
   107.0000     -1.595254288351074E-002
   108.0000     -1.552428156505336E-002
   109.0000     -1.510566110918108E-002
   110.0000     -1.469648214937465E-002
   111.0000     -1.429654890952970E-002
   112.0000     -1.390566920258818E-002
   113.0000     -1.352365442290509E-002
   114.0000     -1.315031953297816E-002
   115.0000     -1.278548304514055E-002
   116.0000     -1.242896699884804E-002
   117.0000     -1.208059693437114E-002
   118.0000     -1.174020186452899E-002
   119.0000     -1.140761425044744E-002
   120.0000     -1.108267002506054E-002
   121.0000     -1.076521060658537E-002
   122.0000     -1.070801086257313E-002
   123.0000     -1.045506983687785E-002
   124.0000     -1.015210390281300E-002
   125.0000     -9.856157439208795E-003
   126.0000     -9.567082837143696E-003
   127.0000     -9.284735443592755E-003
   128.0000     -9.008973661088777E-003
   129.0000     -8.739658915191902E-003
   130.0000     -8.476655607522934E-003
   131.0000     -8.219831065427535E-003
   132.0000     -7.969055490431216E-003
   133.0000     -7.724201906133390E-003
   134.0000     -7.485146105836106E-003
   135.0000     -7.251766600080878E-003
   136.0000     -7.023944564210572E-003
   137.0000     -6.801563786066385E-003
   138.0000     -6.584510613902355E-003
   139.0000     -6.372673904593891E-003
   140.0000     -6.165944972208657E-003
   141.0000     -5.964217537001731E-003
   142.0000     -5.767387674884736E-003
   143.0000     -5.575353767418878E-003
   144.0000     -5.388016452377788E-003
   145.0000     -5.205278574910151E-003
   146.0000     -5.027045139345615E-003
   147.0000     -4.853223261661959E-003
   148.0000     -4.683722122651300E-003
   149.0000     -4.518452921796895E-003
   150.0000     -4.357328831887425E-003
   151.0000     -4.200264954380419E-003
   152.0000     -4.047178275534207E-003
   153.0000     -3.897987623312706E-003
   154.0000     -3.752613625081494E-003
   155.0000     -3.610978666095535E-003
   156.0000     -3.473006848789806E-003
   157.0000     -3.338623952874940E-003
   158.0000     -3.207757396244980E-003
   159.0000     -3.080336196694082E-003
   160.0000     -2.956290934450565E-003
   161.0000     -2.835553715524299E-003
   162.0000     -2.718058135871089E-003
   163.0000     -2.603739246371467E-003
   164.0000     -2.492533518626148E-003
   165.0000     -2.384378811566558E-003
   166.0000     -2.279214338880669E-003
   167.0000     -2.176980637254323E-003
   168.0000     -2.077619535428502E-003
   169.0000     -1.981074124075338E-003
   170.0000     -1.887288726492376E-003
   171.0000     -1.796208870122206E-003
   172.0000     -1.707781258898575E-003
   173.0000     -1.621953746429255E-003
   174.0000     -1.538675310021612E-003
   175.0000     -1.457896025564663E-003
   176.0000     -1.379567043279362E-003
   177.0000     -1.303640564357845E-003
   178.0000     -1.230069818511551E-003
   179.0000     -1.158809042456402E-003
   180.0000     -1.089813459367827E-003
   181.0000     -1.023039259346020E-003
   182.0000     -9.584435809391151E-004
   183.0000     -8.959844937839141E-004
   184.0000     -8.356209824340094E-004
   185.0000     -7.773129314601379E-004
   186.0000     -7.210211119259527E-004
   187.0000     -6.667071693635999E-004
   188.0000     -6.143336133982297E-004
   189.0000     -5.638638092052829E-004
   190.0000     -5.152619710221294E-004
   191.0000     -4.684931579880367E-004
   192.0000     -4.235232726465346E-004
   193.0000     -3.803190625268563E-004
   194.0000     -3.388481253210493E-004
   195.0000     -2.990789183055462E-004
   196.0000     -2.609807728282853E-004
   197.0000     -2.245239149075508E-004
   198.0000     -1.896794932896811E-004
   199.0000     -1.564196167209615E-004
   200.0000     -1.247174027442364E-004
   201.0000     -9.454704110516548E-005
   202.0000     -6.588387594785156E-005
   203.0000     -3.870451255578352E-005
   204.0000     -1.298695671438894E-005
