  0.0000000E+00 -0.106400080474591     
   1.000000     -0.105509987946997     
   2.000000     -0.104624612088264     
   3.000000     -0.103743943115164     
   4.000000     -0.102867971226694     
   5.000000     -0.101996686604014     
   6.000000     -0.101130079410388     
   7.000000     -0.100268139791191     
   8.000000     -9.941085787369505E-002
   9.000000     -9.855822376344570E-002
   10.00000     -9.771022758160501E-002
   11.00000     -9.686685935492270E-002
   12.00000     -9.602810848930531E-002
   13.00000     -9.519396986267158E-002
   14.00000     -9.436442469323121E-002
   15.00000     -9.353941982501542E-002
   16.00000     -9.271925937775886E-002
   17.00000     -9.190336086434087E-002
   18.00000     -9.109052651179153E-002
   19.00000     -9.028984255985498E-002
   20.00000     -8.948574265050480E-002
   21.00000     -8.866426702922980E-002
   22.00000     -8.794812443878795E-002
   23.00000     -8.713652184665700E-002
   24.00000     -8.617718136464955E-002
   25.00000     -8.575674127263325E-002
   26.00000     -8.479419051930445E-002
   27.00000     -8.357223646391827E-002
   28.00000     -8.317560798034140E-002
   29.00000     -8.226792900324227E-002
   30.00000     -8.095530815713783E-002
   31.00000     -7.978685225205258E-002
   32.00000     -7.961434991516997E-002
   33.00000     -7.826823019943886E-002
   34.00000     -7.690935559442200E-002
   35.00000     -7.573328338338663E-002
   36.00000     -7.554413376678637E-002
   37.00000     -7.417927534097141E-002
   38.00000     -7.281485389058155E-002
   39.00000     -7.145419975298155E-002
   40.00000     -7.102546640519368E-002
   41.00000     -7.009906112395757E-002
   42.00000     -6.875189741127627E-002
   43.00000     -6.741407035337241E-002
   44.00000     -6.608707716942719E-002
   45.00000     -6.562402485448163E-002
   46.00000     -6.477202402099874E-002
   47.00000     -6.347025065974542E-002
   48.00000     -6.218260820482560E-002
   49.00000     -6.090995282095416E-002
   50.00000     -5.965306818186376E-002
   51.00000     -5.947556689238373E-002
   52.00000     -5.841239446300140E-002
   53.00000     -5.718868732284334E-002
   54.00000     -5.598231405494166E-002
   55.00000     -5.479365744259620E-002
   56.00000     -5.362303069612578E-002
   57.00000     -5.251854600713905E-002
   58.00000     -5.247055552812177E-002
   59.00000     -5.133678965707843E-002
   60.00000     -5.022152750633762E-002
   61.00000     -4.912497649482308E-002
   62.00000     -4.804719388864392E-002
   63.00000     -4.698819868853053E-002
   64.00000     -4.594797628833926E-002
   65.00000     -4.492648879693097E-002
   66.00000     -4.468232984362064E-002
   67.00000     -4.392363056189163E-002
   68.00000     -4.293934569352006E-002
   69.00000     -4.197349579231415E-002
   70.00000     -4.102594271971097E-002
   71.00000     -4.009652975729478E-002
   72.00000     -3.918508445804698E-002
   73.00000     -3.829142055872845E-002
   74.00000     -3.741533970638359E-002
   75.00000     -3.655663344439774E-002
   76.00000     -3.588931647141008E-002
   77.00000     -3.571507159583955E-002
   78.00000     -3.489045506947389E-002
   79.00000     -3.408252854889141E-002
   80.00000     -3.329105851010933E-002
   81.00000     -3.251580143290503E-002
   82.00000     -3.175650965888846E-002
   83.00000     -3.101293236328968E-002
   84.00000     -3.028481631617175E-002
   85.00000     -2.957190655763429E-002
   86.00000     -2.887394700833207E-002
   87.00000     -2.819068102531472E-002
   88.00000     -2.752185191693752E-002
   89.00000     -2.686720348215793E-002
   90.00000     -2.622648241640188E-002
   91.00000     -2.605319180784837E-002
   92.00000     -2.559942416343488E-002
   93.00000     -2.498578919780333E-002
   94.00000     -2.438532013739137E-002
   95.00000     -2.379776836848321E-002
   96.00000     -2.322288717544149E-002
   97.00000     -2.266043229142129E-002
   98.00000     -2.211016212112947E-002
   99.00000     -2.157183791270293E-002
   100.0000     -2.104522390342147E-002
   101.0000     -2.053008744499976E-002
   102.0000     -2.002619911106321E-002
   103.0000     -1.953333278857129E-002
   104.0000     -1.905126575465540E-002
   105.0000     -1.857977874015841E-002
   106.0000     -1.811865598106148E-002
   107.0000     -1.766768525890795E-002
   108.0000     -1.722665793131787E-002
   109.0000     -1.679536895384943E-002
   110.0000     -1.637361689525292E-002
   111.0000     -1.596120395251102E-002
   112.0000     -1.555793600897927E-002
   113.0000     -1.516362435214276E-002
   114.0000     -1.507934757120656E-002
   115.0000     -1.477807416491797E-002
   116.0000     -1.440111168588999E-002
   117.0000     -1.403255277480658E-002
   118.0000     -1.367222128856714E-002
   119.0000     -1.331994436866505E-002
   120.0000     -1.297555258181501E-002
   121.0000     -1.263887990254139E-002
   122.0000     -1.230976367756991E-002
   123.0000     -1.198804458478451E-002
   124.0000     -1.167356658929454E-002
   125.0000     -1.136617689747035E-002
   126.0000     -1.106572590937050E-002
   127.0000     -1.077206716985540E-002
   128.0000     -1.048505731862128E-002
   129.0000     -1.020455603935001E-002
   130.0000     -9.930426008158615E-003
   131.0000     -9.662532841500603E-003
   132.0000     -9.400745043667544E-003
   133.0000     -9.144933954021151E-003
   134.0000     -8.894973694074104E-003
   135.0000     -8.650741114526139E-003
   136.0000     -8.412115742354533E-003
   137.0000     -8.178979728048499E-003
   138.0000     -7.951217793065193E-003
   139.0000     -7.728717177578811E-003
   140.0000     -7.511367588592548E-003
   141.0000     -7.299061148464760E-003
   142.0000     -7.091692343907066E-003
   143.0000     -6.889157975497402E-003
   144.0000     -6.691357107750622E-003
   145.0000     -6.498191019782723E-003
   146.0000     -6.309563156600128E-003
   147.0000     -6.125379081043656E-003
   148.0000     -5.945546426406332E-003
   149.0000     -5.769974849754191E-003
   150.0000     -5.598575985958928E-003
   151.0000     -5.431263402462350E-003
   152.0000     -5.267952554782252E-003
   153.0000     -5.108560742770738E-003
   154.0000     -4.953007067631030E-003
   155.0000     -4.801212389699186E-003
   156.0000     -4.653099286993164E-003
   157.0000     -4.508592014532949E-003
   158.0000     -4.367616464430520E-003
   159.0000     -4.230100126749353E-003
   160.0000     -4.095972051134206E-003
   161.0000     -3.965162809208417E-003
   162.0000     -3.837604457736969E-003
   163.0000     -3.713230502563692E-003
   164.0000     -3.591975863331282E-003
   165.0000     -3.473776839031620E-003
   166.0000     -3.358571074512957E-003
   167.0000     -3.246297528376753E-003
   168.0000     -3.136896444042137E-003
   169.0000     -3.030309334612858E-003
   170.0000     -2.926479130837824E-003
   171.0000     -2.864051370298193E-003
   172.0000     -2.825347545775556E-003
   173.0000     -2.726863718383355E-003
   174.0000     -2.630971045767880E-003
   175.0000     -2.537617299047643E-003
   176.0000     -2.446750862107852E-003
   177.0000     -2.358321130218332E-003
   178.0000     -2.272278509253468E-003
   179.0000     -2.188574394620534E-003
   180.0000     -2.107161147330361E-003
   181.0000     -2.027992069773248E-003
   182.0000     -1.951021381781302E-003
   183.0000     -1.876204197140035E-003
   184.0000     -1.803496500602800E-003
   185.0000     -1.732855125419232E-003
   186.0000     -1.664237731378074E-003
   187.0000     -1.597602783360690E-003
   188.0000     -1.532909530393010E-003
   189.0000     -1.470117985190501E-003
   190.0000     -1.409188904182713E-003
   191.0000     -1.350083768009771E-003
   192.0000     -1.292764762478291E-003
   193.0000     -1.237194759968385E-003
   194.0000     -1.183337301279852E-003
   195.0000     -1.131156577909090E-003
   196.0000     -1.080617414745413E-003
   197.0000     -1.031685253177554E-003
   198.0000     -9.843261346011529E-004
   199.0000     -9.385066843169801E-004
   200.0000     -8.941940958110433E-004
   201.0000     -8.513561154074668E-004
   202.0000     -8.099610272854107E-004
   203.0000     -7.699776388506113E-004
   204.0000     -7.313752664542632E-004
   205.0000     -6.941237214495836E-004
   206.0000     -6.581932965788432E-004
   207.0000     -6.235547526832097E-004
   208.0000     -5.901793057268022E-004
   209.0000     -5.580386141284471E-004
   210.0000     -5.271047663938363E-004
   211.0000     -4.973502690410780E-004
   212.0000     -4.687480348130803E-004
   213.0000     -4.412713711708415E-004
   214.0000     -4.148939690615605E-004
   215.0000     -3.895898919559500E-004
   216.0000     -3.653335651499666E-004
   217.0000     -3.420997653262630E-004
   218.0000     -3.198636103712681E-004
   219.0000     -2.986005494447746E-004
   220.0000     -2.782863532986100E-004
   221.0000     -2.588971048435385E-004
   222.0000     -2.404091899632821E-004
   223.0000     -2.227992885755590E-004
   224.0000     -2.060443659432415E-004
   225.0000     -1.901216642380964E-004
   226.0000     -1.750086943644637E-004
   227.0000     -1.606832280510163E-004
   228.0000     -1.471232902234922E-004
   229.0000     -1.343071516754207E-004
   230.0000     -1.222133220601751E-004
   231.0000     -1.108205432347435E-004
   232.0000     -1.001077829965560E-004
   233.0000     -9.005422926748881E-005
   234.0000     -8.063928479752790E-005
   235.0000     -7.184256248536325E-005
   236.0000     -6.364388144698418E-005
   237.0000     -5.602326401117071E-005
   238.0000     -4.896093388858295E-005
   239.0000     -4.243731585979728E-005
   240.0000     -3.643303747283648E-005
   241.0000     -3.092893346104263E-005
   242.0000     -2.590605393274252E-005
   243.0000     -2.134567792784311E-005
   244.0000     -1.722933483154560E-005
   245.0000     -1.353883766776069E-005
   246.0000     -1.025633503741194E-005
   247.0000     -7.364393650035069E-006
   248.0000     -4.846133865068836E-006
   249.0000     -2.685463657637747E-006
   250.0000     -8.675128505096354E-007
