  0.0000000E+00 -0.102784509041243     
   1.000000     -0.101902032101669     
   2.000000     -0.101024284755844     
   3.000000     -0.100151257262718     
   4.000000     -9.928293986363618E-002
   5.000000     -9.841932278227267E-002
   6.000000     -9.756039622457097E-002
   7.000000     -9.670615037868593E-002
   8.000000     -9.585657541533354E-002
   9.000000     -9.501166148401670E-002
   10.00000     -9.417139872089701E-002
   11.00000     -9.333577735331078E-002
   12.00000     -9.250478679624877E-002
   13.00000     -9.167841797544769E-002
   14.00000     -9.085667223842227E-002
   15.00000     -9.003947773668967E-002
   16.00000     -8.922691178642551E-002
   17.00000     -8.841945535937824E-002
   18.00000     -8.761465547869177E-002
   19.00000     -8.681593090961053E-002
   20.00000     -8.603301631765993E-002
   21.00000     -8.522163291365947E-002
   22.00000     -8.443903831581745E-002
   23.00000     -8.376487943101271E-002
   24.00000     -8.284692290591616E-002
   25.00000     -8.203504188397705E-002
   26.00000     -8.158875527500840E-002
   27.00000     -8.044470691663620E-002
   28.00000     -7.925527589036517E-002
   29.00000     -7.913208211075060E-002
   30.00000     -7.790848623449230E-002
   31.00000     -7.660425850502896E-002
   32.00000     -7.573357114968245E-002
   33.00000     -7.528133044888838E-002
   34.00000     -7.395132924751868E-002
   35.00000     -7.261477618821978E-002
   36.00000     -7.163287232177466E-002
   37.00000     -7.127520228434463E-002
   38.00000     -6.993724256679994E-002
   39.00000     -6.860219936097184E-002
   40.00000     -6.727262647710894E-002
   41.00000     -6.687829354785625E-002
   42.00000     -6.595005389344467E-002
   43.00000     -6.463668769658985E-002
   44.00000     -6.333373728474123E-002
   45.00000     -6.204252294439817E-002
   46.00000     -6.143047990682073E-002
   47.00000     -6.076405447813050E-002
   48.00000     -5.949950240649079E-002
   49.00000     -5.824961085518604E-002
   50.00000     -5.701513612614778E-002
   51.00000     -5.579672669920250E-002
   52.00000     -5.523589546160029E-002
   53.00000     -5.459487082700543E-002
   54.00000     -5.341012295382294E-002
   55.00000     -5.224281593479892E-002
   56.00000     -5.109327465813741E-002
   57.00000     -4.996175610115090E-002
   58.00000     -4.884846350347053E-002
   59.00000     -4.823241341970220E-002
   60.00000     -4.775351771816381E-002
   61.00000     -4.667707117806808E-002
   62.00000     -4.561915316283397E-002
   63.00000     -4.457979231388965E-002
   64.00000     -4.355897866201353E-002
   65.00000     -4.255667131125960E-002
   66.00000     -4.157280202941497E-002
   67.00000     -4.060728352218566E-002
   68.00000     -4.034968388125903E-002
   69.00000     -3.965997293581280E-002
   70.00000     -3.873077067717503E-002
   71.00000     -3.781950702431986E-002
   72.00000     -3.692601442074913E-002
   73.00000     -3.605011040228771E-002
   74.00000     -3.519160014375870E-002
   75.00000     -3.435027807570307E-002
   76.00000     -3.352592930936790E-002
   77.00000     -3.271833099292099E-002
   78.00000     -3.192725445419539E-002
   79.00000     -3.150955447118952E-002
   80.00000     -3.115245456157421E-002
   81.00000     -3.039370696474690E-002
   82.00000     -2.965075690963843E-002
   83.00000     -2.892335817914407E-002
   84.00000     -2.821126070112251E-002
   85.00000     -2.751421250666428E-002
   86.00000     -2.683196043094831E-002
   87.00000     -2.616425068385599E-002
   88.00000     -2.551082935628846E-002
   89.00000     -2.487144287592331E-002
   90.00000     -2.424583841882286E-002
   91.00000     -2.363376428241956E-002
   92.00000     -2.303497022922468E-002
   93.00000     -2.244920784290123E-002
   94.00000     -2.187623163315300E-002
   95.00000     -2.162575968147951E-002
   96.00000     -2.131579106559332E-002
   97.00000     -2.076765421974776E-002
   98.00000     -2.023157637990766E-002
   99.00000     -1.970732191826419E-002
   100.0000     -1.919465755431599E-002
   101.0000     -1.869335303051103E-002
   102.0000     -1.820318126681721E-002
   103.0000     -1.772391846237348E-002
   104.0000     -1.725534417586716E-002
   105.0000     -1.679724139081309E-002
   106.0000     -1.634939656806890E-002
   107.0000     -1.591159968700545E-002
   108.0000     -1.548364427643913E-002
   109.0000     -1.506532743628440E-002
   110.0000     -1.465644985077456E-002
   111.0000     -1.425681579403584E-002
   112.0000     -1.386623312873486E-002
   113.0000     -1.348451329845331E-002
   114.0000     -1.311147131442325E-002
   115.0000     -1.274692573720883E-002
   116.0000     -1.239069865394665E-002
   117.0000     -1.204261565188082E-002
   118.0000     -1.170250578952169E-002
   119.0000     -1.137020156969268E-002
   120.0000     -1.104553894078995E-002
   121.0000     -1.072835787179358E-002
   122.0000     -1.060360002443082E-002
   123.0000     -1.041849677930895E-002
   124.0000     -1.011580769128675E-002
   125.0000     -9.820136316730850E-003
   126.0000     -9.531335253149975E-003
   127.0000     -9.249259904743217E-003
   128.0000     -8.973768720813034E-003
   129.0000     -8.704723171538045E-003
   130.0000     -8.441987702382032E-003
   131.0000     -8.185429684106890E-003
   132.0000     -7.934919361349418E-003
   133.0000     -7.690329800571659E-003
   134.0000     -7.451536837725136E-003
   135.0000     -7.218419025806419E-003
   136.0000     -6.990857582443421E-003
   137.0000     -6.768736337606729E-003
   138.0000     -6.551941681543848E-003
   139.0000     -6.340362513004420E-003
   140.0000     -6.133890187830129E-003
   141.0000     -5.932418467965403E-003
   142.0000     -5.735843470947715E-003
   143.0000     -5.544063619919020E-003
   144.0000     -5.356979594208724E-003
   145.0000     -5.174494280517520E-003
   146.0000     -4.996512724743294E-003
   147.0000     -4.822942084474521E-003
   148.0000     -4.653691582176513E-003
   149.0000     -4.488672459096363E-003
   150.0000     -4.327797929901566E-003
   151.0000     -4.170983138073475E-003
   152.0000     -4.018145112065823E-003
   153.0000     -3.869202722244104E-003
   154.0000     -3.724076638611891E-003
   155.0000     -3.582689289335804E-003
   156.0000     -3.444964820072234E-003
   157.0000     -3.310829054104479E-003
   158.0000     -3.180209453291375E-003
   159.0000     -3.053035079831792E-003
   160.0000     -2.929236558846661E-003
   161.0000     -2.808746041779832E-003
   162.0000     -2.691497170618607E-003
   163.0000     -2.577425042934957E-003
   164.0000     -2.466466177746653E-003
   165.0000     -2.358558482199590E-003
   166.0000     -2.253641219071963E-003
   167.0000     -2.151654975099948E-003
   168.0000     -2.052541630127921E-003
   169.0000     -1.956244327083931E-003
   170.0000     -1.862707442785495E-003
   171.0000     -1.771876559578668E-003
   172.0000     -1.683698437817683E-003
   173.0000     -1.598120989193164E-003
   174.0000     -1.515093250919006E-003
   175.0000     -1.434565360791875E-003
   176.0000     -1.356488533139631E-003
   177.0000     -1.280815035679588E-003
   178.0000     -1.207498167311179E-003
   179.0000     -1.136492236874585E-003
   180.0000     -1.067752542912313E-003
   181.0000     -1.001235354478590E-003
   182.0000     -9.368978930518514E-004
   183.0000     -8.746983156149926E-004
   184.0000     -8.145956989832072E-004
   185.0000     -7.565500254744948E-004
   186.0000     -7.005221700373221E-004
   187.0000     -6.464738889761220E-004
   188.0000     -5.943678104415557E-004
   189.0000     -5.441674268916016E-004
   190.0000     -4.958370897748093E-004
   191.0000     -4.493420067420499E-004
   192.0000     -4.046482417678117E-004
   193.0000     -3.617227186510213E-004
   194.0000     -3.205332284848611E-004
   195.0000     -2.810484418365403E-004
   196.0000     -2.432379265779560E-004
   197.0000     -2.070721725726718E-004
   198.0000     -1.725226247791744E-004
   199.0000     -1.395617268133673E-004
   200.0000     -1.081629776764437E-004
   201.0000     -7.830100528766890E-005
   202.0000     -4.995166178813687E-005
   203.0000     -2.309214751800618E-005
