  0.0000000E+00 -0.106509432594865     
   1.000000     -0.105619110776095     
   2.000000     -0.104733505242845     
   3.000000     -0.103852606210687     
   4.000000     -0.102976403877414     
   5.000000     -0.102104888422983     
   6.000000     -0.101238050009444     
   7.000000     -0.100375878780960     
   8.000000     -9.951836486356198E-002
   9.000000     -9.866549836164042E-002
   10.00000     -9.781726939576033E-002
   11.00000     -9.697366798454442E-002
   12.00000     -9.613468355435190E-002
   13.00000     -9.530031104618571E-002
   14.00000     -9.447053090278405E-002
   15.00000     -9.364529231414855E-002
   16.00000     -9.282490141244930E-002
   17.00000     -9.200873949442744E-002
   18.00000     -9.119571259067662E-002
   19.00000     -9.039490366768832E-002
   20.00000     -8.958999978102106E-002
   21.00000     -8.876904943074913E-002
   22.00000     -8.805373734896384E-002
   23.00000     -8.723729385495076E-002
   24.00000     -8.628197720040262E-002
   25.00000     -8.586512002120190E-002
   26.00000     -8.489001499003314E-002
   27.00000     -8.366736868971318E-002
   28.00000     -8.329484871597929E-002
   29.00000     -8.236102574642302E-002
   30.00000     -8.104734005714304E-002
   31.00000     -7.990848814044960E-002
   32.00000     -7.970610259010717E-002
   33.00000     -7.835844753328253E-002
   34.00000     -7.699872394233277E-002
   35.00000     -7.585698865700398E-002
   36.00000     -7.563282144021473E-002
   37.00000     -7.426700858767665E-002
   38.00000     -7.290179646482700E-002
   39.00000     -7.154038151334978E-002
   40.00000     -7.115074844260229E-002
   41.00000     -7.018446821384769E-002
   42.00000     -6.883655303467952E-002
   43.00000     -6.749798820682866E-002
   44.00000     -6.617027372210010E-002
   45.00000     -6.575072284021953E-002
   46.00000     -6.485449955332163E-002
   47.00000     -6.355201865495655E-002
   48.00000     -6.226367938766887E-002
   49.00000     -6.099033677074163E-002
   50.00000     -5.973279853206589E-002
   51.00000     -5.960364291289162E-002
   52.00000     -5.849143049402551E-002
   53.00000     -5.726706187568273E-002
   54.00000     -5.606003573580229E-002
   55.00000     -5.487073440454113E-002
   56.00000     -5.369947102208484E-002
   57.00000     -5.264798440444586E-002
   58.00000     -5.254642888630667E-002
   59.00000     -5.141197919790674E-002
   60.00000     -5.029610271287574E-002
   61.00000     -4.919894471586389E-002
   62.00000     -4.812056222692207E-002
   63.00000     -4.706097409846564E-002
   64.00000     -4.602016563370650E-002
   65.00000     -4.499810228800979E-002
   66.00000     -4.481323727775611E-002
   67.00000     -4.399466762990748E-002
   68.00000     -4.300981602501679E-002
   69.00000     -4.204340585784860E-002
   70.00000     -4.109529871135367E-002
   71.00000     -4.016533773724224E-002
   72.00000     -3.925335037350399E-002
   73.00000     -3.835915024869780E-002
   74.00000     -3.748253891483922E-002
   75.00000     -3.662330795532545E-002
   76.00000     -3.602164756540815E-002
   77.00000     -3.578122863054692E-002
   78.00000     -3.495609610984363E-002
   79.00000     -3.414766090149061E-002
   80.00000     -3.335568743958288E-002
   81.00000     -3.257993207372784E-002
   82.00000     -3.182014704679481E-002
   83.00000     -3.107608144095812E-002
   84.00000     -3.034748193583756E-002
   85.00000     -2.963409348306180E-002
   86.00000     -2.893565991672567E-002
   87.00000     -2.825192450973323E-002
   88.00000     -2.758263049159172E-002
   89.00000     -2.692752161325161E-002
   90.00000     -2.628634698466303E-002
   91.00000     -2.618696412759307E-002
   92.00000     -2.565883434876860E-002
   93.00000     -2.504475152165662E-002
   94.00000     -2.444383883389190E-002
   95.00000     -2.385584748037156E-002
   96.00000     -2.328053065939681E-002
   97.00000     -2.271764402735532E-002
   98.00000     -2.216694591482551E-002
   99.00000     -2.162819749729747E-002
   100.0000     -2.110116294056807E-002
   101.0000     -2.058560952591684E-002
   102.0000     -2.008130775751746E-002
   103.0000     -1.958803145382627E-002
   104.0000     -1.910555782439262E-002
   105.0000     -1.863366753337770E-002
   106.0000     -1.817214475097463E-002
   107.0000     -1.772077719384002E-002
   108.0000     -1.727935615566742E-002
   109.0000     -1.684767652925771E-002
   110.0000     -1.642553682256767E-002
   111.0000     -1.601273917778716E-002
   112.0000     -1.560908946874738E-002
   113.0000     -1.521498206143207E-002
   114.0000     -1.521399912699237E-002
   115.0000     -1.482847237815488E-002
   116.0000     -1.445113619297803E-002
   117.0000     -1.408220632069671E-002
   118.0000     -1.372150646684511E-002
   119.0000     -1.336886370599870E-002
   120.0000     -1.302410854621808E-002
   121.0000     -1.268707490554977E-002
   122.0000     -1.235760007531049E-002
   123.0000     -1.203552467874107E-002
   124.0000     -1.172069262696769E-002
   125.0000     -1.141295107298668E-002
   126.0000     -1.111215036406439E-002
   127.0000     -1.081814399283293E-002
   128.0000     -1.053078854730644E-002
   129.0000     -1.024994366002176E-002
   130.0000     -9.975471956472137E-003
   131.0000     -9.707239003001279E-003
   132.0000     -9.445113254292595E-003
   133.0000     -9.188966000592935E-003
   134.0000     -8.938671314781314E-003
   135.0000     -8.694105999398096E-003
   136.0000     -8.455149533726360E-003
   137.0000     -8.221684021014961E-003
   138.0000     -7.993594135928437E-003
   139.0000     -7.770767072287142E-003
   140.0000     -7.553092491169477E-003
   141.0000     -7.340462469432066E-003
   142.0000     -7.132771448698154E-003
   143.0000     -6.929916184863471E-003
   144.0000     -6.731795698159401E-003
   145.0000     -6.538311223809170E-003
   146.0000     -6.349366163309223E-003
   147.0000     -6.164866036366286E-003
   148.0000     -5.984718433509555E-003
   149.0000     -5.808832969400677E-003
   150.0000     -5.637121236862079E-003
   151.0000     -5.469496761633824E-003
   152.0000     -5.305874957872255E-003
   153.0000     -5.146173084401658E-003
   154.0000     -4.990310201724709E-003
   155.0000     -4.838207129797060E-003
   156.0000     -4.689786406571277E-003
   157.0000     -4.544972247310868E-003
   158.0000     -4.403690504674575E-003
   159.0000     -4.265868629573288E-003
   160.0000     -4.131435632799488E-003
   161.0000     -4.000322047425097E-003
   162.0000     -3.872459891981181E-003
   163.0000     -3.747782634426953E-003
   164.0000     -3.626225156957509E-003
   165.0000     -3.507723721781633E-003
   166.0000     -3.392215938314048E-003
   167.0000     -3.279640733618488E-003
   168.0000     -3.169938337196299E-003
   169.0000     -3.063050440484935E-003
   170.0000     -3.000767386556873E-003
   171.0000     -2.958917523770123E-003
   172.0000     -2.857487466116145E-003
   173.0000     -2.758702600444778E-003
   174.0000     -2.662509527069476E-003
   175.0000     -2.568855521542799E-003
   176.0000     -2.477688899171424E-003
   177.0000     -2.388959012693221E-003
   178.0000     -2.302616230470544E-003
   179.0000     -2.218611911930329E-003
   180.0000     -2.136898382739976E-003
   181.0000     -2.057428910284448E-003
   182.0000     -1.980157679607418E-003
   183.0000     -1.905039769864266E-003
   184.0000     -1.832031131303047E-003
   185.0000     -1.761088562769344E-003
   186.0000     -1.692169689732450E-003
   187.0000     -1.625232942821985E-003
   188.0000     -1.560237536866353E-003
   189.0000     -1.497143450422136E-003
   190.0000     -1.435911405785675E-003
   191.0000     -1.376502849473291E-003
   192.0000     -1.318879933162770E-003
   193.0000     -1.263005495083546E-003
   194.0000     -1.208843041846853E-003
   195.0000     -1.156356730703807E-003
   196.0000     -1.105511352223710E-003
   197.0000     -1.056272313379833E-003
   198.0000     -1.008605621036151E-003
   199.0000     -9.624778658221464E-004
   200.0000     -9.178562063889776E-004
   201.0000     -8.747083540361640E-004
   202.0000     -8.330025576999943E-004
   203.0000     -7.927075892949516E-004
   204.0000     -7.537927293996088E-004
   205.0000     -7.162277532775402E-004
   206.0000     -6.799829172260946E-004
   207.0000     -6.450289452431375E-004
   208.0000     -6.113370160057354E-004
   209.0000     -5.788787501508268E-004
   210.0000     -5.476261978524100E-004
   211.0000     -5.175518266852408E-004
   212.0000     -4.886285097696273E-004
   213.0000     -4.608295141900437E-004
   214.0000     -4.341284896793412E-004
   215.0000     -4.084994575631676E-004
   216.0000     -3.839167999574866E-004
   217.0000     -3.603552492129064E-004
   218.0000     -3.377898776002248E-004
   219.0000     -3.161960872304825E-004
   220.0000     -2.955496002051750E-004
   221.0000     -2.758264489901745E-004
   222.0000     -2.570029670096547E-004
   223.0000     -2.390557794544214E-004
   224.0000     -2.219617943014070E-004
   225.0000     -2.056981935400212E-004
   226.0000     -1.902424246031214E-004
   227.0000     -1.755721919993053E-004
   228.0000     -1.616654491460710E-004
   229.0000     -1.485003904025199E-004
   230.0000     -1.360554433028351E-004
   231.0000     -1.243092609927421E-004
   232.0000     -1.132407148735113E-004
   233.0000     -1.028288874601699E-004
   234.0000     -9.305306546445510E-005
   235.0000     -8.389273311699105E-005
   236.0000     -7.532756574943987E-005
   237.0000     -6.733742366464347E-005
   238.0000     -5.990234633404724E-005
   239.0000     -5.300254697599369E-005
   240.0000     -4.661840758933514E-005
   241.0000     -4.073047454632101E-005
   242.0000     -3.531945489112689E-005
   243.0000     -3.036621355357472E-005
   244.0000     -2.585177178234485E-005
   245.0000     -2.175730724907351E-005
   246.0000     -1.806415650712652E-005
   247.0000     -1.475382086977997E-005
   248.0000     -1.180797741855290E-005
   249.0000     -9.208497993398455E-006
   250.0000     -6.937481136535940E-006
   251.0000     -4.977306142943412E-006
   252.0000     -3.310727262070221E-006
   253.0000     -1.921046917798543E-006
   254.0000     -7.924623665457269E-007
