  0.0000000E+00 -0.102378978995046     
   1.000000     -0.101497357682430     
   2.000000     -0.100620472974162     
   3.000000     -9.974830683925268E-002
   4.000000     -9.888085228911433E-002
   5.000000     -9.801809955251899E-002
   6.000000     -9.716003884053018E-002
   7.000000     -9.630666034643748E-002
   8.000000     -9.545795424613018E-002
   9.000000     -9.461391069464475E-002
   10.00000     -9.377451983036041E-002
   11.00000     -9.293977189163886E-002
   12.00000     -9.210965636104033E-002
   13.00000     -9.128416367430653E-002
   14.00000     -9.046329622360394E-002
   15.00000     -8.964698642565137E-002
   16.00000     -8.883527831988272E-002
   17.00000     -8.802872117986825E-002
   18.00000     -8.722498216626418E-002
   19.00000     -8.642647381793729E-002
   20.00000     -8.564488673775128E-002
   21.00000     -8.483723885731728E-002
   22.00000     -8.404633022017854E-002
   23.00000     -8.337991201310922E-002
   24.00000     -8.247945173565252E-002
   25.00000     -8.161785007700591E-002
   26.00000     -8.121800745793048E-002
   27.00000     -8.009378243688065E-002
   28.00000     -7.887671548131989E-002
   29.00000     -7.871713411612062E-002
   30.00000     -7.756619954972095E-002
   31.00000     -7.626551125511732E-002
   32.00000     -7.527939400184322E-002
   33.00000     -7.494555548540811E-002
   34.00000     -7.361915054190171E-002
   35.00000     -7.228567847220672E-002
   36.00000     -7.117279751204268E-002
   37.00000     -7.094888926961372E-002
   38.00000     -6.961411755321481E-002
   39.00000     -6.828196647977441E-002
   40.00000     -6.695519622139082E-002
   41.00000     -6.641268123917235E-002
   42.00000     -6.563544385713757E-002
   43.00000     -6.432483350756331E-002
   44.00000     -6.302458902768304E-002
   45.00000     -6.173603408090906E-002
   46.00000     -6.095963024347349E-002
   47.00000     -6.046019191211818E-002
   48.00000     -5.919824206900319E-002
   49.00000     -5.795090871045942E-002
   50.00000     -5.671895769599657E-002
   51.00000     -5.550303542520247E-002
   52.00000     -5.475985913018570E-002
   53.00000     -5.430363751371516E-002
   54.00000     -5.312132383497059E-002
   55.00000     -5.195641555743243E-002
   56.00000     -5.080924330037877E-002
   57.00000     -4.968006484780167E-002
   58.00000     -4.856908271122019E-002
   59.00000     -4.775118026847174E-002
   60.00000     -4.747641626024378E-002
   61.00000     -4.640223470308073E-002
   62.00000     -4.534654859314784E-002
   63.00000     -4.430939366031288E-002
   64.00000     -4.329076063586433E-002
   65.00000     -4.229060913608430E-002
   66.00000     -4.130887129695603E-002
   67.00000     -4.034545649256571E-002
   68.00000     -3.986321392522231E-002
   69.00000     -3.940023334286808E-002
   70.00000     -3.847309424582188E-002
   71.00000     -3.756387002654772E-002
   72.00000     -3.667239475303846E-002
   73.00000     -3.579848645285494E-002
   74.00000     -3.494195072030958E-002
   75.00000     -3.410258238365868E-002
   76.00000     -3.328016693266876E-002
   77.00000     -3.247448184158770E-002
   78.00000     -3.168529808998814E-002
   79.00000     -3.101779741987245E-002
   80.00000     -3.091236603354266E-002
   81.00000     -3.015548130583410E-002
   82.00000     -2.941436838167708E-002
   83.00000     -2.868878841367956E-002
   84.00000     -2.797849179324951E-002
   85.00000     -2.728322690624583E-002
   86.00000     -2.660274092293874E-002
   87.00000     -2.593678037957385E-002
   88.00000     -2.528509168713232E-002
   89.00000     -2.464742158778187E-002
   90.00000     -2.402351756646368E-002
   91.00000     -2.341312822278322E-002
   92.00000     -2.281600360943012E-002
   93.00000     -2.223189555396910E-002
   94.00000     -2.166055809620082E-002
   95.00000     -2.112865924071608E-002
   96.00000     -2.110172690040362E-002
   97.00000     -2.055521779682168E-002
   98.00000     -2.002073731767836E-002
   99.00000     -1.949806645722659E-002
   100.0000     -1.898697232928501E-002
   101.0000     -1.848722496612440E-002
   102.0000     -1.799859756066148E-002
   103.0000     -1.752086657856517E-002
   104.0000     -1.705381184094229E-002
   105.0000     -1.659721659035336E-002
   106.0000     -1.615086754364616E-002
   107.0000     -1.571455493331034E-002
   108.0000     -1.528807253853437E-002
   109.0000     -1.487121770696173E-002
   110.0000     -1.446379136799975E-002
   111.0000     -1.406559803847795E-002
   112.0000     -1.367644582136002E-002
   113.0000     -1.329614639818627E-002
   114.0000     -1.292451501584295E-002
   115.0000     -1.256137046824470E-002
   116.0000     -1.220653507347442E-002
   117.0000     -1.185983464693631E-002
   118.0000     -1.152109847121182E-002
   119.0000     -1.119015926382694E-002
   120.0000     -1.086685314673601E-002
   121.0000     -1.055101964009267E-002
   122.0000     -1.024250208383113E-002
   123.0000     -1.010105662757619E-002
   124.0000     -9.941142844750357E-003
   125.0000     -9.646797101995345E-003
   126.0000     -9.359313876105800E-003
   127.0000     -9.078549189411776E-003
   128.0000     -8.804361744042630E-003
   129.0000     -8.536613231719632E-003
   130.0000     -8.275168312129891E-003
   131.0000     -8.019894567334523E-003
   132.0000     -7.770662451568595E-003
   133.0000     -7.527345239655692E-003
   134.0000     -7.289818974896551E-003
   135.0000     -7.057962416772368E-003
   136.0000     -6.831656988640012E-003
   137.0000     -6.610786725544204E-003
   138.0000     -6.395238222241631E-003
   139.0000     -6.184900581520404E-003
   140.0000     -5.979665362879217E-003
   141.0000     -5.779426531634863E-003
   142.0000     -5.584080408507934E-003
   143.0000     -5.393525619736156E-003
   144.0000     -5.207663047759175E-003
   145.0000     -5.026395782514612E-003
   146.0000     -4.849629073375572E-003
   147.0000     -4.677270281765478E-003
   148.0000     -4.509228834467984E-003
   149.0000     -4.345416177665602E-003
   150.0000     -4.185745731717635E-003
   151.0000     -4.030132846700998E-003
   152.0000     -3.878494758725920E-003
   153.0000     -3.730750547041143E-003
   154.0000     -3.586821091936517E-003
   155.0000     -3.446629033456551E-003
   156.0000     -3.310098730929068E-003
   157.0000     -3.177156223316552E-003
   158.0000     -3.047729190395083E-003
   159.0000     -2.921746914767312E-003
   160.0000     -2.799140244709009E-003
   161.0000     -2.679841557858150E-003
   162.0000     -2.563784725743962E-003
   163.0000     -2.450905079163541E-003
   164.0000     -2.341139374404281E-003
   165.0000     -2.234425760322772E-003
   166.0000     -2.130703746273519E-003
   167.0000     -2.029914170904852E-003
   168.0000     -1.931999171816750E-003
   169.0000     -1.836902156095727E-003
   170.0000     -1.744567771731902E-003
   171.0000     -1.654941879931346E-003
   172.0000     -1.567971528336974E-003
   173.0000     -1.483604925175092E-003
   174.0000     -1.401791414349328E-003
   175.0000     -1.322481451505664E-003
   176.0000     -1.245626581100593E-003
   177.0000     -1.171179414508250E-003
   178.0000     -1.099093609211328E-003
   179.0000     -1.029323849128800E-003
   180.0000     -9.618258261442741E-004
   181.0000     -8.965562229110475E-004
   182.0000     -8.334726970273651E-004
   183.0000     -7.725338666904941E-004
   184.0000     -7.136992979645015E-004
   185.0000     -6.569294938216941E-004
   186.0000     -6.021858851538139E-004
   187.0000     -5.494308239887718E-004
   188.0000     -4.986275792044046E-004
   189.0000     -4.497403350938280E-004
   190.0000     -4.027341932222258E-004
   191.0000     -3.575751781205171E-004
   192.0000     -3.142302474986164E-004
   193.0000     -2.726673078394639E-004
   194.0000     -2.328552364675863E-004
   195.0000     -1.947639114979384E-004
   196.0000     -1.583642514878370E-004
   197.0000     -1.236282671843907E-004
   198.0000     -9.052912854857966E-005
   199.0000     -5.904125134555416E-005
   200.0000     -2.914040918143663E-005
   201.0000     -8.038791911450144E-007
