  0.0000000E+00 -0.106446603690300     
   1.000000     -0.105556413604731     
   2.000000     -0.104670940024879     
   3.000000     -0.103790173167006     
   4.000000     -0.102914103229595     
   5.000000     -0.102042720393294     
   6.000000     -0.101176014820851     
   7.000000     -0.100313976657124     
   8.000000     -9.945659602885641E-002
   9.000000     -9.860386304110152E-002
   10.00000     -9.775576781476929E-002
   11.00000     -9.691230037315895E-002
   12.00000     -9.607345013072165E-002
   13.00000     -9.523921199289788E-002
   14.00000     -9.440956684793969E-002
   15.00000     -9.358446252580210E-002
   16.00000     -9.276420405330481E-002
   17.00000     -9.194819349437681E-002
   18.00000     -9.113527684032101E-002
   19.00000     -9.033454058501453E-002
   20.00000     -8.953009890427127E-002
   21.00000     -8.870884046920970E-002
   22.00000     -8.799306455606297E-002
   23.00000     -8.717939986652319E-002
   24.00000     -8.622171596295501E-002
   25.00000     -8.580290620475062E-002
   26.00000     -8.483496221795925E-002
   27.00000     -8.361269438308941E-002
   28.00000     -8.322635579875180E-002
   29.00000     -8.230753826568440E-002
   30.00000     -8.099446331943684E-002
   31.00000     -7.983857575389090E-002
   32.00000     -7.965341320909107E-002
   33.00000     -7.830661339586723E-002
   34.00000     -7.694737749343611E-002
   35.00000     -7.578590767982121E-002
   36.00000     -7.558187243849740E-002
   37.00000     -7.421660160286171E-002
   38.00000     -7.285184373524833E-002
   39.00000     -7.149086554606977E-002
   40.00000     -7.107876823660039E-002
   41.00000     -7.013539770994134E-002
   42.00000     -6.878791425456493E-002
   43.00000     -6.744977330358187E-002
   44.00000     -6.612247309577059E-002
   45.00000     -6.567792880137983E-002
   46.00000     -6.480711334542487E-002
   47.00000     -6.350503894216616E-002
   48.00000     -6.221710002353822E-002
   49.00000     -6.094415225044263E-002
   50.00000     -5.968698764361089E-002
   51.00000     -5.953005887994620E-002
   52.00000     -5.844602042132074E-002
   53.00000     -5.722203184764487E-002
   54.00000     -5.601538081192080E-002
   55.00000     -5.482644990061646E-002
   56.00000     -5.365555229148997E-002
   57.00000     -5.257360415988233E-002
   58.00000     -5.250284747318569E-002
   59.00000     -5.136877910571552E-002
   60.00000     -5.025325558177098E-002
   61.00000     -4.915644632524995E-002
   62.00000     -4.807840849604133E-002
   63.00000     -4.701916103156174E-002
   64.00000     -4.597868928620877E-002
   65.00000     -4.495695654842594E-002
   66.00000     -4.473802526509714E-002
   67.00000     -4.395385332368838E-002
   68.00000     -4.296932732989134E-002
   69.00000     -4.200323906020578E-002
   70.00000     -4.105545025371465E-002
   71.00000     -4.012580413654619E-002
   72.00000     -3.921412821271407E-002
   73.00000     -3.832023617289668E-002
   74.00000     -3.744392962347812E-002
   75.00000     -3.658500012011356E-002
   76.00000     -3.594561710876571E-002
   77.00000     -3.574321828332550E-002
   78.00000     -3.491838205505712E-002
   79.00000     -3.411023910847312E-002
   80.00000     -3.331855488433509E-002
   81.00000     -3.254308580623069E-002
   82.00000     -3.178358417367469E-002
   83.00000     -3.103979912228430E-002
   84.00000     -3.031147738363185E-002
   85.00000     -2.959836396016745E-002
   86.00000     -2.890020273570562E-002
   87.00000     -2.821673703146713E-002
   88.00000     -2.754771012214157E-002
   89.00000     -2.689286578508612E-002
   90.00000     -2.625195140717249E-002
   91.00000     -2.611010572555948E-002
   92.00000     -2.562470017900001E-002
   93.00000     -2.501087465881160E-002
   94.00000     -2.441021685097956E-002
   95.00000     -2.382247805478278E-002
   96.00000     -2.324741151768618E-002
   97.00000     -2.268477294013292E-002
   98.00000     -2.213432069527388E-002
   99.00000     -2.159581600032704E-002
   100.0000     -2.106902306215013E-002
   101.0000     -2.055370920248271E-002
   102.0000     -2.004964496539314E-002
   103.0000     -1.955660420868753E-002
   104.0000     -1.907436418073504E-002
   105.0000     -1.860270558399970E-002
   106.0000     -1.814141262646304E-002
   107.0000     -1.769027306204984E-002
   108.0000     -1.724907822116804E-002
   109.0000     -1.681762303264979E-002
   110.0000     -1.639570603931599E-002
   111.0000     -1.598312941453851E-002
   112.0000     -1.557969903420926E-002
   113.0000     -1.518522811943743E-002
   114.0000     -1.513688137020066E-002
   115.0000     -1.479951586369780E-002
   116.0000     -1.442239437088913E-002
   117.0000     -1.405367762174950E-002
   118.0000     -1.369318940107333E-002
   119.0000     -1.334075682140555E-002
   120.0000     -1.299621042441638E-002
   121.0000     -1.265938416056602E-002
   122.0000     -1.233011535298671E-002
   123.0000     -1.200824465629622E-002
   124.0000     -1.169361601262142E-002
   125.0000     -1.138607660560831E-002
   126.0000     -1.108547681283887E-002
   127.0000     -1.079167015693750E-002
   128.0000     -1.050451325559460E-002
   129.0000     -1.022386577071542E-002
   130.0000     -9.949590356861781E-003
   131.0000     -9.681552609149584E-003
   132.0000     -9.419621010745356E-003
   133.0000     -9.163666880096576E-003
   134.0000     -8.913564318003993E-003
   135.0000     -8.669190154657877E-003
   136.0000     -8.430423896722005E-003
   137.0000     -8.197147674566731E-003
   138.0000     -7.969246189717401E-003
   139.0000     -7.746606662604140E-003
   140.0000     -7.529118780668032E-003
   141.0000     -7.316674646883095E-003
   142.0000     -7.109168728752923E-003
   143.0000     -6.906497807818832E-003
   144.0000     -6.708560929727999E-003
   145.0000     -6.515259354893742E-003
   146.0000     -6.326496509782224E-003
   147.0000     -6.142177938852170E-003
   148.0000     -5.962211257171828E-003
   149.0000     -5.786506103733682E-003
   150.0000     -5.614974095486259E-003
   151.0000     -5.447528782094118E-003
   152.0000     -5.284085601442245E-003
   153.0000     -5.124561835889753E-003
   154.0000     -4.968876569284968E-003
   155.0000     -4.816950644743963E-003
   156.0000     -4.668706623197083E-003
   157.0000     -4.524068742705880E-003
   158.0000     -4.382962878551369E-003
   159.0000     -4.245316504092117E-003
   160.0000     -4.111058652392264E-003
   161.0000     -3.980119878619408E-003
   162.0000     -3.852432223212938E-003
   163.0000     -3.727929175829913E-003
   164.0000     -3.606545640094827E-003
   165.0000     -3.488217899218644E-003
   166.0000     -3.372883582705236E-003
   167.0000     -3.260481634924115E-003
   168.0000     -3.150952289208222E-003
   169.0000     -3.044237076128694E-003
   170.0000     -2.940280193570721E-003
   171.0000     -2.922215117929801E-003
   172.0000     -2.839019669193779E-003
   173.0000     -2.740407501884736E-003
   174.0000     -2.644386940251479E-003
   175.0000     -2.550905371394097E-003
   176.0000     -2.459911142657448E-003
   177.0000     -2.371353629966696E-003
   178.0000     -2.285183222840058E-003
   179.0000     -2.201351301172935E-003
   180.0000     -2.119810210789886E-003
   181.0000     -2.040513239055131E-003
   182.0000     -1.963414590870803E-003
   183.0000     -1.888469365157822E-003
   184.0000     -1.815633531853503E-003
   185.0000     -1.744863909429223E-003
   186.0000     -1.676118142924434E-003
   187.0000     -1.609354682492551E-003
   188.0000     -1.544532762446559E-003
   189.0000     -1.481612380796764E-003
   190.0000     -1.420554279268917E-003
   191.0000     -1.361319923793100E-003
   192.0000     -1.303871485452987E-003
   193.0000     -1.248171821884485E-003
   194.0000     -1.194184459114835E-003
   195.0000     -1.141873573829776E-003
   196.0000     -1.091203976061734E-003
   197.0000     -1.042141092286319E-003
   198.0000     -9.946509489193796E-004
   199.0000     -9.487001562043963E-004
   200.0000     -9.042558924803764E-004
   201.0000     -8.612858888225933E-004
   202.0000     -8.197584140449924E-004
   203.0000     -7.796422600571118E-004
   204.0000     -7.409067275667706E-004
   205.0000     -7.035216121191268E-004
   206.0000     -6.674571904644231E-004
   207.0000     -6.326842072467043E-004
   208.0000     -5.991738620051240E-004
   209.0000     -5.668977964803862E-004
   210.0000     -5.358280822189029E-004
   211.0000     -5.059372084676805E-004
   212.0000     -4.771980703527503E-004
   213.0000     -4.495839573342744E-004
   214.0000     -4.230685419323648E-004
   215.0000     -3.976258687175364E-004
   216.0000     -3.732303435590275E-004
   217.0000     -3.498567231266555E-004
   218.0000     -3.274801046405731E-004
   219.0000     -3.060759158639372E-004
   220.0000     -2.856199053353001E-004
   221.0000     -2.660881328358736E-004
   222.0000     -2.474569600893909E-004
   223.0000     -2.297030416926295E-004
   224.0000     -2.128033162743383E-004
   225.0000     -1.967349978833853E-004
   226.0000     -1.814755676066240E-004
   227.0000     -1.670027654196028E-004
   228.0000     -1.532945822748239E-004
   229.0000     -1.403292524352421E-004
   230.0000     -1.280852460635290E-004
   231.0000     -1.165412620821943E-004
   232.0000     -1.056762213254379E-004
   233.0000     -9.546926000971217E-005
   234.0000     -8.589972356116338E-005
   235.0000     -7.694716084952201E-005
   236.0000     -6.859131889628403E-005
   237.0000     -6.081213814893434E-005
   238.0000     -5.358974844629669E-005
   239.0000     -4.690446584829474E-005
   240.0000     -4.073679057173868E-005
   241.0000     -3.506740637575781E-005
   242.0000     -2.987718189257697E-005
   243.0000     -2.514717463478426E-005
   244.0000     -2.085863878169773E-005
   245.0000     -1.699303845540421E-005
   246.0000     -1.353206922461290E-005
   247.0000     -1.045769239149910E-005
   248.0000     -7.752189991300385E-006
   249.0000     -5.398255106854775E-006
   250.0000     -3.379146348185860E-006
   251.0000     -1.678968977861396E-006
   252.0000     -2.832361105182602E-007
