  0.0000000E+00 -1.885725544952986E-002
   1.000000     -1.798856945205747E-002
   2.000000     -1.714318131590569E-002
   3.000000     -1.632087118585826E-002
   4.000000     -1.552141748514325E-002
   5.000000     -1.474459689833929E-002
   6.000000     -1.399018435517431E-002
   7.000000     -1.325795301541445E-002
   8.000000     -1.254767425504256E-002
   9.000000     -1.185911765399263E-002
   10.00000     -1.119205098572806E-002
   11.00000     -1.054624020901545E-002
   12.00000     -9.921449462299592E-003
   13.00000     -9.317441061166614E-003
   14.00000     -8.733975499462168E-003
   15.00000     -8.170811454746848E-003
   16.00000     -7.627705798905344E-003
   17.00000     -7.104413614882865E-003
   18.00000     -6.600688220730183E-003
   19.00000     -6.116281202383419E-003
   20.00000     -5.650942456932191E-003
   21.00000     -5.204420248507651E-003
   22.00000     -4.776461279454788E-003
   23.00000     -4.366810780073193E-003
   24.00000     -3.975212621082936E-003
   25.00000     -3.601409454047070E-003
   26.00000     -3.245142886457907E-003
   27.00000     -2.906153700131516E-003
   28.00000     -2.584182124192745E-003
   29.00000     -2.278968177559360E-003
   30.00000     -1.990252100876722E-003
   31.00000     -1.717774905012489E-003
   32.00000     -1.461279073547944E-003
   33.00000     -1.220509471938240E-003
   34.00000     -9.952145389882179E-004
   35.00000     -7.851478719047989E-004
   36.00000     -5.900703730648275E-004
   37.00000     -4.097532207274613E-004
   38.00000     -2.439820881615074E-004
   39.00000     -9.256332943671554E-005
