  0.0000000E+00 -2.199945688193670E-002
   1.000000     -2.109850888694731E-002
   2.000000     -2.022057100991517E-002
   3.000000     -1.936541755922077E-002
   4.000000     -1.853282091574980E-002
   5.000000     -1.772255150296896E-002
   6.000000     -1.693437775662101E-002
   7.000000     -1.616806609404523E-002
   8.000000     -1.542338088315847E-002
   9.000000     -1.470008441110144E-002
   10.00000     -1.399793685259154E-002
   11.00000     -1.331669623799170E-002
   12.00000     -1.265611842115304E-002
   13.00000     -1.201595704704888E-002
   14.00000     -1.139596351925394E-002
   15.00000     -1.079588696733355E-002
   16.00000     -1.021547421416826E-002
   17.00000     -9.654469743326219E-003
   18.00000     -9.112615666532618E-003
   19.00000     -8.589651691330330E-003
   20.00000     -8.085315089053767E-003
   21.00000     -7.599340663219859E-003
   22.00000     -7.131460718487718E-003
   23.00000     -6.681405030344448E-003
   24.00000     -6.248900815713242E-003
   25.00000     -5.833672704702105E-003
   26.00000     -5.435442713758371E-003
   27.00000     -5.053930220533106E-003
   28.00000     -4.688851940827419E-003
   29.00000     -4.339921908051390E-003
   30.00000     -4.006851455722315E-003
   31.00000     -3.689349203630828E-003
   32.00000     -3.387121048451688E-003
   33.00000     -3.099870159735666E-003
   34.00000     -2.827296982458387E-003
   35.00000     -2.569099247583679E-003
   36.00000     -2.324971992485291E-003
   37.00000     -2.094607593585945E-003
   38.00000     -1.877695814242823E-003
   39.00000     -1.673923871859596E-003
   40.00000     -1.482976529483192E-003
   41.00000     -1.304536218965160E-003
   42.00000     -1.138283205366143E-003
   43.00000     -9.838958060583360E-004
   44.00000     -8.410506836276161E-004
   45.00000     -7.094232402635384E-004
   46.00000     -5.886881547922039E-004
   47.00000     -4.785201252548813E-004
   48.00000     -3.785949163447958E-004
   49.00000     -2.885908745570789E-004
   50.00000     -2.081911904690662E-004
   51.00000     -1.370874147043470E-004
   52.00000     -7.498521139207495E-005
   53.00000     -2.161443806468182E-005
