  0.0000000E+00 -1.785018663778024E-002
   1.000000     -1.699210708405832E-002
   2.000000     -1.615742817105534E-002
   3.000000     -1.534593253813714E-002
   4.000000     -1.455740121769663E-002
   5.000000     -1.379161362705104E-002
   6.000000     -1.304834756225741E-002
   7.000000     -1.232737919418995E-002
   8.000000     -1.162848306727034E-002
   9.000000     -1.095143210130790E-002
   10.00000     -1.029599759701520E-002
   11.00000     -9.661949245819739E-003
   12.00000     -9.049055144751237E-003
   13.00000     -8.457081817317214E-003
   14.00000     -7.885794241455519E-003
   15.00000     -7.334955885876736E-003
   16.00000     -6.804328756394838E-003
   17.00000     -6.293673454174751E-003
   18.00000     -5.802749248262716E-003
   19.00000     -5.331314165321236E-003
   20.00000     -4.879125100178871E-003
   21.00000     -4.445937951720383E-003
   22.00000     -4.031507789810305E-003
   23.00000     -3.635589060492576E-003
   24.00000     -3.257935838766040E-003
   25.00000     -2.898302140994082E-003
   26.00000     -2.556442312785862E-003
   27.00000     -2.232111513395666E-003
   28.00000     -1.925066325020790E-003
   29.00000     -1.635065525866945E-003
   30.00000     -1.361871081154616E-003
   31.00000     -1.105249429073341E-003
   32.00000     -8.649731736227932E-004
   33.00000     -6.408233512682547E-004
   34.00000     -4.325925278084988E-004
   35.00000     -2.400891331272034E-004
   36.00000     -6.314370921439477E-005
