   0.00000000      -1.3664523844847893E-002
   1.00000000      -1.2834150172197287E-002
   2.00000000      -1.2041305593064391E-002
   3.00000000      -1.1284430098416988E-002
   4.00000000      -1.0561950588025455E-002
   5.00000000      -9.8722936066061237E-003
   6.00000000      -9.2138999285096904E-003
   7.00000000      -8.5852426376166295E-003
   8.00000000      -7.9848469014282431E-003
   9.00000000      -7.4112956794749555E-003
   10.0000000      -6.8632048631154883E-003
   11.0000000      -6.3392070314855827E-003
   12.0000000      -5.8380542940841499E-003
   13.0000000      -5.3588763958237976E-003
   14.0000000      -4.9013620926452589E-003
   15.0000000      -4.4654388026110535E-003
   16.0000000      -4.0502892935126260E-003
   17.0000000      -3.6534781367802125E-003
   18.0000000      -3.2716975871920442E-003
   19.0000000      -2.9029655104452490E-003
   20.0000000      -2.5478614682703398E-003
   21.0000000      -2.2090981510687747E-003
   22.0000000      -1.8912394133777379E-003
   23.0000000      -1.6021660405410650E-003
   24.0000000      -1.3522080154950518E-003
   25.0000000      -1.1292641445109280E-003
   26.0000000      -9.0099610893699174E-004
   27.0000000      -6.6953007355193992E-004
   28.0000000      -4.4807653315073412E-004
   29.0000000      -2.4324537895153287E-004
   30.0000000      -5.7950056657114885E-005
