   0.00000000      -1.6182889282080455E-002
   1.00000000      -1.5321026329208247E-002
   2.00000000      -1.4496364078789837E-002
   3.00000000      -1.3707395903594636E-002
   4.00000000      -1.2952604996674224E-002
   5.00000000      -1.2230475418081340E-002
   6.00000000      -1.1539506247284679E-002
   7.00000000      -1.0878228789061745E-002
   8.00000000      -1.0245210874265333E-002
   9.00000000      -9.6390258929369369E-003
   10.0000000      -9.0582405107665718E-003
   11.0000000      -8.5015857415070718E-003
   12.0000000      -7.9683238619578396E-003
   13.0000000      -7.4583077098914156E-003
   14.0000000      -6.9709945889115579E-003
   15.0000000      -6.5037772710504222E-003
   16.0000000      -6.0521166003541290E-003
   17.0000000      -5.6128157305395266E-003
   18.0000000      -5.1870210582768469E-003
   19.0000000      -4.7810670174460185E-003
   20.0000000      -4.4088467428894254E-003
   21.0000000      -4.0878321809115509E-003
   22.0000000      -3.7887666563443034E-003
   23.0000000      -3.4661202362222137E-003
   24.0000000      -3.1333480274503135E-003
   25.0000000      -2.8080758363774748E-003
   26.0000000      -2.4975667559430977E-003
   27.0000000      -2.2047398888369700E-003
   28.0000000      -1.9309044347143409E-003
   29.0000000      -1.6766806545916314E-003
   30.0000000      -1.4423397524381773E-003
   31.0000000      -1.2279457346763758E-003
   32.0000000      -1.0334237932736350E-003
   33.0000000      -8.5860935536051649E-004
   34.0000000      -7.0334664394526038E-004
   35.0000000      -5.6804880393983347E-004
   36.0000000      -4.6337648024334248E-004
   37.0000000      -4.2194201771101404E-004
   38.0000000      -3.3884392853758419E-004
   39.0000000      -2.5573856277213400E-004
   40.0000000      -1.8657167228088196E-004
   41.0000000      -1.3111569042885128E-004
   42.0000000      -8.8132245292490153E-005
   43.0000000      -5.6079424866189075E-005
   44.0000000      -3.3264470456362410E-005
   45.0000000      -1.7944329630405240E-005
   46.0000000      -8.4239244393002158E-006
   47.0000000      -3.1432036392446947E-006
   48.0000000      -7.3236465756780047E-007
   49.0000000      -2.3658730505534668E-008
