   0.00000000      -1.5935353514242648E-002
   1.00000000      -1.5076533001222595E-002
   2.00000000      -1.4254943376574337E-002
   3.00000000      -1.3469072995110878E-002
   4.00000000      -1.2717399770332049E-002
   5.00000000      -1.1998402339944158E-002
   6.00000000      -1.1310574185745142E-002
   7.00000000      -1.0652441163662322E-002
   8.00000000      -1.0022568304687913E-002
   9.00000000      -9.4195322023015830E-003
   10.0000000      -8.8419007468552822E-003
   11.0000000      -8.2883751341170618E-003
   12.0000000      -7.7581411360310333E-003
   13.0000000      -7.2510065385856214E-003
   14.0000000      -6.7665995700050031E-003
   15.0000000      -6.3027425511013729E-003
   16.0000000      -5.8551465112434108E-003
   17.0000000      -5.4202146333087869E-003
   18.0000000      -4.9981978275804792E-003
   19.0000000      -4.5940645024215732E-003
   20.0000000      -4.2190498055270417E-003
   21.0000000      -3.8916157327929537E-003
   22.0000000      -3.5997938507333830E-003
   23.0000000      -3.2912306425750457E-003
   24.0000000      -2.9674011994900999E-003
   25.0000000      -2.6481402010212736E-003
   26.0000000      -2.3425433062415962E-003
   27.0000000      -2.0541935917564079E-003
   28.0000000      -1.7846593549372398E-003
   29.0000000      -1.5346820432579119E-003
   30.0000000      -1.3046006271352460E-003
   31.0000000      -1.0945215279671041E-003
   32.0000000      -9.0439286212630802E-004
   33.0000000      -7.3403871881339239E-004
   34.0000000      -5.8317754085009360E-004
   35.0000000      -4.5144395816217264E-004
   36.0000000      -3.3846649764243046E-004
   37.0000000      -2.4436029588667860E-004
   38.0000000      -1.7595460187704297E-004
   39.0000000      -1.4430321105263799E-004
   40.0000000      -9.4218860191918642E-005
   41.0000000      -4.7713063126981610E-005
   42.0000000      -1.3264284838312307E-005
