   0.00000000      -1.1131417619612411E-002
   1.00000000      -1.0446017204236293E-002
   2.00000000      -9.7885543215164052E-003
   3.00000000      -9.1580235054694419E-003
   4.00000000      -8.5534060887433212E-003
   5.00000000      -7.9736812162383673E-003
   6.00000000      -7.4178240803471733E-003
   7.00000000      -6.8847927192598850E-003
   8.00000000      -6.3735771873932902E-003
   9.00000000      -5.8834139241764304E-003
   10.0000000      -5.4138383276887865E-003
   11.0000000      -4.9638122643648024E-003
   12.0000000      -4.5305262414813488E-003
   13.0000000      -4.1108123400294874E-003
   14.0000000      -3.7056788002882411E-003
   15.0000000      -3.3241297616977330E-003
   16.0000000      -2.9795759378435809E-003
   17.0000000      -2.6593707438546340E-003
   18.0000000      -2.3264762087719208E-003
   19.0000000      -1.9801500006674908E-003
   20.0000000      -1.6355953495343675E-003
   21.0000000      -1.3017851318010947E-003
   22.0000000      -9.8337009016425184E-004
   23.0000000      -6.8562203127642989E-004
   24.0000000      -4.7225309232470144E-004
   25.0000000      -3.6192250983757768E-004
   26.0000000      -1.1381957893306455E-004
