   0.00000000      -1.5931923227019522E-002
   1.00000000      -1.5194172732969675E-002
   2.00000000      -1.4483843457823395E-002
   3.00000000      -1.3799995125636346E-002
   4.00000000      -1.3141679910836914E-002
   5.00000000      -1.2507936442841509E-002
   6.00000000      -1.1897796443250603E-002
   7.00000000      -1.1310433896104003E-002
   8.00000000      -1.0745275710326426E-002
   9.00000000      -1.0201055593097618E-002
   10.0000000      -9.6745195583137055E-003
   11.0000000      -9.1638145603009143E-003
   12.0000000      -8.6768986464704888E-003
   13.0000000      -8.2291890225430746E-003
   14.0000000      -7.8040331702458107E-003
   15.0000000      -7.3573849771824736E-003
   16.0000000      -6.8897694794889126E-003
   17.0000000      -6.4222154912989601E-003
   18.0000000      -5.9844110555732546E-003
   19.0000000      -5.7674793517840609E-003
   20.0000000      -5.4701935056333164E-003
   21.0000000      -5.0502070252131104E-003
   22.0000000      -4.6379958928164221E-003
   23.0000000      -4.2423502966930701E-003
   24.0000000      -3.8649317576102023E-003
   25.0000000      -3.5062718632853790E-003
   26.0000000      -3.1665410311239699E-003
   27.0000000      -2.8457498652134585E-003
   28.0000000      -2.5438264485444402E-003
   29.0000000      -2.2606637800931563E-003
   30.0000000      -1.9962595116968774E-003
   31.0000000      -1.7923354143238725E-003
   32.0000000      -1.7465899986820012E-003
   33.0000000      -1.5205276264177235E-003
   34.0000000      -1.3101866693772640E-003
   35.0000000      -1.1172090970001853E-003
   36.0000000      -9.4133189105132604E-004
   37.0000000      -7.8218495660023880E-004
   38.0000000      -6.3934158868321142E-004
   39.0000000      -5.1232314326626731E-004
   40.0000000      -4.0059675378309630E-004
   41.0000000      -3.0357120759402241E-004
   42.0000000      -2.2059241131160582E-004
   43.0000000      -1.5093953887014569E-004
   44.0000000      -9.3823558736887052E-005
   45.0000000      -4.8391419727378150E-005
   46.0000000      -1.3743308744357915E-005
