   0.00000000      -9.5465809504770537E-003
   1.00000000      -8.8794049134314629E-003
   2.00000000      -8.2403749388761799E-003
   3.00000000      -7.6284599788014676E-003
   4.00000000      -7.0426156983951840E-003
   5.00000000      -6.4817931573178736E-003
   6.00000000      -5.9449460697413269E-003
   7.00000000      -5.4310250042612432E-003
   8.00000000      -4.9389695119672079E-003
   9.00000000      -4.4678094753559314E-003
   10.0000000      -4.0168858028570408E-003
   11.0000000      -3.5857690610932823E-003
   12.0000000      -3.1733442098117936E-003
   13.0000000      -2.7769175946276564E-003
   14.0000000      -2.3935929714950367E-003
   15.0000000      -2.0236514297221632E-003
   16.0000000      -1.6730679352532443E-003
   17.0000000      -1.3535342498288603E-003
   18.0000000      -1.0668423567853540E-003
   19.0000000      -7.8264302695905204E-004
   20.0000000      -4.8543496531830487E-004
   21.0000000      -1.8718675753529517E-004
