   0.00000000      -1.5660050409862875E-002
   1.00000000      -1.4925161537984814E-002
   2.00000000      -1.4217719369036227E-002
   3.00000000      -1.3536780185378223E-002
   4.00000000      -1.2881392763748506E-002
   5.00000000      -1.2250593204571307E-002
   6.00000000      -1.1643406837394473E-002
   7.00000000      -1.1058983750314061E-002
   8.00000000      -1.0496748315714849E-002
   9.00000000      -9.9555880695743320E-003
   10.0000000      -9.4324143250535727E-003
   11.0000000      -8.9247898672857439E-003
   12.0000000      -8.4390513062283703E-003
   13.0000000      -7.9910456746265634E-003
   14.0000000      -7.5713053002480126E-003
   15.0000000      -7.1346406484062413E-003
   16.0000000      -6.6749112928958781E-003
   17.0000000      -6.2123707221606855E-003
   18.0000000      -5.7690906062685520E-003
   19.0000000      -5.4950974569657873E-003
   20.0000000      -5.2640681842043794E-003
   21.0000000      -4.8557453542527346E-003
   22.0000000      -4.4485713895651095E-003
   23.0000000      -4.0572320911423012E-003
   24.0000000      -3.6838835936939501E-003
   25.0000000      -3.3291724737623306E-003
   26.0000000      -2.9933154639930695E-003
   27.0000000      -2.6763493487990549E-003
   28.0000000      -2.3782186138053278E-003
   29.0000000      -2.0988171290680512E-003
   30.0000000      -1.8380310837077499E-003
   31.0000000      -1.5960775978629946E-003
   32.0000000      -1.4788976893528078E-003
   33.0000000      -1.3697712796357101E-003
   34.0000000      -1.1638317653080250E-003
   35.0000000      -9.7495977394721281E-004
   36.0000000      -8.0326575394645914E-004
   37.0000000      -6.4843684909516501E-004
   38.0000000      -5.1008559364188626E-004
   39.0000000      -3.8777406522843704E-004
   40.0000000      -2.8101656027000626E-004
   41.0000000      -1.8927928869093787E-004
   42.0000000      -1.1198139394242427E-004
   43.0000000      -4.8501497966666818E-005
