  0.0000000E+00 -9.970077385850297E-002
   1.000000     -9.605639941837561E-002
   2.000000     -9.248162415708805E-002
   3.000000     -8.897603767697676E-002
   4.000000     -8.553922801812691E-002
   5.000000     -8.217078168255694E-002
   6.000000     -7.887028366203740E-002
   7.000000     -7.563731746997839E-002
   8.000000     -7.247146517779832E-002
   9.000000     -6.937230745627840E-002
   10.00000     -6.633942362247539E-002
   11.00000     -6.337239169278579E-002
   12.00000     -6.047078844287922E-002
   13.00000     -5.763418947533411E-002
   14.00000     -5.486216929584458E-002
   15.00000     -5.215430139905294E-002
   16.00000     -4.951015836519446E-002
   17.00000     -4.692931196889387E-002
   18.00000     -4.441133330167371E-002
   19.00000     -4.195579290997476E-002
   20.00000     -3.956226095072057E-002
   21.00000     -3.723030736686670E-002
   22.00000     -3.495950208565806E-002
   23.00000     -3.274941524292541E-002
   24.00000     -3.059961743713222E-002
   25.00000     -2.850968001775560E-002
   26.00000     -2.647917541323692E-002
   27.00000     -2.450767750482824E-002
   28.00000     -2.259476205386907E-002
   29.00000     -2.074000719151072E-002
   30.00000     -1.894299398180279E-002
   31.00000     -1.720330707140018E-002
   32.00000     -1.552053544207635E-002
   33.00000     -1.389427328602750E-002
   34.00000     -1.232412102867450E-002
   35.00000     -1.080968652998731E-002
   36.00000     -9.350586503366625E-003
   37.00000     -7.946448201899147E-003
   38.00000     -6.596911436078572E-003
   39.00000     -5.301631006491157E-003
   40.00000     -4.060279661528079E-003
   41.00000     -2.872551727351549E-003
   42.00000     -1.738167609941203E-003
   43.00000     -6.568794453056170E-004
