  0.0000000E+00 -0.152083957186817     
   1.000000     -0.148074132481402     
   2.000000     -0.144131615340591     
   3.000000     -0.140255960347478     
   4.000000     -0.136446719513275     
   5.000000     -0.132703442250059     
   6.000000     -0.129025675343262     
   7.000000     -0.125412962923835     
   8.000000     -0.121864846440226     
   9.000000     -0.118380864630037     
   10.00000     -0.114960553491438     
   11.00000     -0.111603446254343     
   12.00000     -0.108309073351307     
   13.00000     -0.105076962388205     
   14.00000     -0.101906638114658     
   15.00000     -9.879762239422452E-002
   16.00000     -9.574943417437208E-002
   17.00000     -9.276158945622794E-002
   18.00000     -8.983360126410671E-002
   19.00000     -8.696497961487054E-002
   20.00000     -8.415523148704721E-002
   21.00000     -8.140386078981424E-002
   22.00000     -7.871036833177321E-002
   23.00000     -7.607425178958747E-002
   24.00000     -7.349500567649364E-002
   25.00000     -7.097212131061059E-002
   26.00000     -6.850508678321959E-002
   27.00000     -6.609338692688750E-002
   28.00000     -6.373650328352504E-002
   29.00000     -6.143391407237789E-002
   30.00000     -5.918509415797849E-002
   31.00000     -5.698951501806502E-002
   32.00000     -5.484664471151458E-002
   33.00000     -5.275594784627663E-002
   34.00000     -5.071688554737520E-002
   35.00000     -4.872891542498873E-002
   36.00000     -4.679149154260549E-002
   37.00000     -4.490406438535632E-002
   38.00000     -4.306608082847271E-002
   39.00000     -4.127698410599116E-002
   40.00000     -3.953621377963972E-002
   41.00000     -3.784320570807351E-002
   42.00000     -3.619739201634967E-002
   43.00000     -3.459820106582279E-002
   44.00000     -3.304505742442003E-002
   45.00000     -3.153738183737542E-002
   46.00000     -3.007459119845793E-002
   47.00000     -2.865609852177917E-002
   48.00000     -2.728131291419466E-002
   49.00000     -2.594963954839302E-002
   50.00000     -2.466047963670660E-002
   51.00000     -2.341323040572942E-002
   52.00000     -2.220728507181430E-002
   53.00000     -2.104203281750039E-002
   54.00000     -1.991685876895893E-002
   55.00000     -1.883114397455688E-002
   56.00000     -1.778426538457674E-002
   57.00000     -1.677559583223984E-002
   58.00000     -1.580450401607486E-002
   59.00000     -1.487035448375993E-002
   60.00000     -1.397250761754046E-002
   61.00000     -1.311031962131522E-002
   62.00000     -1.228314250953168E-002
   63.00000     -1.149032409798972E-002
   64.00000     -1.073120799669823E-002
   65.00000     -1.000513360492135E-002
   66.00000     -9.311436108554692E-003
   67.00000     -8.649446480000681E-003
   68.00000     -8.018491480697726E-003
   69.00000     -7.417893666504138E-003
   70.00000     -6.846971396125522E-003
   71.00000     -6.305038842801116E-003
   72.00000     -5.791406009510496E-003
   73.00000     -5.305378747945030E-003
   74.00000     -4.846258781580183E-003
   75.00000     -4.413343733172129E-003
   76.00000     -4.005927157115409E-003
   77.00000     -3.623298577119548E-003
   78.00000     -3.264743529809902E-003
   79.00000     -2.929543614942626E-003
   80.00000     -2.616976553132247E-003
   81.00000     -2.326316252210801E-003
   82.00000     -2.056832883663139E-003
   83.00000     -1.807792971062927E-003
   84.00000     -1.578459493073898E-003
   85.00000     -1.368092004550854E-003
   86.00000     -1.175946780690287E-003
   87.00000     -1.001276991320225E-003
   88.00000     -8.433329157359081E-004
   89.00000     -7.013622137439125E-004
   90.00000     -5.746102771735531E-004
   91.00000     -4.623207006528705E-004
   92.00000     -3.637359360396074E-004
   93.00000     -2.780982420924709E-004
   94.00000     -2.046511331168813E-004
   95.00000     -1.426417231958471E-004
   96.00000     -9.132480391315857E-005
   97.00000     -4.997062919063372E-005
   98.00000     -1.788183250503827E-005
