  0.0000000E+00 -0.151213902058998     
   1.000000     -0.147209865773246     
   2.000000     -0.143273167933227     
   3.000000     -0.139403363433794     
   4.000000     -0.135600004601472     
   5.000000     -0.131862641167249     
   6.000000     -0.128190820239009     
   7.000000     -0.124584086273821     
   8.000000     -0.121041981049862     
   9.000000     -0.117564043638106     
   10.00000     -0.114149810373785     
   11.00000     -0.110798814827543     
   12.00000     -0.107510587776380     
   13.00000     -0.104284657174331     
   14.00000     -0.101120548122905     
   15.00000     -9.801778284128028E-002
   16.00000     -9.497588063630412E-002
   17.00000     -9.199435787223210E-002
   18.00000     -8.907272794029338E-002
   19.00000     -8.621050122800770E-002
   20.00000     -8.340718508836642E-002
   21.00000     -8.066228380875949E-002
   22.00000     -7.797529857981247E-002
   23.00000     -7.534572746397562E-002
   24.00000     -7.277306536404896E-002
   25.00000     -7.025680399150903E-002
   26.00000     -6.779643183476290E-002
   27.00000     -6.539143412726617E-002
   28.00000     -6.304129281559548E-002
   29.00000     -6.074548652742480E-002
   30.00000     -5.850349053946059E-002
   31.00000     -5.631477674537036E-002
   32.00000     -5.417881362370854E-002
   33.00000     -5.209506620583838E-002
   34.00000     -5.006299604394387E-002
   35.00000     -4.808206117909049E-002
   36.00000     -4.615171610940684E-002
   37.00000     -4.427141175840189E-002
   38.00000     -4.244059544344720E-002
   39.00000     -4.065871084448673E-002
   40.00000     -3.892519797297059E-002
   41.00000     -3.723949314108456E-002
   42.00000     -3.560102893130349E-002
   43.00000     -3.400923416632406E-002
   44.00000     -3.246353387941980E-002
   45.00000     -3.096334928524345E-002
   46.00000     -2.950809775119955E-002
   47.00000     -2.809719276935487E-002
   48.00000     -2.673004392901700E-002
   49.00000     -2.540605689001453E-002
   50.00000     -2.412463335675315E-002
   51.00000     -2.288517105311255E-002
   52.00000     -2.168706369828256E-002
   53.00000     -2.052970098359201E-002
   54.00000     -1.941246855043385E-002
   55.00000     -1.833474796938694E-002
   56.00000     -1.729591672061448E-002
   57.00000     -1.629534817565157E-002
   58.00000     -1.533241158071734E-002
   59.00000     -1.440647204162640E-002
   60.00000     -1.351689051049680E-002
   61.00000     -1.266302377433393E-002
   62.00000     -1.184422444569118E-002
   63.00000     -1.105984095555898E-002
   64.00000     -1.030921754867004E-002
   65.00000     -9.591694281436903E-003
   66.00000     -8.906607022745042E-003
   67.00000     -8.253287457860583E-003
   68.00000     -7.631063095762204E-003
   69.00000     -7.039257280206399E-003
   70.00000     -6.477189204950886E-003
   71.00000     -5.944173933549518E-003
   72.00000     -5.439522424299129E-003
   73.00000     -4.962541560941706E-003
   74.00000     -4.512534189929644E-003
   75.00000     -4.088799165191453E-003
   76.00000     -3.690631401594133E-003
   77.00000     -3.317321938602924E-003
   78.00000     -2.968158016047229E-003
   79.00000     -2.642423164497571E-003
   80.00000     -2.339397313528753E-003
   81.00000     -2.058356922275332E-003
   82.00000     -1.798575138272329E-003
   83.00000     -1.559321992903954E-003
   84.00000     -1.339864645206706E-003
   85.00000     -1.139467691004362E-003
   86.00000     -9.573935624385602E-004
   87.00000     -7.929030558927146E-004
   88.00000     -6.452560476213283E-004
   89.00000     -5.137124928459155E-004
   90.00000     -3.975338692091325E-004
   91.00000     -2.959853480008881E-004
   92.00000     -2.083392222896386E-004
   93.00000     -1.338806546906714E-004
   94.00000     -7.191809309489429E-005
   95.00000     -2.180427380831414E-005
