  0.0000000E+00 -0.137047114694643     
   1.000000     -0.133138568028933     
   2.000000     -0.129297892079611     
   3.000000     -0.125524647814233     
   4.000000     -0.121818393731859     
   5.000000     -0.118178685838396     
   6.000000     -0.114605077621739     
   7.000000     -0.111097120026818     
   8.000000     -0.107654361430500     
   9.000000     -0.104276347616356     
   10.00000     -0.100962621749404     
   11.00000     -9.771272435071320E-002
   12.00000     -9.452619327198819E-002
   13.00000     -9.140256367009345E-002
   14.00000     -8.834136798159474E-002
   15.00000     -8.534213589731454E-002
   16.00000     -8.240439433692427E-002
   17.00000     -7.952766742361467E-002
   18.00000     -7.671147645893221E-002
   19.00000     -7.395533989768387E-002
   20.00000     -7.125877332313742E-002
   21.00000     -6.862128942243129E-002
   22.00000     -6.604239796228274E-002
   23.00000     -6.352160576508480E-002
   24.00000     -6.105841668545378E-002
   25.00000     -5.865233158725374E-002
   26.00000     -5.630284832123160E-002
   27.00000     -5.400946170336975E-002
   28.00000     -5.177166349399521E-002
   29.00000     -4.958894237781791E-002
   30.00000     -4.746078394501859E-002
   31.00000     -4.538667067351126E-002
   32.00000     -4.336608191257155E-002
   33.00000     -4.139849386801298E-002
   34.00000     -3.948337958909080E-002
   35.00000     -3.762020895742324E-002
   36.00000     -3.580844867816278E-002
   37.00000     -3.404756227371394E-002
   38.00000     -3.233701008040674E-002
   39.00000     -3.067624924845492E-002
   40.00000     -2.906473374570460E-002
   41.00000     -2.750191436568943E-002
   42.00000     -2.598723874059783E-002
   43.00000     -2.452015135986583E-002
   44.00000     -2.310009359522654E-002
   45.00000     -2.172650373315010E-002
   46.00000     -2.039881701584526E-002
   47.00000     -1.911646569211175E-002
   48.00000     -1.787887907963222E-002
   49.00000     -1.668548364057766E-002
   50.00000     -1.553570307275367E-002
   51.00000     -1.442895841896886E-002
   52.00000     -1.336466819787414E-002
   53.00000     -1.234224856022857E-002
   54.00000     -1.136111347540443E-002
   55.00000     -1.042067495409851E-002
   56.00000     -9.520343314645704E-003
   57.00000     -8.659527502185444E-003
   58.00000     -7.837635472388549E-003
   59.00000     -7.054074654630395E-003
   60.00000     -6.308252513823307E-003
   61.00000     -5.599577235889305E-003
   62.00000     -4.927458569802251E-003
   63.00000     -4.291308870180240E-003
   64.00000     -3.690544400025456E-003
   65.00000     -3.124586975686276E-003
   66.00000     -2.592866069178983E-003
   67.00000     -2.094821532717812E-003
   68.00000     -1.629907187048213E-003
   69.00000     -1.197595637248016E-003
   70.00000     -7.973848807007566E-004
   71.00000     -4.288076166227588E-004
   72.00000     -9.144478679847345E-005
