  0.0000000E+00 -0.110850474219054     
   1.000000     -0.107125179200851     
   2.000000     -0.103468909813607     
   3.000000     -9.988124466506214E-002
   4.000000     -9.636176039127854E-002
   5.000000     -9.291003165601200E-002
   6.000000     -8.952563115167814E-002
   7.000000     -8.620812960202072E-002
   8.000000     -8.295709576676205E-002
   9.000000     -7.977209644836833E-002
   10.00000     -7.665269650125316E-002
   11.00000     -7.359845884358321E-002
   12.00000     -7.060894447209243E-002
   13.00000     -6.768371248011826E-002
   14.00000     -6.482232007936371E-002
   15.00000     -6.202432262568885E-002
   16.00000     -5.928927364948233E-002
   17.00000     -5.661672489110674E-002
   18.00000     -5.400622634204659E-002
   19.00000     -5.145732629245786E-002
   20.00000     -4.896957138584108E-002
   21.00000     -4.654250668183108E-002
   22.00000     -4.417567572803505E-002
   23.00000     -4.186862064214561E-002
   24.00000     -3.962088220566309E-002
   25.00000     -3.743199997077337E-002
   26.00000     -3.530151238224219E-002
   27.00000     -3.322895691633326E-002
   28.00000     -3.121387023930415E-002
   29.00000     -2.925578838826298E-002
   30.00000     -2.735424697782369E-002
   31.00000     -2.550878143650403E-002
   32.00000     -2.371892727763199E-002
   33.00000     -2.198422041037834E-002
   34.00000     -2.030419749770387E-002
   35.00000     -1.867839636935378E-002
   36.00000     -1.710635649981632E-002
   37.00000     -1.558761956331031E-002
   38.00000     -1.412173008062738E-002
   39.00000     -1.270823617621868E-002
   40.00000     -1.134669046842021E-002
   41.00000     -1.003665112167042E-002
   42.00000     -8.777683097331256E-003
   43.00000     -7.569359650109485E-003
   44.00000     -6.411264131028942E-003
   45.00000     -5.302992176955157E-003
   46.00000     -4.244154393140516E-003
   47.00000     -3.234379672487230E-003
   48.00000     -2.273319348776031E-003
   49.00000     -1.360652459536912E-003
   50.00000     -4.960925119662728E-004
