  0.0000000E+00 -0.111895841495164     
   1.000000     -0.108163054056017     
   2.000000     -0.104499241240800     
   3.000000     -0.100903980750843     
   4.000000     -9.737684828496107E-002
   5.000000     -9.391741753707111E-002
   6.000000     -9.052526019528091E-002
   7.000000     -8.719994594255169E-002
   8.000000     -8.394104245914702E-002
   9.000000     -8.074811542704469E-002
   10.00000     -7.762072853655233E-002
   11.00000     -7.455844349532448E-002
   12.00000     -7.156082004012110E-002
   13.00000     -6.862741595153526E-002
   14.00000     -6.575778707211367E-002
   15.00000     -6.295148732817014E-002
   16.00000     -6.020806875580391E-002
   17.00000     -5.752708153154631E-002
   18.00000     -5.490807400823702E-002
   19.00000     -5.235059275673148E-002
   20.00000     -4.985418261415692E-002
   21.00000     -4.741838673951895E-002
   22.00000     -4.504274667763555E-002
   23.00000     -4.272680243237084E-002
   24.00000     -4.047009255048559E-002
   25.00000     -3.827215421743875E-002
   26.00000     -3.613252336683370E-002
   27.00000     -3.405073480532316E-002
   28.00000     -3.202632235523670E-002
   29.00000     -3.005881901746356E-002
   30.00000     -2.814775715763245E-002
   31.00000     -2.629266871911567E-002
   32.00000     -2.449308546709424E-002
   33.00000     -2.274853926866632E-002
   34.00000     -2.105856241501469E-002
   35.00000     -1.942268799278706E-002
   36.00000     -1.784045031342727E-002
   37.00000     -1.631138541100988E-002
   38.00000     -1.483503162153295E-002
   39.00000     -1.341093025965583E-002
   40.00000     -1.203862641269144E-002
   41.00000     -1.071766987673919E-002
   42.00000     -9.447616266323774E-003
   43.00000     -8.228028337639404E-003
   44.00000     -7.058477577033513E-003
   45.00000     -5.938546122124013E-003
   46.00000     -4.867829104508826E-003
   47.00000     -3.845937533238665E-003
   48.00000     -2.872501881108125E-003
   49.00000     -1.947176597981835E-003
   50.00000     -1.069645867467788E-003
   51.00000     -2.396310630260009E-004
