   0.00000000      -1.3672131151104553E-002
   1.00000000      -1.2993688763095288E-002
   2.00000000      -1.2340217172834494E-002
   3.00000000      -1.1710887879009101E-002
   4.00000000      -1.1104867431158714E-002
   5.00000000      -1.0521316533186362E-002
   6.00000000      -9.9593401368307070E-003
   7.00000000      -9.4180322833752536E-003
   8.00000000      -8.8970367115176023E-003
   9.00000000      -8.3966549458094862E-003
   10.0000000      -7.9147486024863621E-003
   11.0000000      -7.4444276041723163E-003
   12.0000000      -6.9834481862690069E-003
   13.0000000      -6.5502896943792840E-003
   14.0000000      -6.1792833631926260E-003
   15.0000000      -5.8177534999252212E-003
   16.0000000      -5.4034657953828287E-003
   17.0000000      -4.9689874318580782E-003
   18.0000000      -4.5384514170925434E-003
   19.0000000      -4.1224799262595795E-003
   20.0000000      -3.7954912352136366E-003
   21.0000000      -3.6841786064991510E-003
   22.0000000      -3.3189504342609824E-003
   23.0000000      -2.9520417844350446E-003
   24.0000000      -2.6018710187394570E-003
   25.0000000      -2.2696850333091454E-003
   26.0000000      -1.9557798090831754E-003
   27.0000000      -1.6602234731344081E-003
   28.0000000      -1.3829960153316325E-003
   29.0000000      -1.1240352165030026E-003
   30.0000000      -8.8325659128185357E-004
   31.0000000      -6.6056399350566725E-004
   32.0000000      -4.5585689383498810E-004
   33.0000000      -2.6903744097983421E-004
   34.0000000      -1.0001983712836843E-004
