   0.00000000      -1.6246462962239357E-002
   1.00000000      -1.5541987163897552E-002
   2.00000000      -1.4862251362700012E-002
   3.00000000      -1.4206456317462157E-002
   4.00000000      -1.3573798060559708E-002
   5.00000000      -1.2963441019151183E-002
   6.00000000      -1.2374511901254093E-002
   7.00000000      -1.1806510425796810E-002
   8.00000000      -1.1259567133371586E-002
   9.00000000      -1.0731597078236167E-002
   10.0000000      -1.0215918636141439E-002
   11.0000000      -9.7127544259760813E-003
   12.0000000      -9.2485104161190539E-003
   13.0000000      -8.8418639142192647E-003
   14.0000000      -8.4101089838567906E-003
   15.0000000      -7.9274084381304628E-003
   16.0000000      -7.4316994515894845E-003
   17.0000000      -6.9473599451340996E-003
   18.0000000      -6.6415141820064354E-003
   19.0000000      -6.4337904556510117E-003
   20.0000000      -5.9853211785473731E-003
   21.0000000      -5.5428891276491608E-003
   22.0000000      -5.1176180571144494E-003
   23.0000000      -4.7108990114063751E-003
   24.0000000      -4.3231030485871222E-003
   25.0000000      -3.9542917211944067E-003
   26.0000000      -3.6043908462079239E-003
   27.0000000      -3.2732590718029097E-003
   28.0000000      -2.9607366547245574E-003
   29.0000000      -2.6669729248324087E-003
   30.0000000      -2.5551835754468086E-003
   31.0000000      -2.3896295218161969E-003
   32.0000000      -2.1315586774478595E-003
   33.0000000      -1.8908006997247441E-003
   34.0000000      -1.6672228723861292E-003
   35.0000000      -1.4605084463503106E-003
   36.0000000      -1.2702946472642703E-003
   37.0000000      -1.0961829013460785E-003
   38.0000000      -9.3773871032982873E-004
   39.0000000      -7.9448946816650524E-004
   40.0000000      -6.6592155766332533E-004
   41.0000000      -5.5147702671835776E-004
   42.0000000      -4.5054996165176561E-004
   43.0000000      -3.6248271108240928E-004
   44.0000000      -2.8656225396230667E-004
   45.0000000      -2.2201722681436685E-004
   46.0000000      -1.6801641510118021E-004
   47.0000000      -1.2366983742366242E-004
   48.0000000      -8.8033824963351580E-005
   49.0000000      -6.0121564863964681E-005
   50.0000000      -3.8920207418015367E-005
   51.0000000      -2.3414613701322186E-005
   52.0000000      -1.2616140293463954E-005
   53.0000000      -5.5930945292866696E-006
   54.0000000      -1.4995943293584318E-006
