   0.00000000      -1.5656123385516769E-002
   1.00000000      -1.4957528828062918E-002
   2.00000000      -1.4283724203991380E-002
   3.00000000      -1.3633903770401209E-002
   4.00000000      -1.3007257714231463E-002
   5.00000000      -1.2402951289367237E-002
   6.00000000      -1.1820093790097307E-002
   7.00000000      -1.1258061277581419E-002
   8.00000000      -1.0716985824218362E-002
   9.00000000      -1.0195665917231183E-002
   10.0000000      -9.6879949588449359E-003
   11.0000000      -9.1905550800687498E-003
   12.0000000      -8.7218072748217572E-003
   13.0000000      -8.3145203317630291E-003
   14.0000000      -7.9103733052160695E-003
   15.0000000      -7.4506099111482267E-003
   16.0000000      -6.9689965601835539E-003
   17.0000000      -6.4918098370340058E-003
   18.0000000      -6.0594311745631839E-003
   19.0000000      -5.9355855993546529E-003
   20.0000000      -5.5534829592818729E-003
   21.0000000      -5.1219993912502149E-003
   22.0000000      -4.7059040574740224E-003
   23.0000000      -4.3078764648103070E-003
   24.0000000      -3.9285043120335095E-003
   25.0000000      -3.5679292440591072E-003
   26.0000000      -3.2261223044917752E-003
   27.0000000      -2.9029715929556866E-003
   28.0000000      -2.5983209123806080E-003
   29.0000000      -2.3119977112045502E-003
   30.0000000      -2.0439359472738156E-003
   31.0000000      -1.8800840556609858E-003
   32.0000000      -1.7923365201077568E-003
   33.0000000      -1.5599862603225107E-003
   34.0000000      -1.3444781652689507E-003
   35.0000000      -1.1459150864110903E-003
   36.0000000      -9.6400077070185315E-004
   37.0000000      -7.9838670607784246E-004
   38.0000000      -6.4868990218695040E-004
   39.0000000      -5.1449468552853964E-004
   40.0000000      -3.9535203619101521E-004
   41.0000000      -2.9077860107815757E-004
   42.0000000      -2.0025627798714879E-004
   43.0000000      -1.2323353634144580E-004
   44.0000000      -5.9130906665283437E-005
   45.0000000      -7.3566124287193256E-006
