  0.0000000E+00 -0.105788555201965     
   1.000000     -0.104352689569937     
   2.000000     -0.104129466506198     
   3.000000     -0.100999226142480     
   4.000000     -9.856704355031128E-002
   5.000000     -9.655847228285827E-002
   6.000000     -9.143734593776204E-002
   7.000000     -8.669868490739323E-002
   8.000000     -8.598022703790924E-002
   9.000000     -8.042412660235987E-002
   10.00000     -7.492931882248527E-002
   11.00000     -6.960160257649939E-002
   12.00000     -6.588213911127164E-002
   13.00000     -6.450786317638785E-002
   14.00000     -5.968744226936810E-002
   15.00000     -5.516029963547321E-002
   16.00000     -5.093295489382824E-002
   17.00000     -4.700275236972860E-002
   18.00000     -4.336094083901925E-002
   19.00000     -3.999488207805541E-002
   20.00000     -3.688962571141041E-002
   21.00000     -3.402902253764287E-002
   22.00000     -3.224329171993889E-002
   23.00000     -3.139650104667516E-002
   24.00000     -2.897560353557408E-002
   25.00000     -2.675033801715783E-002
   26.00000     -2.470541072648065E-002
   27.00000     -2.282636221672285E-002
   28.00000     -2.109964010180968E-002
   29.00000     -1.951262608883320E-002
   30.00000     -1.805363161075163E-002
   31.00000     -1.671187236740296E-002
   32.00000     -1.547742923935511E-002
   33.00000     -1.434120094669657E-002
   34.00000     -1.329485228430414E-002
   35.00000     -1.233076063237477E-002
   36.00000     -1.144196261012401E-002
   37.00000     -1.062210213322638E-002
   38.00000     -9.865380693856896E-003
   39.00000     -9.166510363086404E-003
   40.00000     -8.520669786967940E-003
   41.00000     -7.923463286188584E-003
   42.00000     -7.370883057000169E-003
   43.00000     -6.859274395145633E-003
   44.00000     -6.385303814894711E-003
   45.00000     -5.945929904826229E-003
   46.00000     -5.538376745256561E-003
   47.00000     -5.160109705213724E-003
   48.00000     -4.808813436646565E-003
   49.00000     -4.482371887962468E-003
   50.00000     -4.178850166419470E-003
   51.00000     -3.896478088199030E-003
   52.00000     -3.633635265325542E-003
   53.00000     -3.388837589384746E-003
   54.00000     -3.160724982810847E-003
   55.00000     -2.948050299081382E-003
   56.00000     -2.749669263292205E-003
   57.00000     -2.564531354167763E-003
   58.00000     -2.391671537528874E-003
   59.00000     -2.230202769564062E-003
   60.00000     -2.079309195926752E-003
   61.00000     -1.938239979724362E-003
   62.00000     -1.806303697902071E-003
   63.00000     -1.682863251386251E-003
   64.00000     -1.567331239677899E-003
   65.00000     -1.459165755412602E-003
   66.00000     -1.357866558770397E-003
   67.00000     -1.262971595564371E-003
   68.00000     -1.174053826396948E-003
   69.00000     -1.090718337483284E-003
   70.00000     -1.012599706633541E-003
   71.00000     -9.393596004905675E-004
   72.00000     -8.706845814645161E-004
   73.00000     -8.062841049164928E-004
   74.00000     -7.458886890422971E-004
   75.00000     -6.892482416170737E-004
   76.00000     -6.361305292996470E-004
   77.00000     -5.863197765806271E-004
   78.00000     -5.396153827056378E-004
   79.00000     -4.958307460290692E-004
   80.00000     -4.547921862671316E-004
   81.00000     -4.163379560338262E-004
   82.00000     -3.803173338702310E-004
   83.00000     -3.465897917256089E-004
   84.00000     -3.150242305281139E-004
   85.00000     -2.854982781007794E-004
   86.00000     -2.578976442440320E-004
   87.00000     -2.321155283259408E-004
   88.00000     -2.080520752049900E-004
   89.00000     -1.856138757649074E-004
   90.00000     -1.647135087770756E-004
   91.00000     -1.452691212355262E-004
   92.00000     -1.272040447458602E-004
   93.00000     -1.104464460153543E-004
   94.00000     -9.492901001401296E-005
   95.00000     -8.058865500154826E-005
   96.00000     -6.736627941066356E-005
   97.00000     -5.520654165563215E-005
   98.00000     -4.405767548579081E-005
   99.00000     -3.387134585708858E-005
   100.0000     -2.460255405725799E-005
   101.0000     -1.620960715310308E-005
   102.0000     -8.654178088055228E-006
   103.0000     -1.901504054958276E-006
