  0.0000000E+00 -0.106537364298830     
   1.000000     -0.105101030127171     
   2.000000     -0.104880149117278     
   3.000000     -0.101693283193385     
   4.000000     -9.937731460441102E-002
   5.000000     -9.722725655212490E-002
   6.000000     -9.208226914147813E-002
   7.000000     -8.754270535450408E-002
   8.000000     -8.660256455704599E-002
   9.000000     -8.102503463003276E-002
   10.00000     -7.550989265983597E-002
   11.00000     -7.016285767655212E-002
   12.00000     -6.676200804193398E-002
   13.00000     -6.505074835169002E-002
   14.00000     -6.021284416201327E-002
   15.00000     -5.566904962726558E-002
   16.00000     -5.142583209393832E-002
   17.00000     -4.748048796826361E-002
   18.00000     -4.382422174284434E-002
   19.00000     -4.044435421243128E-002
   20.00000     -3.732589703006056E-002
   21.00000     -3.445266581617157E-002
   22.00000     -3.316132697608496E-002
   23.00000     -3.180805627378026E-002
   24.00000     -2.937558011774088E-002
   25.00000     -2.713921731536285E-002
   26.00000     -2.508364760948281E-002
   27.00000     -2.319438693398766E-002
   28.00000     -2.145785991844979E-002
   29.00000     -1.986142678843746E-002
   30.00000     -1.839337888022404E-002
   31.00000     -1.704291307460376E-002
   32.00000     -1.580009261303922E-002
   33.00000     -1.465579966725594E-002
   34.00000     -1.360168349296871E-002
   35.00000     -1.263010686577942E-002
   36.00000     -1.173409266647821E-002
   37.00000     -1.090727187573072E-002
   38.00000     -1.014383379647897E-002
   39.00000     -9.438479003333061E-003
   40.00000     -8.786375289865049E-003
   41.00000     -8.183116723297260E-003
   42.00000     -7.624685803955732E-003
   43.00000     -7.107418650897551E-003
   44.00000     -6.627973085546266E-003
   45.00000     -6.183299454724911E-003
   46.00000     -5.770614017758523E-003
   47.00000     -5.387374715343374E-003
   48.00000     -5.031259137686991E-003
   49.00000     -4.700144513846657E-003
   50.00000     -4.392089551640800E-003
   51.00000     -4.105317966823206E-003
   52.00000     -3.838203550561276E-003
   53.00000     -3.589256635058055E-003
   54.00000     -3.357111827984745E-003
   55.00000     -3.140516896969071E-003
   56.00000     -2.938322695526183E-003
   57.00000     -2.749474031408783E-003
   58.00000     -2.573001387326796E-003
   59.00000     -2.408013412316361E-003
   60.00000     -2.253690109719126E-003
   61.00000     -2.109276654781419E-003
   62.00000     -1.974077781323139E-003
   63.00000     -1.847452682792076E-003
   64.00000     -1.728810378347753E-003
   65.00000     -1.617605499447256E-003
   66.00000     -1.513334456775038E-003
   67.00000     -1.415531951305445E-003
   68.00000     -1.323767796848355E-003
   69.00000     -1.237644024640099E-003
   70.00000     -1.156792243434396E-003
   71.00000     -1.080871231153652E-003
   72.00000     -1.009564736505623E-003
   73.00000     -9.425794710807326E-004
   74.00000     -8.796432743436403E-004
   75.00000     -8.205034356407591E-004
   76.00000     -7.649251588820107E-004
   77.00000     -7.126901569376083E-004
   78.00000     -6.635953640346884E-004
   79.00000     -6.174517555584934E-004
   80.00000     -5.740832656707538E-004
   81.00000     -5.333257940655988E-004
   82.00000     -4.950262940012413E-004
   83.00000     -4.590419344823437E-004
   84.00000     -4.252393301325123E-004
   85.00000     -3.934938328951711E-004
   86.00000     -3.636888802420364E-004
   87.00000     -3.357153950559360E-004
   88.00000     -3.094712327962092E-004
   89.00000     -2.848606719524619E-004
   90.00000     -2.617939441534795E-004
   91.00000     -2.401868006237252E-004
   92.00000     -2.199601119751428E-004
   93.00000     -2.010394985899743E-004
   94.00000     -1.833549890928135E-004
   95.00000     -1.668407046312569E-004
   96.00000     -1.514345668851437E-004
   97.00000     -1.370780279078597E-004
   98.00000     -1.237158200707234E-004
   99.00000     -1.112957245356204E-004
   100.0000     -9.976835682323116E-005
   101.0000     -8.908696817676034E-005
   102.0000     -7.920726154608435E-005
   103.0000     -7.008722113680748E-005
   104.0000     -6.168695458656331E-005
   105.0000     -5.396854695034916E-005
   106.0000     -4.689592580396200E-005
   107.0000     -4.043473691775966E-005
   108.0000     -3.455223012511379E-005
   109.0000     -2.921715523225399E-005
   110.0000     -2.439966812373498E-005
   111.0000     -2.007124767253554E-005
   112.0000     -1.620462477789319E-005
   113.0000     -1.277372604155082E-005
   114.0000     -9.753636684002086E-006
   115.0000     -7.120591216061282E-006
   116.0000     -4.852008237868059E-006
   117.0000     -2.926602911758077E-006
   118.0000     -1.324652543087671E-006
   119.0000     -2.860946270598900E-008
