  0.0000000E+00 -0.103618149860461     
   1.000000     -0.102217277874934     
   2.000000     -0.101918920438422     
   3.000000     -9.898716187288002E-002
   4.000000     -9.621808833352018E-002
   5.000000     -9.461967869849419E-002
   6.000000     -8.956773250593787E-002
   7.000000     -8.425212455436254E-002
   8.000000     -8.417585986661708E-002
   9.000000     -7.868211259646954E-002
   10.00000     -7.324625319755225E-002
   11.00000     -6.797454154970647E-002
   12.00000     -6.333143001448480E-002
   13.00000     -6.293405210998319E-002
   14.00000     -5.816431865421533E-002
   15.00000     -5.368544945801398E-002
   16.00000     -4.950411953723910E-002
   17.00000     -4.561781214683647E-002
   18.00000     -4.201790444338423E-002
   19.00000     -3.869187701250078E-002
   20.00000     -3.562488956582852E-002
   21.00000     -3.280089499127994E-002
   22.00000     -3.020341762910521E-002
   23.00000     -2.958193463632478E-002
   24.00000     -2.781608533089250E-002
   25.00000     -2.562299083132382E-002
   26.00000     -2.360891594061790E-002
   27.00000     -2.175947261477313E-002
   28.00000     -2.006117511194660E-002
   29.00000     -1.850146742703615E-002
   30.00000     -1.706871926793948E-002
   31.00000     -1.575220090780262E-002
   32.00000     -1.454204438245943E-002
   33.00000     -1.342919640815494E-002
   34.00000     -1.240536685357902E-002
   35.00000     -1.146297546718557E-002
   36.00000     -1.059509872963571E-002
   37.00000     -9.795418093670892E-003
   38.00000     -9.058170431818635E-003
   39.00000     -8.378101193065977E-003
   40.00000     -7.750420541076884E-003
   41.00000     -7.170762584939530E-003
   42.00000     -6.635147701157225E-003
   43.00000     -6.139947869498353E-003
   44.00000     -5.681854895629149E-003
   45.00000     -5.257851362898493E-003
   46.00000     -4.865184138833543E-003
   47.00000     -4.501340254843682E-003
   48.00000     -4.164024977362703E-003
   49.00000     -3.851141893013949E-003
   50.00000     -3.560774837770234E-003
   51.00000     -3.291171509341338E-003
   52.00000     -3.040728612326466E-003
   53.00000     -2.807978396423705E-003
   54.00000     -2.591576458779148E-003
   55.00000     -2.390290692103685E-003
   56.00000     -2.202991270298275E-003
   57.00000     -2.028641572894091E-003
   58.00000     -1.866289958566969E-003
   59.00000     -1.715062306298543E-003
   60.00000     -1.574155250424483E-003
   61.00000     -1.442830042850017E-003
   62.00000     -1.320406982148273E-003
   63.00000     -1.206260355122377E-003
   64.00000     -1.099813841744213E-003
   65.00000     -1.000536339221732E-003
   66.00000     -9.079381653311124E-004
   67.00000     -8.215676051202792E-004
   68.00000     -7.410077686848618E-004
   69.00000     -6.658737309717026E-004
   70.00000     -5.958099275163709E-004
   71.00000     -5.304877827020022E-004
   72.00000     -4.696035495716740E-004
   73.00000     -4.128763424685701E-004
   74.00000     -3.600463458517732E-004
   75.00000     -3.108731845781835E-004
   76.00000     -2.651344427944960E-004
   77.00000     -2.226243204007123E-004
   78.00000     -1.831524178939699E-004
   79.00000     -1.465426423731436E-004
   80.00000     -1.126322297165482E-004
   81.00000     -8.127088064725994E-005
   82.00000     -5.232001190954968E-005
   83.00000     -2.565212865962583E-005
   84.00000     -1.150331408402679E-006
