  0.0000000E+00 -0.106259963557783     
   1.000000     -0.104822970148446     
   2.000000     -0.104602907821336     
   3.000000     -0.101436172284578     
   4.000000     -9.907715247674147E-002
   5.000000     -9.697950775288076E-002
   6.000000     -9.184335946585689E-002
   7.000000     -8.723004033022050E-002
   8.000000     -8.637202208369625E-002
   9.000000     -8.080243021722665E-002
   10.00000     -7.529482097763086E-002
   11.00000     -6.995494255343165E-002
   12.00000     -6.643606269685799E-002
   13.00000     -6.484963832770033E-002
   14.00000     -6.001821074154431E-002
   15.00000     -5.548058484728573E-002
   16.00000     -5.124324733602557E-002
   17.00000     -4.730351236521885E-002
   18.00000     -4.365260083195253E-002
   19.00000     -4.027784871237655E-002
   20.00000     -3.716428172573272E-002
   21.00000     -3.429572851896506E-002
   22.00000     -3.282124380589500E-002
   23.00000     -3.165559696961318E-002
   24.00000     -2.922741006727904E-002
   25.00000     -2.699515821107175E-002
   26.00000     -2.494353094581515E-002
   27.00000     -2.305805332514755E-002
   28.00000     -2.132515849287280E-002
   29.00000     -1.973221463205676E-002
   30.00000     -1.826752052342662E-002
   31.00000     -1.692028001888991E-002
   32.00000     -1.568056289386918E-002
   33.00000     -1.453925744993290E-002
   34.00000     -1.348801869872109E-002
   35.00000     -1.251921482548400E-002
   36.00000     -1.162587379971203E-002
   37.00000     -1.080163139306065E-002
   38.00000     -1.004068142309407E-002
   39.00000     -9.337728722301051E-003
   40.00000     -8.687945103451855E-003
   41.00000     -8.086928430930373E-003
   42.00000     -7.530664795538588E-003
   43.00000     -7.015493714296503E-003
   44.00000     -6.538076227175274E-003
   45.00000     -6.095365732244390E-003
   46.00000     -5.684581383989596E-003
   47.00000     -5.303183872573078E-003
   48.00000     -4.948853401609114E-003
   49.00000     -4.619469686443948E-003
   50.00000     -4.313093802370263E-003
   51.00000     -4.027951721516855E-003
   52.00000     -3.762419387500819E-003
   53.00000     -3.515009187723371E-003
   54.00000     -3.284357694014308E-003
   55.00000     -3.069214552904990E-003
   56.00000     -2.868432416948187E-003
   57.00000     -2.680957818090222E-003
   58.00000     -2.505822893072432E-003
   59.00000     -2.342137879165766E-003
   60.00000     -2.189084306222226E-003
   61.00000     -2.045908818073063E-003
   62.00000     -1.911917562743034E-003
   63.00000     -1.786471096813963E-003
   64.00000     -1.668979754598514E-003
   65.00000     -1.558899437612229E-003
   66.00000     -1.455727784200259E-003
   67.00000     -1.359000683121645E-003
   68.00000     -1.268289098454625E-003
   69.00000     -1.183196176397670E-003
   70.00000     -1.103354607433164E-003
   71.00000     -1.028424219925719E-003
   72.00000     -9.580897835715198E-004
   73.00000     -8.920590032249626E-004
   74.00000     -8.300606855273004E-004
   75.00000     -7.718430624697754E-004
   76.00000     -7.171722575601775E-004
   77.00000     -6.658308816447443E-004
   78.00000     -6.176167466812352E-004
   79.00000     -5.723416868792823E-004
   80.00000     -5.298304776324355E-004
   81.00000     -4.899198435747325E-004
   82.00000     -4.524575479132823E-004
   83.00000     -4.173015559261133E-004
   84.00000     -3.843192661803719E-004
   85.00000     -3.533868036266686E-004
   86.00000     -3.243883692685055E-004
   87.00000     -2.972156415963583E-004
   88.00000     -2.717672254208302E-004
   89.00000     -2.479481441421976E-004
   90.00000     -2.256693718603939E-004
   91.00000     -2.048474020633945E-004
   92.00000     -1.854038499377440E-004
   93.00000     -1.672650856263280E-004
   94.00000     -1.503618960196275E-004
   95.00000     -1.346291729113536E-004
   96.00000     -1.200056255830147E-004
   97.00000     -1.064335161092166E-004
   98.00000     -9.385841590441163E-005
   99.00000     -8.222898227099386E-005
   100.0000     -7.149675397208370E-005
   101.0000     -6.161596516010757E-005
   102.0000     -5.254337737522661E-005
   103.0000     -4.423812983620434E-005
   104.0000     -3.666160896426000E-005
   105.0000     -2.977733915329291E-005
   106.0000     -2.355089849078810E-005
   107.0000     -1.794986594061579E-005
   108.0000     -1.294381141511134E-005
   109.0000     -8.504349298969767E-006
   110.0000     -4.605294174701560E-006
   111.0000     -1.222996914070955E-006
