  0.0000000E+00 -0.106561847447277     
   1.000000     -0.105674589806481     
   2.000000     -0.104792020288247     
   3.000000     -0.103914120665548     
   4.000000     -0.103040884089795     
   5.000000     -0.102172300845820     
   6.000000     -0.101308361200806     
   7.000000     -0.100449055404314     
   8.000000     -9.959437368801767E-002
   9.000000     -9.874430626167112E-002
   10.00000     -9.789884335622895E-002
   11.00000     -9.705797508965337E-002
   12.00000     -9.622169091530076E-002
   13.00000     -9.538998651041541E-002
   14.00000     -9.456284103092163E-002
   15.00000     -9.374020009366776E-002
   16.00000     -9.292240556305946E-002
   17.00000     -9.210875318312023E-002
   18.00000     -9.129812052433806E-002
   19.00000     -9.050041824198624E-002
   20.00000     -8.969725895117257E-002
   21.00000     -8.887782060831871E-002
   22.00000     -8.817109843116440E-002
   23.00000     -8.734950431840574E-002
   24.00000     -8.639368230227996E-002
   25.00000     -8.599290660970002E-002
   26.00000     -8.499648454563448E-002
   27.00000     -8.376965655476319E-002
   28.00000     -8.342221645885615E-002
   29.00000     -8.246132553674415E-002
   30.00000     -8.114559667529370E-002
   31.00000     -8.003088155619703E-002
   32.00000     -7.980354610504289E-002
   33.00000     -7.845413087846874E-002
   34.00000     -7.709336380592721E-002
   35.00000     -7.597733118286383E-002
   36.00000     -7.572666242458399E-002
   37.00000     -7.435990565315308E-002
   38.00000     -7.299392283302916E-002
   39.00000     -7.163179892390172E-002
   40.00000     -7.126971705962272E-002
   41.00000     -7.027520874390122E-002
   42.00000     -6.892665181137184E-002
   43.00000     -6.758747648016852E-002
   44.00000     -6.625917938930224E-002
   45.00000     -6.586879651368652E-002
   46.00000     -6.494283967353576E-002
   47.00000     -6.363981142689223E-002
   48.00000     -6.235094171807603E-002
   49.00000     -6.107708280038434E-002
   50.00000     -5.981906692921145E-002
   51.00000     -5.972116844164096E-002
   52.00000     -5.857718013826625E-002
   53.00000     -5.735232799761320E-002
   54.00000     -5.614482741160488E-002
   55.00000     -5.495505961602948E-002
   56.00000     -5.378333702990024E-002
   57.00000     -5.276525351769490E-002
   58.00000     -5.262985702898452E-002
   59.00000     -5.149494577780276E-002
   60.00000     -5.037862773382213E-002
   61.00000     -4.928103322263664E-002
   62.00000     -4.820221876953960E-002
   63.00000     -4.714220284311525E-002
   64.00000     -4.610097042850066E-002
   65.00000     -4.507848999660534E-002
   66.00000     -4.493043713722186E-002
   67.00000     -4.407463491523723E-002
   68.00000     -4.308936889919446E-002
   69.00000     -4.212254718455111E-002
   70.00000     -4.117403103006679E-002
   71.00000     -4.024366337385955E-002
   72.00000     -3.933127146399238E-002
   73.00000     -3.843666875470816E-002
   74.00000     -3.755965664089828E-002
   75.00000     -3.670002664628443E-002
   76.00000     -3.613891454920013E-002
   77.00000     -3.585755047405760E-002
   78.00000     -3.503202082841388E-002
   79.00000     -3.422319053744050E-002
   80.00000     -3.343082314060358E-002
   81.00000     -3.265467485010788E-002
   82.00000     -3.189449779630171E-002
   83.00000     -3.115004095709716E-002
   84.00000     -3.042105091353471E-002
   85.00000     -2.970727252350250E-002
   86.00000     -2.900844953179298E-002
   87.00000     -2.832432512643118E-002
   88.00000     -2.765464245795314E-002
   89.00000     -2.699914522198811E-002
   90.00000     -2.635758756303766E-002
   91.00000     -2.630440063738259E-002
   92.00000     -2.572968174806073E-002
   93.00000     -2.511521080407409E-002
   94.00000     -2.451391004905890E-002
   95.00000     -2.392553055510033E-002
   96.00000     -2.334982545197401E-002
   97.00000     -2.278655033485172E-002
   98.00000     -2.223546347636044E-002
   99.00000     -2.169632599646880E-002
   100.0000     -2.116890200759361E-002
   101.0000     -2.065295873963000E-002
   102.0000     -2.014826664726714E-002
   103.0000     -1.965459950130022E-002
   104.0000     -1.917173446537790E-002
   105.0000     -1.869945215947361E-002
   106.0000     -1.823753671125989E-002
   107.0000     -1.778577579651556E-002
   108.0000     -1.734396066971231E-002
   109.0000     -1.691188618619949E-002
   110.0000     -1.648935081881934E-002
   111.0000     -1.607615668028959E-002
   112.0000     -1.567210966118128E-002
   113.0000     -1.533229577271160E-002
   114.0000     -1.527701361358225E-002
   115.0000     -1.489069506366489E-002
   116.0000     -1.451295863343975E-002
   117.0000     -1.414362756840836E-002
   118.0000     -1.378252550907464E-002
   119.0000     -1.342947949945803E-002
   120.0000     -1.308432002224988E-002
   121.0000     -1.274688097229832E-002
   122.0000     -1.241699961927426E-002
   123.0000     -1.209451656614222E-002
   124.0000     -1.177927570504931E-002
   125.0000     -1.147112417127600E-002
   126.0000     -1.116991229561576E-002
   127.0000     -1.087549355545499E-002
   128.0000     -1.058772452478031E-002
   129.0000     -1.030646482330851E-002
   130.0000     -1.003157706491460E-002
   131.0000     -9.762926805516079E-003
   132.0000     -9.500382490557631E-003
   133.0000     -9.243815402227695E-003
   134.0000     -8.993099606524075E-003
   135.0000     -8.748111900274882E-003
   136.0000     -8.508731758217470E-003
   137.0000     -8.274841280217098E-003
   138.0000     -8.046325138710869E-003
   139.0000     -7.823070526445750E-003
   140.0000     -7.604967104576679E-003
   141.0000     -7.391906951181586E-003
   142.0000     -7.183784510249048E-003
   143.0000     -6.980496541178807E-003
   144.0000     -6.781942068842541E-003
   145.0000     -6.588022334237002E-003
   146.0000     -6.398640745763401E-003
   147.0000     -6.213702831159782E-003
   148.0000     -6.033116190111851E-003
   149.0000     -5.856790447560529E-003
   150.0000     -5.684637207726714E-003
   151.0000     -5.516570008866887E-003
   152.0000     -5.352504278768468E-003
   153.0000     -5.192357290999966E-003
   154.0000     -5.036048121918703E-003
   155.0000     -4.883497608444520E-003
   156.0000     -4.734628306601611E-003
   157.0000     -4.589364450831145E-003
   158.0000     -4.447631914076897E-003
   159.0000     -4.309358168642444E-003
   160.0000     -4.174472247824823E-003
   161.0000     -4.042904708325566E-003
   162.0000     -3.914587593451831E-003
   163.0000     -3.789454397143545E-003
   164.0000     -3.667440028925730E-003
   165.0000     -3.548480780102372E-003
   166.0000     -3.432514292435967E-003
   167.0000     -3.319479535957572E-003
   168.0000     -3.209316865890217E-003
   169.0000     -3.118814413160682E-003
   170.0000     -3.101964699777787E-003
   171.0000     -2.997373237898139E-003
   172.0000     -2.895479962184930E-003
   173.0000     -2.796231618751535E-003
   174.0000     -2.699574442500785E-003
   175.0000     -2.605455718253610E-003
   176.0000     -2.513823793940181E-003
   177.0000     -2.424628060097533E-003
   178.0000     -2.337818925107552E-003
   179.0000     -2.253347789893696E-003
   180.0000     -2.171167022855375E-003
   181.0000     -2.091229935251374E-003
   182.0000     -2.013490757099966E-003
   183.0000     -1.937904613612088E-003
   184.0000     -1.864427502159647E-003
   185.0000     -1.793016269775430E-003
   186.0000     -1.723628591173972E-003
   187.0000     -1.656222947285669E-003
   188.0000     -1.590758604291963E-003
   189.0000     -1.527195593154189E-003
   190.0000     -1.465494689621982E-003
   191.0000     -1.405617394712880E-003
   192.0000     -1.347525915652057E-003
   193.0000     -1.291183147260995E-003
   194.0000     -1.236552653786118E-003
   195.0000     -1.183598651156001E-003
   196.0000     -1.132285989657214E-003
   197.0000     -1.082580137019478E-003
   198.0000     -1.034447161900029E-003
   199.0000     -9.878537177568493E-004
   200.0000     -9.427670271029239E-004
   201.0000     -8.991548661304063E-004
   202.0000     -8.569855496967258E-004
   203.0000     -8.162279166636191E-004
   204.0000     -7.768513155790551E-004
   205.0000     -7.388255906953179E-004
   206.0000     -7.021210683132429E-004
   207.0000     -6.667085434446782E-004
   208.0000     -6.325592667856215E-004
   209.0000     -5.996449319911207E-004
   210.0000     -5.679376632447045E-004
   211.0000     -5.374100031148086E-004
   212.0000     -5.080349006899712E-004
   213.0000     -4.797856999864886E-004
   214.0000     -4.526361286203227E-004
   215.0000     -4.265602867371515E-004
   216.0000     -4.015326361932569E-004
   217.0000     -3.775279899804913E-004
   218.0000     -3.545215018895013E-004
   219.0000     -3.324886564037454E-004
   220.0000     -3.114052588194647E-004
   221.0000     -2.912474255846733E-004
   222.0000     -2.719915748516661E-004
   223.0000     -2.536144172378469E-004
   224.0000     -2.360929467888167E-004
   225.0000     -2.194044321392500E-004
   226.0000     -2.035264078661016E-004
   227.0000     -1.884366660301269E-004
   228.0000     -1.741132479008285E-004
   229.0000     -1.605344358611765E-004
   230.0000     -1.476787454886534E-004
   231.0000     -1.355249178092819E-004
   232.0000     -1.240519117227537E-004
   233.0000     -1.132388965960980E-004
   234.0000     -1.030652450260992E-004
   235.0000     -9.351052577013101E-005
   236.0000     -8.455449684752920E-005
   237.0000     -7.617709881553258E-005
   238.0000     -6.835844822579583E-005
   239.0000     -6.107883127158088E-005
   240.0000     -5.431869764003836E-005
   241.0000     -4.805865459045192E-005
   242.0000     -4.227946128815494E-005
   243.0000     -3.696202343674534E-005
   244.0000     -3.208738826919455E-005
   245.0000     -2.763673998537114E-005
   246.0000     -2.359139576361804E-005
   247.0000     -1.993280253545978E-005
   248.0000     -1.664253480919307E-005
   249.0000     -1.370229398377103E-005
   250.0000     -1.109390985511446E-005
   251.0000     -8.799345467445060E-006
   252.0000     -6.800707278641906E-006
   253.0000     -5.080264166422766E-006
   254.0000     -3.620481972800750E-006
   255.0000     -2.404087281479854E-006
   256.0000     -1.414191279904614E-006
   257.0000     -6.345531764245256E-007
   258.0000     -5.023379620061034E-008
