  0.0000000E+00 -1.956117076451241E-002
   1.000000     -1.885222509806004E-002
   2.000000     -1.815886363569264E-002
   3.000000     -1.748095939743146E-002
   4.000000     -1.681838450842981E-002
   5.000000     -1.617101018801143E-002
   6.000000     -1.553870673866329E-002
   7.000000     -1.492134353498824E-002
   8.000000     -1.431878901263327E-002
   9.000000     -1.373091065721360E-002
   10.00000     -1.315757499324430E-002
   11.00000     -1.259864757310449E-002
   12.00000     -1.205399296605872E-002
   13.00000     -1.152347474736099E-002
   14.00000     -1.100695548746886E-002
   15.00000     -1.050429674141239E-002
   16.00000     -1.001535903834605E-002
   17.00000     -9.540001871338256E-003
   18.00000     -9.078083687442663E-003
   19.00000     -8.629461878117873E-003
   20.00000     -8.193992770059770E-003
   21.00000     -7.771531616522389E-003
   22.00000     -7.361932589222043E-003
   23.00000     -6.965048770924027E-003
   24.00000     -6.580732148835557E-003
   25.00000     -6.208833608942671E-003
   26.00000     -5.849202931448898E-003
   27.00000     -5.501688787516145E-003
   28.00000     -5.166138737519200E-003
   29.00000     -4.842399231081496E-003
   30.00000     -4.530315609202891E-003
   31.00000     -4.229732108845466E-003
   32.00000     -3.940491870420620E-003
   33.00000     -3.662436948703763E-003
   34.00000     -3.395408327819358E-003
   35.00000     -3.139245941070145E-003
   36.00000     -2.893788696562304E-003
   37.00000     -2.658874509794400E-003
   38.00000     -2.434340344664037E-003
   39.00000     -2.220022264706274E-003
   40.00000     -2.015755496850787E-003
   41.00000     -1.821374510616677E-003
   42.00000     -1.636713116488125E-003
   43.00000     -1.461604588343098E-003
   44.00000     -1.295881816343125E-003
   45.00000     -1.139377498819609E-003
   46.00000     -9.919243847025297E-004
   47.00000     -8.533555823412766E-004
   48.00000     -7.235049568847869E-004
   49.00000     -6.022076478282216E-004
   50.00000     -4.893007528364304E-004
   51.00000     -3.846242468559574E-004
   52.00000     -2.880222429287713E-004
   53.00000     -1.993447646078844E-004
   54.00000     -1.184503126790629E-004
   55.00000     -4.520972071745381E-005
