  0.0000000E+00 -2.203198311747840E-002
   1.000000     -2.130202535845148E-002
   2.000000     -2.058750352635638E-002
   3.000000     -1.988828848245332E-002
   4.000000     -1.920425014688001E-002
   5.000000     -1.853525748610504E-002
   6.000000     -1.788117850022092E-002
   7.000000     -1.724188021008411E-002
   8.000000     -1.661722864430444E-002
   9.000000     -1.600708882609141E-002
   10.00000     -1.541132475995152E-002
   11.00000     -1.482979941825097E-002
   12.00000     -1.426237472763550E-002
   13.00000     -1.370891155532613E-002
   14.00000     -1.316926969528384E-002
   15.00000     -1.264330785425569E-002
   16.00000     -1.213088363770607E-002
   17.00000     -1.163185353564731E-002
   18.00000     -1.114607290836134E-002
   19.00000     -1.067339597204499E-002
   20.00000     -1.021367578436295E-002
   21.00000     -9.766764229943178E-003
   22.00000     -9.332512005805592E-003
   23.00000     -8.910768606751631E-003
   24.00000     -8.501382310720946E-003
   25.00000     -8.104200164132214E-003
   26.00000     -7.719067967223573E-003
   27.00000     -7.345830259413007E-003
   28.00000     -6.984330304691699E-003
   29.00000     -6.634410077079008E-003
   30.00000     -6.295910246151976E-003
   31.00000     -5.968670162682013E-003
   32.00000     -5.652527844396557E-003
   33.00000     -5.347319961901335E-003
   34.00000     -5.052881824780846E-003
   35.00000     -4.769047367922953E-003
   36.00000     -4.495649138091476E-003
   37.00000     -4.232518280783290E-003
   38.00000     -3.979484527414699E-003
   39.00000     -3.736376182873068E-003
   40.00000     -3.503020113479541E-003
   41.00000     -3.279241735411317E-003
   42.00000     -3.064865003629654E-003
   43.00000     -2.859712401374027E-003
   44.00000     -2.663604930272533E-003
   45.00000     -2.476362101134865E-003
   46.00000     -2.297801925490914E-003
   47.00000     -2.127740907944166E-003
   48.00000     -1.965994039417284E-003
   49.00000     -1.812374791365451E-003
   50.00000     -1.666695111047860E-003
   51.00000     -1.528765417946653E-003
   52.00000     -1.398394601434631E-003
   53.00000     -1.275390019800108E-003
   54.00000     -1.159557500748831E-003
   55.00000     -1.050701343512975E-003
   56.00000     -9.486243227142531E-004
   57.00000     -8.531276941479133E-004
   58.00000     -7.640112026745313E-004
   59.00000     -6.810730924438717E-004
   60.00000     -6.041101197108594E-004
   61.00000     -5.329175685674196E-004
   62.00000     -4.672892699864801E-004
   63.00000     -4.070176246940370E-004
   64.00000     -3.518936305425042E-004
   65.00000     -3.017069153029618E-004
   66.00000     -2.562457761573982E-004
   67.00000     -2.152972277369391E-004
   68.00000     -1.786470614519388E-004
   69.00000     -1.460799203350972E-004
   70.00000     -1.173793961234837E-004
   71.00000     -9.232815972607742E-005
   72.00000     -7.070814439787269E-005
   73.00000     -5.230081691974053E-005
   74.00000     -3.688760550802511E-005
   75.00000     -2.425062939759067E-005
   76.00000     -1.417406965042838E-005
   77.00000     -6.447102648209607E-006
   78.00000     -8.715378633149126E-007
