  0.0000000E+00 -1.598459445792060E-002
   1.000000     -1.530726017017887E-002
   2.000000     -1.464576355058167E-002
   3.000000     -1.399998260499264E-002
   4.000000     -1.336979462761510E-002
   5.000000     -1.275507620164095E-002
   6.000000     -1.215570320093564E-002
   7.000000     -1.157155079289904E-002
   8.000000     -1.100249344267002E-002
   9.000000     -1.044840491887152E-002
   10.00000     -9.909158301095696E-003
   11.00000     -9.384625989407040E-003
   12.00000     -8.874679716128351E-003
   13.00000     -8.379190560272002E-003
   14.00000     -7.898028964993782E-003
   15.00000     -7.431064758546900E-003
   16.00000     -6.978167179266452E-003
   17.00000     -6.539204905236919E-003
   18.00000     -6.114046089394976E-003
   19.00000     -5.702558400972728E-003
   20.00000     -5.304609074365974E-003
   21.00000     -4.920064966718704E-003
   22.00000     -4.548792625798756E-003
   23.00000     -4.190658370075564E-003
   24.00000     -3.845528383324869E-003
   25.00000     -3.513268826648744E-003
   26.00000     -3.193745971470051E-003
   27.00000     -2.886826357973005E-003
   28.00000     -2.592376984616672E-003
   29.00000     -2.310265535894372E-003
   30.00000     -2.040360657561105E-003
   31.00000     -1.782532291323094E-003
   32.00000     -1.536652084772776E-003
   33.00000     -1.302593897630551E-003
   34.00000     -1.080234432796407E-003
   35.00000     -8.694540314419153E-004
   36.00000     -6.701376871372422E-004
   37.00000     -4.821763577190265E-004
   38.00000     -3.054686902593184E-004
   39.00000     -1.399233328647109E-004
