  0.0000000E+00 -2.101163230299668E-002
   1.000000     -2.029027546083532E-002
   2.000000     -1.958441345278475E-002
   3.000000     -1.889391792980392E-002
   4.000000     -1.821865961521455E-002
   5.000000     -1.755850829242028E-002
   6.000000     -1.691333279248902E-002
   7.000000     -1.628300098158371E-002
   8.000000     -1.566737974826690E-002
   9.000000     -1.506633499066326E-002
   10.00000     -1.447973160349928E-002
   11.00000     -1.390743346502022E-002
   12.00000     -1.334930342378634E-002
   13.00000     -1.280520328536491E-002
   14.00000     -1.227499379891716E-002
   15.00000     -1.175853464369827E-002
   16.00000     -1.125568441546792E-002
   17.00000     -1.076630061283856E-002
   18.00000     -1.029023962356089E-002
   19.00000     -9.827356710770032E-003
   20.00000     -9.377505999203424E-003
   21.00000     -8.940540461411281E-003
   22.00000     -8.516311903976437E-003
   23.00000     -8.104670953774455E-003
   24.00000     -7.705467044287781E-003
   25.00000     -7.318548402014138E-003
   26.00000     -6.943762032991981E-003
   27.00000     -6.580953709486146E-003
   28.00000     -6.229967956868004E-003
   29.00000     -5.890648040741633E-003
   30.00000     -5.562835954366483E-003
   31.00000     -5.246372406429949E-003
   32.00000     -4.941096809244513E-003
   33.00000     -4.646847267441904E-003
   34.00000     -4.363460567251435E-003
   35.00000     -4.090772166463935E-003
   36.00000     -3.828616185197634E-003
   37.00000     -3.576825397601878E-003
   38.00000     -3.335231224654748E-003
   39.00000     -3.103663728239715E-003
   40.00000     -2.881951606723333E-003
   41.00000     -2.669922192289873E-003
   42.00000     -2.467401450347783E-003
   43.00000     -2.274213981382373E-003
   44.00000     -2.090183025711751E-003
   45.00000     -1.915130471707909E-003
   46.00000     -1.748876868175020E-003
   47.00000     -1.591241441751066E-003
   48.00000     -1.442042120424298E-003
   49.00000     -1.301095564556804E-003
   50.00000     -1.168217207209192E-003
   51.00000     -1.043221306104902E-003
   52.00000     -9.259210103320297E-004
   53.00000     -8.161284459275460E-004
   54.00000     -7.136548259962118E-004
   55.00000     -6.183105931837998E-004
   56.00000     -5.299056055443673E-004
   57.00000     -4.482493817004137E-004
   58.00000     -3.731514287486357E-004
   59.00000     -3.044216884368199E-004
   60.00000     -2.418711571123587E-004
   61.00000     -1.853127693296980E-004
   62.00000     -1.345626970559243E-004
   63.00000     -8.944233497291218E-005
   64.00000     -4.978148544369763E-005
   65.00000     -1.542380201278868E-005
