  0.0000000E+00 -6.961114536087669E-002
   1.000000     -6.912554593785727E-002
   2.000000     -6.864209560721220E-002
   3.000000     -6.816078573424984E-002
   4.000000     -6.768161424303891E-002
   5.000000     -6.720457741117009E-002
   6.000000     -6.672967150873781E-002
   7.000000     -6.625689279927770E-002
   8.000000     -6.578623767978402E-002
   9.000000     -6.531770137041412E-002
   10.00000     -6.485128340345626E-002
   11.00000     -6.438698840886561E-002
   12.00000     -6.392469608249135E-002
   13.00000     -6.346491260843634E-002
   14.00000     -6.300692787094402E-002
   15.00000     -6.254837084828604E-002
   16.00000     -6.210617939182133E-002
   17.00000     -6.164192695642787E-002
   18.00000     -6.118171495270740E-002
   19.00000     -6.083307099796866E-002
   20.00000     -6.024287808318515E-002
   21.00000     -5.983932368662449E-002
   22.00000     -5.948331727326318E-002
   23.00000     -5.871425151611866E-002
   24.00000     -5.824685485464289E-002
   25.00000     -5.789795193567388E-002
   26.00000     -5.706025812489416E-002
   27.00000     -5.628259814150723E-002
   28.00000     -5.620024997551194E-002
   29.00000     -5.532841799844703E-002
   30.00000     -5.444408167867071E-002
   31.00000     -5.395123395106909E-002
   32.00000     -5.355134409475149E-002
   33.00000     -5.265326923019410E-002
   34.00000     -5.175184930802623E-002
   35.00000     -5.124052170852109E-002
   36.00000     -5.084901530620405E-002
   37.00000     -4.994668510575569E-002
   38.00000     -4.904630369875806E-002
   39.00000     -4.814947491635699E-002
   40.00000     -4.812164853371205E-002
   41.00000     -4.725676926769053E-002
   42.00000     -4.636995116519278E-002
   43.00000     -4.548975318779955E-002
   44.00000     -4.461708203078308E-002
   45.00000     -4.456182077362417E-002
   46.00000     -4.375253792528694E-002
   47.00000     -4.289695677871948E-002
   48.00000     -4.205086350635284E-002
   49.00000     -4.121477379658395E-002
   50.00000     -4.052223443869715E-002
   51.00000     -4.038911497184564E-002
   52.00000     -3.957430972260713E-002
   53.00000     -3.877065290364044E-002
   54.00000     -3.797842998572296E-002
   55.00000     -3.719787185421188E-002
   56.00000     -3.642916757904654E-002
   57.00000     -3.596012332047346E-002
   58.00000     -3.567246075123464E-002
   59.00000     -3.492787866825285E-002
   60.00000     -3.419549655046623E-002
   61.00000     -3.347537064993709E-002
   62.00000     -3.276752979907831E-002
   63.00000     -3.207197917499925E-002
   64.00000     -3.138870280238951E-002
   65.00000     -3.082827951666030E-002
   66.00000     -3.071765990848757E-002
   67.00000     -3.005881061868443E-002
   68.00000     -2.941207561554189E-002
   69.00000     -2.877737542735014E-002
   70.00000     -2.815461532094319E-002
   71.00000     -2.754368933671421E-002
   72.00000     -2.694448160820419E-002
   73.00000     -2.635686752328676E-002
   74.00000     -2.578071481244758E-002
   75.00000     -2.521588541406635E-002
   76.00000     -2.507471310014837E-002
   77.00000     -2.466223000771893E-002
   78.00000     -2.411960427768685E-002
   79.00000     -2.358785134807603E-002
   80.00000     -2.306681346554626E-002
   81.00000     -2.255632971199276E-002
   82.00000     -2.205623669714608E-002
   83.00000     -2.156636908804953E-002
   84.00000     -2.108656008210745E-002
   85.00000     -2.061664183613968E-002
   86.00000     -2.015644585664381E-002
   87.00000     -1.970580335625936E-002
   88.00000     -1.926454558956821E-002
   89.00000     -1.883250436427410E-002
   90.00000     -1.864249256105951E-002
   91.00000     -1.840951012759588E-002
   92.00000     -1.799539843058412E-002
   93.00000     -1.759000173426425E-002
   94.00000     -1.719315538840070E-002
   95.00000     -1.680469596333285E-002
   96.00000     -1.642446154997154E-002
   97.00000     -1.605229190738213E-002
   98.00000     -1.568802858479049E-002
   99.00000     -1.533151502739683E-002
   100.0000     -1.498259666849219E-002
   101.0000     -1.464112100928072E-002
   102.0000     -1.430693768750940E-002
   103.0000     -1.397989853587173E-002
   104.0000     -1.365985763105954E-002
   105.0000     -1.334667133427045E-002
   106.0000     -1.304019832393317E-002
   107.0000     -1.274029962139098E-002
   108.0000     -1.244683861038644E-002
   109.0000     -1.215968105182706E-002
   110.0000     -1.187869510009347E-002
   111.0000     -1.160375141927973E-002
   112.0000     -1.146931360718405E-002
   113.0000     -1.133472194070920E-002
   114.0000     -1.107148356941363E-002
   115.0000     -1.081391298820270E-002
   116.0000     -1.056189034192971E-002
   117.0000     -1.031529799274344E-002
   118.0000     -1.007402061272465E-002
   119.0000     -9.837945171730087E-003
   120.0000     -9.606960916249947E-003
   121.0000     -9.380959345170135E-003
   122.0000     -9.159834183549770E-003
   123.0000     -8.943481354831659E-003
   124.0000     -8.731798951733647E-003
   125.0000     -8.524687206014769E-003
   126.0000     -8.322048457282528E-003
   127.0000     -8.123787120989738E-003
   128.0000     -7.929809655751080E-003
   129.0000     -7.740024530105796E-003
   130.0000     -7.554342188832419E-003
   131.0000     -7.372675018919963E-003
   132.0000     -7.194937315285739E-003
   133.0000     -7.021045246324671E-003
   134.0000     -6.850916819365954E-003
   135.0000     -6.684471846106680E-003
   136.0000     -6.521631908085633E-003
   137.0000     -6.362320322254226E-003
   138.0000     -6.206462106695653E-003
   139.0000     -6.053983946539524E-003
   140.0000     -5.904814160113311E-003
   141.0000     -5.758882665369338E-003
   142.0000     -5.616120946617911E-003
   143.0000     -5.476462021602155E-003
   144.0000     -5.339840408933268E-003
   145.0000     -5.206192095917626E-003
   146.0000     -5.075454506791251E-003
   147.0000     -4.947566471381400E-003
   148.0000     -4.822468194210883E-003
   149.0000     -4.700101224057947E-003
   150.0000     -4.580408423985688E-003
   151.0000     -4.463333941847634E-003
   152.0000     -4.348823181281363E-003
   153.0000     -4.236822773198234E-003
   154.0000     -4.127280547781340E-003
   155.0000     -4.020145507010676E-003
   156.0000     -3.915367797767539E-003
   157.0000     -3.812898685683281E-003
   158.0000     -3.712690530457656E-003
   159.0000     -3.614696767720888E-003
   160.0000     -3.518872023033954E-003
   161.0000     -3.487082095875597E-003
   162.0000     -3.425170968670755E-003
   163.0000     -3.333551216465583E-003
   164.0000     -3.243969639718120E-003
   165.0000     -3.156384681347278E-003
   166.0000     -3.070755663049567E-003
   167.0000     -2.987042802934199E-003
   168.0000     -2.905207197846962E-003
   169.0000     -2.825210803061822E-003
   170.0000     -2.747016411838346E-003
   171.0000     -2.670587635267243E-003
   172.0000     -2.595888882505830E-003
   173.0000     -2.522885341431446E-003
   174.0000     -2.451542959716084E-003
   175.0000     -2.381828426323003E-003
   176.0000     -2.313709153418876E-003
   177.0000     -2.247153258695517E-003
   178.0000     -2.182129548094863E-003
   179.0000     -2.118607498931079E-003
   180.0000     -2.056557243400300E-003
   181.0000     -1.995949552472497E-003
   182.0000     -1.936755820158615E-003
   183.0000     -1.878948048144182E-003
   184.0000     -1.822498830782009E-003
   185.0000     -1.767381340439033E-003
   186.0000     -1.713569313186829E-003
   187.0000     -1.661037034831473E-003
   188.0000     -1.609759327273375E-003
   189.0000     -1.559711535191384E-003
   190.0000     -1.510869513043795E-003
   191.0000     -1.463209612379473E-003
   192.0000     -1.416708669451433E-003
   193.0000     -1.371343993127303E-003
   194.0000     -1.327093353089729E-003
   195.0000     -1.283934968319109E-003
   196.0000     -1.241847495853557E-003
   197.0000     -1.200810019819650E-003
   198.0000     -1.160802040725837E-003
   199.0000     -1.121803465015293E-003
   200.0000     -1.083794594869672E-003
   201.0000     -1.046756118259190E-003
   202.0000     -1.010669099232644E-003
   203.0000     -9.755149684417621E-004
   204.0000     -9.412755138942495E-004
   205.0000     -9.079328719304496E-004
   206.0000     -8.754695184172023E-004
   207.0000     -8.438682601546356E-004
   208.0000     -8.131122264900127E-004
   209.0000     -7.831848611343051E-004
   210.0000     -7.540699141752255E-004
   211.0000     -7.257514342832214E-004
   212.0000     -6.982137611050704E-004
   213.0000     -6.714415178398731E-004
   214.0000     -6.454196039939754E-004
   215.0000     -6.201331883093493E-004
   216.0000     -5.955677018617016E-004
   217.0000     -5.717088313235856E-004
   218.0000     -5.485425123887765E-004
   219.0000     -5.260549233532760E-004
   220.0000     -5.042324788496329E-004
   221.0000     -4.830618237298044E-004
   222.0000     -4.625298270936582E-004
   223.0000     -4.426235764588053E-004
   224.0000     -4.233303720681020E-004
   225.0000     -4.046377213316677E-004
   226.0000     -3.865333333995377E-004
   227.0000     -3.690051138618195E-004
   228.0000     -3.520411595729047E-004
   229.0000     -3.356297535965967E-004
   230.0000     -3.197593602687956E-004
   231.0000     -3.044186203750907E-004
   232.0000     -2.895963464397720E-004
   233.0000     -2.752815181236423E-004
   234.0000     -2.614632777276884E-004
   235.0000     -2.481309257998915E-004
   236.0000     -2.352739168423565E-004
   237.0000     -2.228818551162198E-004
   238.0000     -2.109444905418633E-004
   239.0000     -1.994517146916994E-004
   240.0000     -1.883935568733524E-004
   241.0000     -1.777601803007820E-004
   242.0000     -1.675418783512094E-004
   243.0000     -1.577290709053915E-004
   244.0000     -1.483123007694903E-004
   245.0000     -1.392822301762269E-004
   246.0000     -1.306296373635836E-004
   247.0000     -1.223454132290597E-004
   248.0000     -1.144205580578252E-004
   249.0000     -1.068461783232174E-004
   250.0000     -9.961348355788806E-005
   251.0000     -9.271378329435024E-005
   252.0000     -8.613848407382628E-005
   253.0000     -7.987908652212327E-005
   254.0000     -7.392718249198409E-005
   255.0000     -6.827445227116392E-005
   256.0000     -6.291266185620810E-005
   257.0000     -5.783366029195536E-005
   258.0000     -5.302937707739014E-005
   259.0000     -4.849181963919992E-005
   260.0000     -4.421307087493877E-005
   261.0000     -4.018528676875911E-005
   262.0000     -3.640069408400596E-005
   263.0000     -3.285158813852435E-005
   264.0000     -2.953033067070489E-005
   265.0000     -2.642934780743350E-005
   266.0000     -2.354112814881040E-005
   267.0000     -2.085822099029297E-005
   268.0000     -1.837323471049450E-005
   269.0000     -1.607883536381676E-005
   270.0000     -1.396774553292794E-005
   271.0000     -1.203274351929259E-005
   272.0000     -1.026666298489531E-005
   273.0000     -8.662393211773193E-006
   274.0000     -7.212880230805258E-006
   275.0000     -5.911129208301378E-006
   276.0000     -4.750208710646206E-006
   277.0000     -3.723257872354398E-006
   278.0000     -2.823498237989503E-006
   279.0000     -2.044253500062107E-006
   280.0000     -1.378983393405439E-006
   281.0000     -8.213449809534857E-007
   282.0000     -3.653126664843099E-007
   283.0000     -5.444274761958786E-009
