  0.0000000E+00 -6.789293704766240E-002
   1.000000     -6.741035192356604E-002
   2.000000     -6.692992028300460E-002
   3.000000     -6.645163328408557E-002
   4.000000     -6.597548893516693E-002
   5.000000     -6.550148352517807E-002
   6.000000     -6.502961333766889E-002
   7.000000     -6.455987463528619E-002
   8.000000     -6.409226382414207E-002
   9.000000     -6.362677675387135E-002
   10.00000     -6.316340818340777E-002
   11.00000     -6.270217774438977E-002
   12.00000     -6.224297990604627E-002
   13.00000     -6.178596691525820E-002
   14.00000     -6.133193202745409E-002
   15.00000     -6.087591703644175E-002
   16.00000     -6.043098084442553E-002
   17.00000     -5.999120260665372E-002
   18.00000     -5.949936998418071E-002
   19.00000     -5.915702226272660E-002
   20.00000     -5.866951661051166E-002
   21.00000     -5.804078850811974E-002
   22.00000     -5.790522101880745E-002
   23.00000     -5.719747046725626E-002
   24.00000     -5.641203019746806E-002
   25.00000     -5.635145514331399E-002
   26.00000     -5.557658000876371E-002
   27.00000     -5.473305095713522E-002
   28.00000     -5.437309762035854E-002
   29.00000     -5.387324248808813E-002
   30.00000     -5.300248801173242E-002
   31.00000     -5.212342544820289E-002
   32.00000     -5.202097753139127E-002
   33.00000     -5.123788140384366E-002
   34.00000     -5.034916990043766E-002
   35.00000     -4.945895253067519E-002
   36.00000     -4.928912244073209E-002
   37.00000     -4.856879609909078E-002
   38.00000     -4.768051723845197E-002
   39.00000     -4.679539863109419E-002
   40.00000     -4.614934277606175E-002
   41.00000     -4.591463660494488E-002
   42.00000     -4.503941569080416E-002
   43.00000     -4.417064058067994E-002
   44.00000     -4.330918933840506E-002
   45.00000     -4.256809220641641E-002
   46.00000     -4.245579349911759E-002
   47.00000     -4.161120479250756E-002
   48.00000     -4.077594344072887E-002
   49.00000     -3.995054450861048E-002
   50.00000     -3.913545730155419E-002
   51.00000     -3.850701231742609E-002
   52.00000     -3.833105594214790E-002
   53.00000     -3.753769923927502E-002
   54.00000     -3.675564390490044E-002
   55.00000     -3.598512847307499E-002
   56.00000     -3.522634405659111E-002
   57.00000     -3.447944349045649E-002
   58.00000     -3.392327319823650E-002
   59.00000     -3.374453738002391E-002
   60.00000     -3.302172645312527E-002
   61.00000     -3.231105578358467E-002
   62.00000     -3.161255885587902E-002
   63.00000     -3.092624293122401E-002
   64.00000     -3.025209378827768E-002
   65.00000     -2.959007795669496E-002
   66.00000     -2.894014594801264E-002
   67.00000     -2.876952442679217E-002
   68.00000     -2.830222467504932E-002
   69.00000     -2.767624203855502E-002
   70.00000     -2.706210097181642E-002
   71.00000     -2.645969744566042E-002
   72.00000     -2.586891726648338E-002
   73.00000     -2.528963742778289E-002
   74.00000     -2.472172718454978E-002
   75.00000     -2.416504902798461E-002
   76.00000     -2.361945961108180E-002
   77.00000     -2.308481204377989E-002
   78.00000     -2.299376997501912E-002
   79.00000     -2.256094734621149E-002
   80.00000     -2.204771632717973E-002
   81.00000     -2.154495641791620E-002
   82.00000     -2.105250573650653E-002
   83.00000     -2.057020032596421E-002
   84.00000     -2.009787472166824E-002
   85.00000     -1.963536239160608E-002
   86.00000     -1.918249612888641E-002
   87.00000     -1.873910840672906E-002
   88.00000     -1.830503170017140E-002
   89.00000     -1.788009877784284E-002
   90.00000     -1.746414296818087E-002
   91.00000     -1.705699841581271E-002
   92.00000     -1.665850069817740E-002
   93.00000     -1.653903944984583E-002
   94.00000     -1.626848394199265E-002
   95.00000     -1.588678879750653E-002
   96.00000     -1.551325302811716E-002
   97.00000     -1.514771760730581E-002
   98.00000     -1.479002518310589E-002
   99.00000     -1.444002027191851E-002
   100.0000     -1.409754935992730E-002
   101.0000     -1.376246098520567E-002
   102.0000     -1.343460580728616E-002
   103.0000     -1.311383666612505E-002
   104.0000     -1.280000863157566E-002
   105.0000     -1.249297904424330E-002
   106.0000     -1.219260754848446E-002
   107.0000     -1.189875611824113E-002
   108.0000     -1.161128907634276E-002
   109.0000     -1.133007310786096E-002
   110.0000     -1.105497726805883E-002
   111.0000     -1.078587298544743E-002
   112.0000     -1.052263406045080E-002
   113.0000     -1.026513666024439E-002
   114.0000     -1.001325931071663E-002
   115.0000     -9.766882888993043E-003
   116.0000     -9.525890651823077E-003
   117.0000     -9.343016326620650E-003
   118.0000     -9.290167098056037E-003
   119.0000     -9.059602306475054E-003
   120.0000     -8.834084524639151E-003
   121.0000     -8.613506497118138E-003
   122.0000     -8.397762772804129E-003
   123.0000     -8.186750072101547E-003
   124.0000     -7.980367272327427E-003
   125.0000     -7.778515380093672E-003
   126.0000     -7.581097500958603E-003
   127.0000     -7.388018807839652E-003
   128.0000     -7.199186508609332E-003
   129.0000     -7.014509813083068E-003
   130.0000     -6.833899899534195E-003
   131.0000     -6.657269880851940E-003
   132.0000     -6.484534770436499E-003
   133.0000     -6.315611447921053E-003
   134.0000     -6.150418624794110E-003
   135.0000     -5.988876809996366E-003
   136.0000     -5.830908275553506E-003
   137.0000     -5.676437022301983E-003
   138.0000     -5.525388745761872E-003
   139.0000     -5.377690802199905E-003
   140.0000     -5.233272174929762E-003
   141.0000     -5.092063440881867E-003
   142.0000     -4.953996737481113E-003
   143.0000     -4.819005729859663E-003
   144.0000     -4.687025578432992E-003
   145.0000     -4.557992906862087E-003
   146.0000     -4.431845770423441E-003
   147.0000     -4.308523624804118E-003
   148.0000     -4.187967295337129E-003
   149.0000     -4.070118946692744E-003
   150.0000     -3.954922053035652E-003
   151.0000     -3.842321368655812E-003
   152.0000     -3.732262899086536E-003
   153.0000     -3.624693872708027E-003
   154.0000     -3.519562712849593E-003
   155.0000     -3.416819010387478E-003
   156.0000     -3.316413496844686E-003
   157.0000     -3.218298017992993E-003
   158.0000     -3.122425507955949E-003
   159.0000     -3.028749963815106E-003
   160.0000     -2.937226420716450E-003
   161.0000     -2.847810927474093E-003
   162.0000     -2.760460522670767E-003
   163.0000     -2.675133211250171E-003
   164.0000     -2.591787941597599E-003
   165.0000     -2.510384583104408E-003
   166.0000     -2.430883904212553E-003
   167.0000     -2.353247550933110E-003
   168.0000     -2.277438025833234E-003
   169.0000     -2.203418667487129E-003
   170.0000     -2.131153630384000E-003
   171.0000     -2.060607865288095E-003
   172.0000     -1.991747100043390E-003
   173.0000     -1.924537820818433E-003
   174.0000     -1.858947253785355E-003
   175.0000     -1.794943347227370E-003
   176.0000     -1.732494754073006E-003
   177.0000     -1.671570814859252E-003
   178.0000     -1.612141541139080E-003
   179.0000     -1.554177599397953E-003
   180.0000     -1.497650295728371E-003
   181.0000     -1.442531562552802E-003
   182.0000     -1.388793959295718E-003
   183.0000     -1.337592264020639E-003
   184.0000     -1.336406528541685E-003
   185.0000     -1.285354873904281E-003
   186.0000     -1.235601642278150E-003
   187.0000     -1.187125416815707E-003
   188.0000     -1.139901581755481E-003
   189.0000     -1.093906029462852E-003
   190.0000     -1.049115161927913E-003
   191.0000     -1.005505880540029E-003
   192.0000     -9.630555746558244E-004
   193.0000     -9.217421101487696E-004
   194.0000     -8.815438181770255E-004
   195.0000     -8.424394842333446E-004
   196.0000     -8.044083374949851E-004
   197.0000     -7.674300404804791E-004
   198.0000     -7.314846790156142E-004
   199.0000     -6.965527525086274E-004
   200.0000     -6.626151645356726E-004
   201.0000     -6.296532137375307E-004
   202.0000     -5.976485850295926E-004
   203.0000     -5.665833411275939E-004
   204.0000     -5.364399143936604E-004
   205.0000     -5.072010990079073E-004
   206.0000     -4.788500434730081E-004
   207.0000     -4.513702434607776E-004
   208.0000     -4.247455350125566E-004
   209.0000     -3.989600881072084E-004
   210.0000     -3.739984006148598E-004
   211.0000     -3.498452926569467E-004
   212.0000     -3.264859013986901E-004
   213.0000     -3.039056763053841E-004
   214.0000     -2.820903749001673E-004
   215.0000     -2.610260590688944E-004
   216.0000     -2.406990919676717E-004
   217.0000     -2.210961356006914E-004
   218.0000     -2.022041491497321E-004
   219.0000     -1.840103881566639E-004
   220.0000     -1.665024046810764E-004
   221.0000     -1.496680485866237E-004
   222.0000     -1.334954701441103E-004
   223.0000     -1.179731241891934E-004
   224.0000     -1.030897761323449E-004
   225.0000     -8.883451020130367E-005
   226.0000     -7.519674040274075E-005
   227.0000     -6.216622483494619E-005
   228.0000     -4.973308418046407E-005
   229.0000     -3.788782547954685E-005
   230.0000     -2.662137266890161E-005
   231.0000     -1.592510591805630E-005
   232.0000     -5.790912597618108E-006
