  0.0000000E+00 -6.844953717526325E-002
   1.000000     -6.796597329076441E-002
   2.000000     -6.748456183795627E-002
   3.000000     -6.700529346679200E-002
   4.000000     -6.652816634993530E-002
   5.000000     -6.605317677254090E-002
   6.000000     -6.558032101373314E-002
   7.000000     -6.510959533488130E-002
   8.000000     -6.464099615112008E-002
   9.000000     -6.417451907013035E-002
   10.00000     -6.371016024376240E-002
   11.00000     -6.324793660654156E-002
   12.00000     -6.278772787957949E-002
   13.00000     -6.232981707629155E-002
   14.00000     -6.187457422366011E-002
   15.00000     -6.141740017241586E-002
   16.00000     -6.097396368325925E-002
   17.00000     -6.052659131210084E-002
   18.00000     -6.003987150743360E-002
   19.00000     -5.970650174278675E-002
   20.00000     -5.917986258755314E-002
   21.00000     -5.861164598536349E-002
   22.00000     -5.843005473098555E-002
   23.00000     -5.768915470402192E-002
   24.00000     -5.697897202722506E-002
   25.00000     -5.688060678830523E-002
   26.00000     -5.605748365140797E-002
   27.00000     -5.520940533831203E-002
   28.00000     -5.499116302321255E-002
   29.00000     -5.434489131695141E-002
   30.00000     -5.346971220003561E-002
   31.00000     -5.264730838326267E-002
   32.00000     -5.258548904640967E-002
   33.00000     -5.169661156526648E-002
   34.00000     -5.080377579237789E-002
   35.00000     -4.992258406416993E-002
   36.00000     -4.990845289630289E-002
   37.00000     -4.901536713729993E-002
   38.00000     -4.812316364862813E-002
   39.00000     -4.723418431708257E-002
   40.00000     -4.678861859372094E-002
   41.00000     -4.634962056045179E-002
   42.00000     -4.547063517584499E-002
   43.00000     -4.459815705736955E-002
   44.00000     -4.373305448190584E-002
   45.00000     -4.321425488498888E-002
   46.00000     -4.287606893604150E-002
   47.00000     -4.202790792709249E-002
   48.00000     -4.118913562069659E-002
   49.00000     -4.036027108092825E-002
   50.00000     -3.954176344214169E-002
   51.00000     -3.916012618708833E-002
   52.00000     -3.873398637851640E-002
   53.00000     -3.793728862757470E-002
   54.00000     -3.715193760025089E-002
   55.00000     -3.637816699437131E-002
   56.00000     -3.561616707319692E-002
   57.00000     -3.486609090843233E-002
   58.00000     -3.458340128208497E-002
   59.00000     -3.412804719179804E-002
   60.00000     -3.340213261288676E-002
   61.00000     -3.268839714982291E-002
   62.00000     -3.198687153230340E-002
   63.00000     -3.129756230860746E-002
   64.00000     -3.062045417989480E-002
   65.00000     -2.995551457789106E-002
   66.00000     -2.943675694730849E-002
   67.00000     -2.930268608708429E-002
   68.00000     -2.866191241415630E-002
   69.00000     -2.803310392733999E-002
   70.00000     -2.741616902992484E-002
   71.00000     -2.681100297129345E-002
   72.00000     -2.621749100563595E-002
   73.00000     -2.563550960111215E-002
   74.00000     -2.506492750423746E-002
   75.00000     -2.450560672527591E-002
   76.00000     -2.395740366620028E-002
   77.00000     -2.366819185600311E-002
   78.00000     -2.342016700915094E-002
   79.00000     -2.289374750207575E-002
   80.00000     -2.237798565618287E-002
   81.00000     -2.187272186576908E-002
   82.00000     -2.137779370480280E-002
   83.00000     -2.089303676325713E-002
   84.00000     -2.041828514039618E-002
   85.00000     -1.995337187757908E-002
   86.00000     -1.949812934919100E-002
   87.00000     -1.905238961721509E-002
   88.00000     -1.861598475318829E-002
   89.00000     -1.818874713207519E-002
   90.00000     -1.777050971286056E-002
   91.00000     -1.736110660486741E-002
   92.00000     -1.722075550089894E-002
   93.00000     -1.696037057826207E-002
   94.00000     -1.656814036676801E-002
   95.00000     -1.618425186183665E-002
   96.00000     -1.580854403577749E-002
   97.00000     -1.544085740531500E-002
   98.00000     -1.508103425418874E-002
   99.00000     -1.472891874856599E-002
   100.0000     -1.438435703131834E-002
   101.0000     -1.404719730264675E-002
   102.0000     -1.371728988915268E-002
   103.0000     -1.339448730255585E-002
   104.0000     -1.307864428900206E-002
   105.0000     -1.276961786978560E-002
   106.0000     -1.246726737423341E-002
   107.0000     -1.217145446543708E-002
   108.0000     -1.188204315946676E-002
   109.0000     -1.159889983866245E-002
   110.0000     -1.132189325957494E-002
   111.0000     -1.105089455616589E-002
   112.0000     -1.078577723915084E-002
   113.0000     -1.052641719406621E-002
   114.0000     -1.027269269846693E-002
   115.0000     -1.003213995911299E-002
   116.0000     -1.002447934176528E-002
   117.0000     -9.781674428431940E-003
   118.0000     -9.544149246680386E-003
   119.0000     -9.311795779540742E-003
   120.0000     -9.084503858435004E-003
   121.0000     -8.862165533607254E-003
   122.0000     -8.644675070580719E-003
   123.0000     -8.431928925759925E-003
   124.0000     -8.223825718263952E-003
   125.0000     -8.020266200090082E-003
   126.0000     -7.821153225154351E-003
   127.0000     -7.626391717458936E-003
   128.0000     -7.435888638557903E-003
   129.0000     -7.249552954449741E-003
   130.0000     -7.067295602018138E-003
   131.0000     -6.889029455121230E-003
   132.0000     -6.714669290424261E-003
   133.0000     -6.544131753060706E-003
   134.0000     -6.377335322196684E-003
   135.0000     -6.214200276570318E-003
   136.0000     -6.054648660068683E-003
   137.0000     -5.898604247399339E-003
   138.0000     -5.745992509907764E-003
   139.0000     -5.596740581589373E-003
   140.0000     -5.450777225334026E-003
   141.0000     -5.308032799446354E-003
   142.0000     -5.168439224470852E-003
   143.0000     -5.031929950352895E-003
   144.0000     -4.898439923964756E-003
   145.0000     -4.767905557016703E-003
   146.0000     -4.640264694376551E-003
   147.0000     -4.515456582813934E-003
   148.0000     -4.393421840186471E-003
   149.0000     -4.274102425079626E-003
   150.0000     -4.157441606913261E-003
   151.0000     -4.043383936523207E-003
   152.0000     -3.931875217226093E-003
   153.0000     -3.822862476373600E-003
   154.0000     -3.716293937401100E-003
   155.0000     -3.612118992374523E-003
   156.0000     -3.510288175035771E-003
   157.0000     -3.410753134351340E-003
   158.0000     -3.313466608560938E-003
   159.0000     -3.218382399728114E-003
   160.0000     -3.125455348788867E-003
   161.0000     -3.034641311099255E-003
   162.0000     -2.945897132476559E-003
   163.0000     -2.859180625731633E-003
   164.0000     -2.774450547689953E-003
   165.0000     -2.691666576695700E-003
   166.0000     -2.610789290598712E-003
   167.0000     -2.531780145219771E-003
   168.0000     -2.454601453301143E-003
   169.0000     -2.379216363960674E-003
   170.0000     -2.305588842718581E-003
   171.0000     -2.233683652384835E-003
   172.0000     -2.163466336301159E-003
   173.0000     -2.094903218746936E-003
   174.0000     -2.034226347818385E-003
   175.0000     -2.027960184884054E-003
   176.0000     -1.962608047753190E-003
   177.0000     -1.898812490431410E-003
   178.0000     -1.836543475165654E-003
   179.0000     -1.775770840168951E-003
   180.0000     -1.716465062763239E-003
   181.0000     -1.658597255482455E-003
   182.0000     -1.602139152319799E-003
   183.0000     -1.547063093962418E-003
   184.0000     -1.493342013071680E-003
   185.0000     -1.440949419823409E-003
   186.0000     -1.389859387763545E-003
   187.0000     -1.340046539992190E-003
   188.0000     -1.291486035678574E-003
   189.0000     -1.244153556903215E-003
   190.0000     -1.198025295823174E-003
   191.0000     -1.153077942154415E-003
   192.0000     -1.109288670966302E-003
   193.0000     -1.066635130781411E-003
   194.0000     -1.025095431976683E-003
   195.0000     -9.846481354785974E-004
   196.0000     -9.452722417488092E-004
   197.0000     -9.069471800540122E-004
   198.0000     -8.696527980147766E-004
   199.0000     -8.333693514303886E-004
   200.0000     -7.980774943735758E-004
   201.0000     -7.637582695517215E-004
   202.0000     -7.303930989310483E-004
   203.0000     -6.979637746197444E-004
   204.0000     -6.664524500070584E-004
   205.0000     -6.358416311563974E-004
   206.0000     -6.061141684494799E-004
   207.0000     -5.772532484797313E-004
   208.0000     -5.492423861950055E-004
   209.0000     -5.220654172876761E-004
   210.0000     -4.957064908334524E-004
   211.0000     -4.701500621798763E-004
   212.0000     -4.453808860856999E-004
   213.0000     -4.213840101158822E-004
   214.0000     -3.981447682949912E-004
   215.0000     -3.756487750260116E-004
   216.0000     -3.538819192816496E-004
   217.0000     -3.328303590778626E-004
   218.0000     -3.124805162415225E-004
   219.0000     -2.928190714869528E-004
   220.0000     -2.738329598194826E-004
   221.0000     -2.555093662880759E-004
   222.0000     -2.378357221139923E-004
   223.0000     -2.207997012281832E-004
   224.0000     -2.043892172576524E-004
   225.0000     -1.885924210092035E-004
   226.0000     -1.733976985106060E-004
   227.0000     -1.587936696824445E-004
   228.0000     -1.447691877309231E-004
   229.0000     -1.313133393740710E-004
   230.0000     -1.184154460408801E-004
   231.0000     -1.060650662191910E-004
   232.0000     -9.425199917440024E-005
   233.0000     -8.296629032243460E-005
   234.0000     -7.219823862196697E-005
   235.0000     -6.193840646134081E-005
   236.0000     -5.217763266559903E-005
   237.0000     -4.290704945889323E-005
   238.0000     -3.411810451222266E-005
   239.0000     -2.580258963117282E-005
   240.0000     -1.795267826236756E-005
   241.0000     -1.056097493443729E-005
   242.0000     -3.620581197399583E-006
