  0.0000000E+00 -6.915063139817264E-002
   1.000000     -6.866583964286051E-002
   2.000000     -6.818319482417282E-002
   3.000000     -6.770269323367158E-002
   4.000000     -6.722433115729086E-002
   5.000000     -6.674810487557038E-002
   6.000000     -6.627401066213319E-002
   7.000000     -6.580204477894262E-002
   8.000000     -6.533220363673373E-002
   9.000000     -6.486448258175949E-002
   10.00000     -6.439887977656177E-002
   11.00000     -6.393540572584225E-002
   12.00000     -6.347393460453120E-002
   13.00000     -6.301489681786825E-002
   14.00000     -6.255802704729513E-002
   15.00000     -6.209984559461299E-002
   16.00000     -6.165754757137961E-002
   17.00000     -6.119993615161774E-002
   18.00000     -6.072698301344799E-002
   19.00000     -6.038972036015895E-002
   20.00000     -5.982149463513911E-002
   21.00000     -5.935084746696245E-002
   22.00000     -5.906864254499599E-002
   23.00000     -5.830798925281221E-002
   24.00000     -5.774337348474467E-002
   25.00000     -5.749585921847135E-002
   26.00000     -5.666284747269959E-002
   27.00000     -5.581118316460618E-002
   28.00000     -5.576715092227179E-002
   29.00000     -5.493862815890579E-002
   30.00000     -5.405791091719655E-002
   31.00000     -5.343431645722214E-002
   32.00000     -5.316868868428852E-002
   33.00000     -5.227411922426462E-002
   34.00000     -5.137609838115701E-002
   35.00000     -5.071783057481699E-002
   36.00000     -5.047659547379158E-002
   37.00000     -4.957757524841502E-002
   38.00000     -4.868043400990679E-002
   39.00000     -4.778660796040927E-002
   40.00000     -4.759343344877975E-002
   41.00000     -4.689723761661677E-002
   42.00000     -4.601352266641229E-002
   43.00000     -4.513638385956691E-002
   44.00000     -4.426668965205772E-002
   45.00000     -4.402775704268948E-002
   46.00000     -4.340516437541847E-002
   47.00000     -4.255252303246685E-002
   48.00000     -4.170933140145968E-002
   49.00000     -4.087610455669934E-002
   50.00000     -4.005330649902887E-002
   51.00000     -3.998236006132258E-002
   52.00000     -3.924126027947475E-002
   53.00000     -3.844036110709141E-002
   54.00000     -3.765086154339853E-002
   55.00000     -3.687299333643364E-002
   56.00000     -3.610694587070948E-002
   57.00000     -3.541449531017506E-002
   58.00000     -3.535285482104752E-002
   59.00000     -3.461087627706126E-002
   60.00000     -3.388105714637711E-002
   61.00000     -3.316346379704571E-002
   62.00000     -3.245812569707014E-002
   63.00000     -3.176504855412667E-002
   64.00000     -3.108421678862769E-002
   65.00000     -3.041559754539663E-002
   66.00000     -3.027676694601156E-002
   67.00000     -2.975913000882054E-002
   68.00000     -2.911475679089593E-002
   69.00000     -2.848239145002000E-002
   70.00000     -2.786193984903115E-002
   71.00000     -2.725329649202345E-002
   72.00000     -2.665634595362638E-002
   73.00000     -2.607096404688275E-002
   74.00000     -2.549701889094032E-002
   75.00000     -2.493437199804767E-002
   76.00000     -2.451726372206112E-002
   77.00000     -2.438287626024462E-002
   78.00000     -2.384238781001902E-002
   79.00000     -2.331274827983083E-002
   80.00000     -2.279380116240198E-002
   81.00000     -2.228538594779507E-002
   82.00000     -2.178733962049029E-002
   83.00000     -2.129949721153613E-002
   84.00000     -2.082169227485055E-002
   85.00000     -2.035375731702621E-002
   86.00000     -1.989552418752844E-002
   87.00000     -1.944682443357931E-002
   88.00000     -1.900748962512836E-002
   89.00000     -1.857735167110728E-002
   90.00000     -1.815624394676637E-002
   91.00000     -1.807900947364038E-002
   92.00000     -1.774399602102095E-002
   93.00000     -1.734044657950838E-002
   94.00000     -1.694542922749966E-002
   95.00000     -1.655878090557929E-002
   96.00000     -1.618034001121103E-002
   97.00000     -1.580994659881964E-002
   98.00000     -1.544744250709525E-002
   99.00000     -1.509267146594790E-002
   100.0000     -1.474547918902038E-002
   101.0000     -1.440571345371090E-002
   102.0000     -1.407322416994029E-002
   103.0000     -1.374786343866344E-002
   104.0000     -1.342948560101218E-002
   105.0000     -1.311794727887618E-002
   106.0000     -1.281310740766724E-002
   107.0000     -1.251482726196308E-002
   108.0000     -1.222297047470338E-002
   109.0000     -1.193740305065501E-002
   110.0000     -1.165799337521684E-002
   111.0000     -1.138461222192554E-002
   112.0000     -1.111713278967745E-002
   113.0000     -1.089971225345101E-002
   114.0000     -1.085542936892897E-002
   115.0000     -1.059938281053567E-002
   116.0000     -1.034887084938852E-002
   117.0000     -1.010377671165526E-002
   118.0000     -9.863985314572048E-003
   119.0000     -9.629383852279849E-003
   120.0000     -9.399861789804412E-003
   121.0000     -9.175310841109563E-003
   122.0000     -8.955624943473871E-003
   123.0000     -8.740700229926894E-003
   124.0000     -8.530435000258525E-003
   125.0000     -8.324729690865063E-003
   126.0000     -8.123486843621699E-003
   127.0000     -7.926611073932562E-003
   128.0000     -7.734009038101182E-003
   129.0000     -7.545589400140724E-003
   130.0000     -7.361262798135558E-003
   131.0000     -7.180941810257510E-003
   132.0000     -7.004540920527262E-003
   133.0000     -6.831976484406033E-003
   134.0000     -6.663166694293038E-003
   135.0000     -6.498031545000338E-003
   136.0000     -6.336492799263987E-003
   137.0000     -6.178473953354045E-003
   138.0000     -6.023900202830910E-003
   139.0000     -5.872698408495761E-003
   140.0000     -5.724797062577502E-003
   141.0000     -5.580126255194074E-003
   142.0000     -5.438617641120023E-003
   143.0000     -5.300204406892576E-003
   144.0000     -5.164821238281114E-003
   145.0000     -5.032404288144093E-003
   146.0000     -4.902891144694771E-003
   147.0000     -4.776220800191872E-003
   148.0000     -4.652333620073494E-003
   149.0000     -4.531171312544843E-003
   150.0000     -4.412676898632997E-003
   151.0000     -4.296794682717403E-003
   152.0000     -4.183470223544955E-003
   153.0000     -4.072650305733580E-003
   154.0000     -3.964282911772051E-003
   155.0000     -3.858317194518792E-003
   156.0000     -3.754703450201541E-003
   157.0000     -3.653393091923365E-003
   158.0000     -3.554338623675274E-003
   159.0000     -3.457493614866296E-003
   160.0000     -3.362812675387537E-003
   161.0000     -3.270251431272620E-003
   162.0000     -3.179766501169153E-003
   163.0000     -3.091315474681677E-003
   164.0000     -3.004856901287855E-003
   165.0000     -2.920350938407817E-003
   166.0000     -2.911265325705783E-003
   167.0000     -2.837755484573054E-003
   168.0000     -2.757034511391091E-003
   169.0000     -2.678149059650489E-003
   170.0000     -2.601062087031607E-003
   171.0000     -2.525737344153734E-003
   172.0000     -2.452139375187750E-003
   173.0000     -2.380233501150449E-003
   174.0000     -2.309985801625071E-003
   175.0000     -2.241363096480245E-003
   176.0000     -2.174332927884659E-003
   177.0000     -2.108863542687457E-003
   178.0000     -2.044923875184602E-003
   179.0000     -1.982483530274777E-003
   180.0000     -1.921512767000233E-003
   181.0000     -1.861982482467531E-003
   182.0000     -1.803864196142325E-003
   183.0000     -1.747130034511774E-003
   184.0000     -1.691752716105621E-003
   185.0000     -1.637705536871153E-003
   186.0000     -1.584962355893889E-003
   187.0000     -1.533497581456412E-003
   188.0000     -1.483286157429524E-003
   189.0000     -1.434303549987460E-003
   190.0000     -1.386525734641334E-003
   191.0000     -1.339929183583555E-003
   192.0000     -1.294490853336138E-003
   193.0000     -1.250188172696711E-003
   194.0000     -1.206999030975412E-003
   195.0000     -1.164901766516716E-003
   196.0000     -1.123875155499089E-003
   197.0000     -1.083898401006642E-003
   198.0000     -1.044951122366857E-003
   199.0000     -1.007013344748219E-003
   200.0000     -9.700654890112279E-004
   201.0000     -9.340883618084683E-004
   202.0000     -8.990631459267427E-004
   203.0000     -8.649713908661175E-004
   204.0000     -8.317950036512973E-004
   205.0000     -7.995162398685109E-004
   206.0000     -7.681176949247647E-004
   207.0000     -7.375822955221385E-004
   208.0000     -7.078932913449329E-004
   209.0000     -6.790342469524114E-004
   210.0000     -6.509890338743682E-004
   211.0000     -6.237418229044169E-004
   212.0000     -5.972770765866545E-004
   213.0000     -5.715795418919640E-004
   214.0000     -5.466342430798212E-004
   215.0000     -5.224264747418410E-004
   216.0000     -4.989417950235455E-004
   217.0000     -4.761660190212772E-004
   218.0000     -4.540852123504392E-004
   219.0000     -4.326856848829022E-004
   220.0000     -4.119539846504100E-004
   221.0000     -3.918768919117365E-004
   222.0000     -3.724414133813403E-004
   223.0000     -3.536347766181701E-004
   224.0000     -3.354444245724115E-004
   225.0000     -3.178580102899236E-004
   226.0000     -3.008633917731191E-004
   227.0000     -2.844486269990435E-004
   228.0000     -2.686019690940383E-004
   229.0000     -2.533118616674289E-004
   230.0000     -2.385669343052958E-004
   231.0000     -2.243559982278381E-004
   232.0000     -2.106680421141212E-004
   233.0000     -1.974922280996003E-004
   234.0000     -1.848178879533008E-004
   235.0000     -1.726345194435308E-004
   236.0000     -1.609317829028823E-004
   237.0000     -1.496994980065749E-004
   238.0000     -1.389276407809586E-004
   239.0000     -1.286063408637302E-004
   240.0000     -1.187258790421321E-004
   241.0000     -1.092766851019021E-004
   242.0000     -1.002493360283417E-004
   243.0000     -9.163455461064960E-005
   244.0000     -8.342320851446144E-005
   245.0000     -7.560630990457388E-005
   246.0000     -6.817501572263639E-005
   247.0000     -6.112062875464977E-005
   248.0000     -5.443459966310934E-005
   249.0000     -4.810853021345799E-005
   250.0000     -4.213417799958507E-005
   251.0000     -3.650346307818595E-005
   252.0000     -3.120847707118707E-005
   253.0000     -2.624149551215727E-005
   254.0000     -2.159499453316877E-005
   255.0000     -1.726167347501024E-005
   256.0000     -1.323448576136022E-005
   257.0000     -9.506681596303156E-006
   258.0000     -6.071868076361300E-006
   259.0000     -2.924095844896428E-006
   260.0000     -5.798789436948680E-008
