  0.0000000E+00 -6.952210856644346E-002
   1.000000     -6.903666651657060E-002
   2.000000     -6.855337049401934E-002
   3.000000     -6.807221678796251E-002
   4.000000     -6.759320168193735E-002
   5.000000     -6.711632145409979E-002
   6.000000     -6.664157237521916E-002
   7.000000     -6.616895070846428E-002
   8.000000     -6.569845285418327E-002
   9.000000     -6.523007405338790E-002
   10.00000     -6.476381357512093E-002
   11.00000     -6.429967727513317E-002
   12.00000     -6.383754318593503E-002
   13.00000     -6.337790452652686E-002
   14.00000     -6.292013736765210E-002
   15.00000     -6.246163555456055E-002
   16.00000     -6.201946891535069E-002
   17.00000     -6.155647524630843E-002
   18.00000     -6.109361944161519E-002
   19.00000     -6.074767024183176E-002
   20.00000     -6.016137961313903E-002
   21.00000     -5.974485982953909E-002
   22.00000     -5.940330378472008E-002
   23.00000     -5.863571333308985E-002
   24.00000     -5.814950731079070E-002
   25.00000     -5.782025746319939E-002
   26.00000     -5.698343528141463E-002
   27.00000     -5.618437835685756E-002
   28.00000     -5.612361838057332E-002
   29.00000     -5.525306774009907E-002
   30.00000     -5.436942986939440E-002
   31.00000     -5.385130589929436E-002
   32.00000     -5.347737465259622E-002
   33.00000     -5.257997497486429E-002
   34.00000     -5.167921173181076E-002
   35.00000     -5.113947782299715E-002
   36.00000     -5.077702318354473E-002
   37.00000     -4.987533146986337E-002
   38.00000     -4.897557632806144E-002
   39.00000     -4.807924556588970E-002
   40.00000     -4.801962008542197E-002
   41.00000     -4.718726710589222E-002
   42.00000     -4.630104880160146E-002
   43.00000     -4.542144215192326E-002
   44.00000     -4.454933327123031E-002
   45.00000     -4.445859171777907E-002
   46.00000     -4.368538595097229E-002
   47.00000     -4.283037304833766E-002
   48.00000     -4.198484039718037E-002
   49.00000     -4.114930435265651E-002
   50.00000     -4.041788129515995E-002
   51.00000     -4.032418746674561E-002
   52.00000     -3.950992665777083E-002
   53.00000     -3.870680289709437E-002
   54.00000     -3.791510641972981E-002
   55.00000     -3.713506826595737E-002
   56.00000     -3.636687753296596E-002
   57.00000     -3.585464453092407E-002
   58.00000     -3.561067783770060E-002
   59.00000     -3.486659759710989E-002
   60.00000     -3.413471091500550E-002
   61.00000     -3.341507457147699E-002
   62.00000     -3.270771751697245E-002
   63.00000     -3.201264502984939E-002
   64.00000     -3.132984119979877E-002
   65.00000     -3.072166900294301E-002
   66.00000     -3.065926256397466E-002
   67.00000     -3.000087795468638E-002
   68.00000     -2.935459948379936E-002
   69.00000     -2.872035063058575E-002
   70.00000     -2.809803676715549E-002
   71.00000     -2.748755202275942E-002
   72.00000     -2.688878061595222E-002
   73.00000     -2.630159801636051E-002
   74.00000     -2.572587202658679E-002
   75.00000     -2.516146428689163E-002
   76.00000     -2.496695074505961E-002
   77.00000     -2.460822670193531E-002
   78.00000     -2.406601398675346E-002
   79.00000     -2.353466957378264E-002
   80.00000     -2.301403583399916E-002
   81.00000     -2.250395192586576E-002
   82.00000     -2.200425453120928E-002
   83.00000     -2.151477838731610E-002
   84.00000     -2.103535676042679E-002
   85.00000     -2.056582187489095E-002
   86.00000     -2.010600530337435E-002
   87.00000     -1.965573832283734E-002
   88.00000     -1.921485224673901E-002
   89.00000     -1.878317884603579E-002
   90.00000     -1.853356423652202E-002
   91.00000     -1.836054883624577E-002
   92.00000     -1.794679788193392E-002
   93.00000     -1.754175822861587E-002
   94.00000     -1.714526540227882E-002
   95.00000     -1.675715603726448E-002
   96.00000     -1.637726828298333E-002
   97.00000     -1.600544195538791E-002
   98.00000     -1.564151865954823E-002
   99.00000     -1.528534189561382E-002
   100.0000     -1.493675715098801E-002
   101.0000     -1.459561198018483E-002
   102.0000     -1.426175607348282E-002
   103.0000     -1.393504131534817E-002
   104.0000     -1.361532183350298E-002
   105.0000     -1.330245403944494E-002
   106.0000     -1.299629666117534E-002
   107.0000     -1.269671076886054E-002
   108.0000     -1.240355979421057E-002
   109.0000     -1.211670954476045E-002
   110.0000     -1.183602821697091E-002
   111.0000     -1.156138644809901E-002
   112.0000     -1.135920231829710E-002
   113.0000     -1.129265618244533E-002
   114.0000     -1.102971496868657E-002
   115.0000     -1.077243877688039E-002
   116.0000     -1.052070805704114E-002
   117.0000     -1.027440522282743E-002
   118.0000     -1.003341499060438E-002
   119.0000     -9.797624372992610E-003
   120.0000     -9.566922658478864E-003
   121.0000     -9.341201387352272E-003
   122.0000     -9.120354325544467E-003
   123.0000     -8.904277436866708E-003
   124.0000     -8.692868853918911E-003
   125.0000     -8.486028847869583E-003
   126.0000     -8.283659797274415E-003
   127.0000     -8.085666156082732E-003
   128.0000     -7.891954420964371E-003
   129.0000     -7.702433098081423E-003
   130.0000     -7.517012669412165E-003
   131.0000     -7.335605558729325E-003
   132.0000     -7.158126097327914E-003
   133.0000     -6.984490489581868E-003
   134.0000     -6.814616778408045E-003
   135.0000     -6.648424810708615E-003
   136.0000     -6.485836202850880E-003
   137.0000     -6.326774306246351E-003
   138.0000     -6.171164173076418E-003
   139.0000     -6.018932522214245E-003
   140.0000     -5.870007705382280E-003
   141.0000     -5.724319673586116E-003
   142.0000     -5.581799943854372E-003
   143.0000     -5.442381566318065E-003
   144.0000     -5.305999091653621E-003
   145.0000     -5.172588538915269E-003
   146.0000     -5.042087363774445E-003
   147.0000     -4.914434427187170E-003
   148.0000     -4.789569964503779E-003
   149.0000     -4.667435555033912E-003
   150.0000     -4.547974092079292E-003
   151.0000     -4.431129753443518E-003
   152.0000     -4.316847972428154E-003
   153.0000     -4.205075409321350E-003
   154.0000     -4.095759923388589E-003
   155.0000     -3.988850545375351E-003
   156.0000     -3.884297450544263E-003
   157.0000     -3.782051932301884E-003
   158.0000     -3.682066376610572E-003
   159.0000     -3.584294238081727E-003
   160.0000     -3.488690024569206E-003
   161.0000     -3.395209555984519E-003
   162.0000     -3.375768864858699E-003
   163.0000     -3.303808069429085E-003
   164.0000     -3.214444598628210E-003
   165.0000     -3.127076882319082E-003
   166.0000     -3.041664298943348E-003
   167.0000     -2.958167096885509E-003
   168.0000     -2.876546400070673E-003
   169.0000     -2.796764189967541E-003
   170.0000     -2.718783285611853E-003
   171.0000     -2.642567323587178E-003
   172.0000     -2.568080738309148E-003
   173.0000     -2.495288742701432E-003
   174.0000     -2.424157309282232E-003
   175.0000     -2.354653151669013E-003
   176.0000     -2.286743706496187E-003
   177.0000     -2.220397115742027E-003
   178.0000     -2.155582209458301E-003
   179.0000     -2.092268488895638E-003
   180.0000     -2.030426110018379E-003
   181.0000     -1.970025867399865E-003
   182.0000     -1.911039178493416E-003
   183.0000     -1.853438068269682E-003
   184.0000     -1.797195154213783E-003
   185.0000     -1.742283631675280E-003
   186.0000     -1.688677259563121E-003
   187.0000     -1.636350346379331E-003
   188.0000     -1.585277736582247E-003
   189.0000     -1.535434797275606E-003
   190.0000     -1.486797405212821E-003
   191.0000     -1.439341934112156E-003
   192.0000     -1.393045242275157E-003
   193.0000     -1.347884660500660E-003
   194.0000     -1.303837980289478E-003
   195.0000     -1.260883442332026E-003
   196.0000     -1.218999725272666E-003
   197.0000     -1.178165934744013E-003
   198.0000     -1.138361592666439E-003
   199.0000     -1.099566626804709E-003
   200.0000     -1.061761360576966E-003
   201.0000     -1.024926503109770E-003
   202.0000     -9.890431395331305E-004
   203.0000     -9.540927215103974E-004
   204.0000     -9.200570579968286E-004
   205.0000     -8.869183062214490E-004
   206.0000     -8.546589628872828E-004
   207.0000     -8.232618555838586E-004
   208.0000     -7.927101344076143E-004
   209.0000     -7.629872637847557E-004
   210.0000     -7.340770144911502E-004
   211.0000     -7.059634558655940E-004
   212.0000     -6.786309482105997E-004
   213.0000     -6.520641353762096E-004
   214.0000     -6.262479375231663E-004
   215.0000     -6.011675440595489E-004
   216.0000     -5.768084067482448E-004
   217.0000     -5.531562329791776E-004
   218.0000     -5.301969792039181E-004
   219.0000     -5.079168445271778E-004
   220.0000     -4.863022644522610E-004
   221.0000     -4.653399047759630E-004
   222.0000     -4.450166556297868E-004
   223.0000     -4.253196256630768E-004
   224.0000     -4.062361363651768E-004
   225.0000     -3.877537165229020E-004
   226.0000     -3.698600968096785E-004
   227.0000     -3.525432045037753E-004
   228.0000     -3.357911583315977E-004
   229.0000     -3.195922634337371E-004
   230.0000     -3.039350064501959E-004
   231.0000     -2.888080507224541E-004
   232.0000     -2.742002316090438E-004
   233.0000     -2.601005519125565E-004
   234.0000     -2.464981774149242E-004
   235.0000     -2.333824325191687E-004
   236.0000     -2.207427959947039E-004
   237.0000     -2.085688968244646E-004
   238.0000     -1.968505101516302E-004
   239.0000     -1.855775533241003E-004
   240.0000     -1.747400820348296E-004
   241.0000     -1.643282865570084E-004
   242.0000     -1.543324880721290E-004
   243.0000     -1.447431350903701E-004
   244.0000     -1.355507999623400E-004
   245.0000     -1.267461754816217E-004
   246.0000     -1.183200715782998E-004
   247.0000     -1.102634121036394E-004
   248.0000     -1.025672317068557E-004
   249.0000     -9.522267280582240E-005
   250.0000     -8.822098265359066E-005
   251.0000     -8.155351050464272E-005
   252.0000     -7.521170488507066E-005
   253.0000     -6.918711097294333E-005
   254.0000     -6.347136809683791E-005
   255.0000     -5.805620736306340E-005
   256.0000     -5.293344942509892E-005
   257.0000     -4.809500241303554E-005
   258.0000     -4.353286004593643E-005
   259.0000     -3.923909995739779E-005
   260.0000     -3.520588227371844E-005
   261.0000     -3.142544849729501E-005
   262.0000     -2.789012076527234E-005
   263.0000     -2.459230157835589E-005
   264.0000     -2.152447412949145E-005
   265.0000     -1.867920341262821E-005
   266.0000     -1.604913836586456E-005
   267.0000     -1.362701541475875E-005
   268.0000     -1.140566395324401E-005
   269.0000     -9.378014571782526E-006
   270.0000     -7.537111287517471E-006
   271.0000     -5.876129788231681E-006
   272.0000     -4.388405046300343E-006
   273.0000     -3.067474178877765E-006
   274.0000     -1.907145472292639E-006
   275.0000     -9.016154455465664E-007
   276.0000     -4.568235759967523E-008
