  0.0000000E+00 -6.923137790905472E-002
   1.000000     -6.874644472580127E-002
   2.000000     -6.826365828105233E-002
   3.000000     -6.778301486586061E-002
   4.000000     -6.730451076563086E-002
   5.000000     -6.682814226038207E-002
   6.000000     -6.635390562311277E-002
   7.000000     -6.588179711599998E-002
   8.000000     -6.541181314801174E-002
   9.000000     -6.494394904019375E-002
   10.00000     -6.447820319551863E-002
   11.00000     -6.401458517564244E-002
   12.00000     -6.355296957584548E-002
   13.00000     -6.309380155891260E-002
   14.00000     -6.263673838649240E-002
   15.00000     -6.217847478035194E-002
   16.00000     -6.173623629845596E-002
   17.00000     -6.127744216956546E-002
   18.00000     -6.080654164866306E-002
   19.00000     -6.046775820198269E-002
   20.00000     -5.989536398784102E-002
   21.00000     -5.943644877918332E-002
   22.00000     -5.914152145495104E-002
   23.00000     -5.837923329728478E-002
   24.00000     -5.783164246166055E-002
   25.00000     -5.756641300242953E-002
   26.00000     -5.673254198136354E-002
   27.00000     -5.588254264945152E-002
   28.00000     -5.585441609603372E-002
   29.00000     -5.500698560238750E-002
   30.00000     -5.412563267322041E-002
   31.00000     -5.352496495384902E-002
   32.00000     -5.323579710962114E-002
   33.00000     -5.234061000964117E-002
   34.00000     -5.144199273646631E-002
   35.00000     -5.080949209634948E-002
   36.00000     -5.054190746067257E-002
   37.00000     -4.964230506692327E-002
   38.00000     -4.874459551609665E-002
   39.00000     -4.785021505992199E-002
   40.00000     -4.768609275963901E-002
   41.00000     -4.696028762787097E-002
   42.00000     -4.607602840504292E-002
   43.00000     -4.519835307542394E-002
   44.00000     -4.432813142401058E-002
   45.00000     -4.412142050124450E-002
   46.00000     -4.346608213309580E-002
   47.00000     -4.261292518514320E-002
   48.00000     -4.176922478596145E-002
   49.00000     -4.093549574471863E-002
   50.00000     -4.011222337913879E-002
   51.00000     -4.007700888098875E-002
   52.00000     -3.929966593838969E-002
   53.00000     -3.849828313495739E-002
   54.00000     -3.770830596657437E-002
   55.00000     -3.692996601728722E-002
   56.00000     -3.616345259246962E-002
   57.00000     -3.551017725888451E-002
   58.00000     -3.540890606458889E-002
   59.00000     -3.466646770757018E-002
   60.00000     -3.393619909081209E-002
   61.00000     -3.321816159844482E-002
   62.00000     -3.251238458164234E-002
   63.00000     -3.181887365386524E-002
   64.00000     -3.113761315794002E-002
   65.00000     -3.046857147415400E-002
   66.00000     -3.037348129467140E-002
   67.00000     -2.981168366107795E-002
   68.00000     -2.916689623106676E-002
   69.00000     -2.853412141475615E-002
   70.00000     -2.791326495818489E-002
   71.00000     -2.730422128328791E-002
   72.00000     -2.670687488710010E-002
   73.00000     -2.612110150774654E-002
   74.00000     -2.554676919404844E-002
   75.00000     -2.498373943062911E-002
   76.00000     -2.461502114905921E-002
   77.00000     -2.443186527588865E-002
   78.00000     -2.389100176709903E-002
   79.00000     -2.336099158657345E-002
   80.00000     -2.284167779035323E-002
   81.00000     -2.233289979408656E-002
   82.00000     -2.183449451615629E-002
   83.00000     -2.134629692365283E-002
   84.00000     -2.086814050789459E-002
   85.00000     -2.039985771405817E-002
   86.00000     -1.994128033135175E-002
   87.00000     -1.949223984804774E-002
   88.00000     -1.905256777738259E-002
   89.00000     -1.862209598293092E-002
   90.00000     -1.820066082211863E-002
   91.00000     -1.817782224542417E-002
   92.00000     -1.778808262645139E-002
   93.00000     -1.738420918075348E-002
   94.00000     -1.698887103766653E-002
   95.00000     -1.660190506147326E-002
   96.00000     -1.622314959494627E-002
   97.00000     -1.585244464048652E-002
   98.00000     -1.548963198590905E-002
   99.00000     -1.513455531110982E-002
   100.0000     -1.478706028048876E-002
   101.0000     -1.444699462293182E-002
   102.0000     -1.411420820055158E-002
   103.0000     -1.378855306717892E-002
   104.0000     -1.346988351748830E-002
   105.0000     -1.315805612756508E-002
   106.0000     -1.285292978765851E-002
   107.0000     -1.255436572782341E-002
   108.0000     -1.226222753713341E-002
   109.0000     -1.197638117723396E-002
   110.0000     -1.169669499153772E-002
   111.0000     -1.142303971518761E-002
   112.0000     -1.115528855351294E-002
   113.0000     -1.099960082701388E-002
   114.0000     -1.089331607877153E-002
   115.0000     -1.063700179904262E-002
   116.0000     -1.038622480911382E-002
   117.0000     -1.014086783257508E-002
   118.0000     -9.900815738438672E-003
   119.0000     -9.665955680722066E-003
   120.0000     -9.436177085847423E-003
   121.0000     -9.211371629886000E-003
   122.0000     -8.991433212753100E-003
   123.0000     -8.776257930583509E-003
   124.0000     -8.565744046714396E-003
   125.0000     -8.359791961515248E-003
   126.0000     -8.158304181246037E-003
   127.0000     -7.961185286099196E-003
   128.0000     -7.768341897559497E-003
   129.0000     -7.579682645205817E-003
   130.0000     -7.395118133063878E-003
   131.0000     -7.214560905615279E-003
   132.0000     -7.037925413550417E-003
   133.0000     -6.865127979352979E-003
   134.0000     -6.696086762789794E-003
   135.0000     -6.530721726378370E-003
   136.0000     -6.368954600891777E-003
   137.0000     -6.210708850961019E-003
   138.0000     -6.055909640825141E-003
   139.0000     -5.904483800274599E-003
   140.0000     -5.756359790832895E-003
   141.0000     -5.611467672210373E-003
   142.0000     -5.469739069066951E-003
   143.0000     -5.331107138110996E-003
   144.0000     -5.195506535563464E-003
   145.0000     -5.062873385009804E-003
   146.0000     -4.933145245658521E-003
   147.0000     -4.806261081027899E-003
   148.0000     -4.682161228073507E-003
   149.0000     -4.560787366770675E-003
   150.0000     -4.442082490164938E-003
   151.0000     -4.325990874896863E-003
   152.0000     -4.212458052211612E-003
   153.0000     -4.101430779459937E-003
   154.0000     -3.992857012092293E-003
   155.0000     -3.886685876154660E-003
   156.0000     -3.782867641287024E-003
   157.0000     -3.681353694229368E-003
   158.0000     -3.582096512843890E-003
   159.0000     -3.485049640669130E-003
   160.0000     -3.390167662061557E-003
   161.0000     -3.297406178109120E-003
   162.0000     -3.206721784183205E-003
   163.0000     -3.118072055672319E-003
   164.0000     -3.031415781862523E-003
   165.0000     -3.012244745021715E-003
   166.0000     -2.946711212923196E-003
   167.0000     -2.863920154609167E-003
   168.0000     -2.783003164404631E-003
   169.0000     -2.703922347711156E-003
   170.0000     -2.626640614881335E-003
   171.0000     -2.551121689036500E-003
   172.0000     -2.477330089490125E-003
   173.0000     -2.405231113131384E-003
   174.0000     -2.334790815740363E-003
   175.0000     -2.265975993586529E-003
   176.0000     -2.198754165396423E-003
   177.0000     -2.133093554712215E-003
   178.0000     -2.068963072644430E-003
   179.0000     -2.006332301019195E-003
   180.0000     -1.945171475910461E-003
   181.0000     -1.885451471554314E-003
   182.0000     -1.827143784637313E-003
   183.0000     -1.770220518951347E-003
   184.0000     -1.714654370408807E-003
   185.0000     -1.660418612410919E-003
   186.0000     -1.607487081560690E-003
   187.0000     -1.555834163715331E-003
   188.0000     -1.505434780369502E-003
   189.0000     -1.456264375363340E-003
   190.0000     -1.408298901907854E-003
   191.0000     -1.361514809920597E-003
   192.0000     -1.315889033665725E-003
   193.0000     -1.271398979691081E-003
   194.0000     -1.228022515055607E-003
   195.0000     -1.185737955840981E-003
   196.0000     -1.144524055941137E-003
   197.0000     -1.104359996123000E-003
   198.0000     -1.065225373352871E-003
   199.0000     -1.027100190381368E-003
   200.0000     -9.899648455823104E-004
   201.0000     -9.538001230389061E-004
   202.0000     -9.185871828713816E-004
   203.0000     -8.843075518011905E-004
   204.0000     -8.509431139455764E-004
   205.0000     -8.184761018382119E-004
   206.0000     -7.868890876686738E-004
   207.0000     -7.561649747383247E-004
   208.0000     -7.262869891258224E-004
   209.0000     -6.972386715573605E-004
   210.0000     -6.690038694781330E-004
   211.0000     -6.415667293195482E-004
   212.0000     -6.149116889579994E-004
   213.0000     -5.890234703607755E-004
   214.0000     -5.638870724152369E-004
   215.0000     -5.394877639370345E-004
   216.0000     -5.158110768533381E-004
   217.0000     -4.928427995581186E-004
   218.0000     -4.705689704349293E-004
   219.0000     -4.489758715447340E-004
   220.0000     -4.280500224750660E-004
   221.0000     -4.077781743477149E-004
   222.0000     -3.881473039824143E-004
   223.0000     -3.691446082136005E-004
   224.0000     -3.507574983581445E-004
   225.0000     -3.329735948323933E-004
   226.0000     -3.157807219160879E-004
   227.0000     -2.991669026626614E-004
   228.0000     -2.831203539542504E-004
   229.0000     -2.676294817012222E-004
   230.0000     -2.526828761862269E-004
   231.0000     -2.382693075531841E-004
   232.0000     -2.243777214420840E-004
   233.0000     -2.109972347724776E-004
   234.0000     -1.981171316773599E-004
   235.0000     -1.857268595922746E-004
   236.0000     -1.738160255044105E-004
   237.0000     -1.623743923685689E-004
   238.0000     -1.513918756986263E-004
   239.0000     -1.408585403451270E-004
   240.0000     -1.307645974729519E-004
   241.0000     -1.211004017558240E-004
   242.0000     -1.118564488087095E-004
   243.0000     -1.030233728851320E-004
   244.0000     -9.459194487201154E-005
   245.0000     -8.655307062398795E-005
   246.0000     -7.889778968965761E-005
   247.0000     -7.161727449642497E-005
   248.0000     -6.470283007897141E-005
   249.0000     -5.814589446095992E-005
   250.0000     -5.193803983214975E-005
   251.0000     -4.607097470739621E-005
   252.0000     -4.053654731509448E-005
   253.0000     -3.532675054743392E-005
   254.0000     -3.043372892558261E-005
   255.0000     -2.584978820732440E-005
   256.0000     -2.156740852227485E-005
   257.0000     -1.757926230881290E-005
   258.0000     -1.387823893129154E-005
   259.0000     -1.045747882269236E-005
   260.0000     -7.310421600950529E-006
   261.0000     -4.430875377724611E-006
   262.0000     -1.813119509809784E-006
