  0.0000000E+00 -6.929942624501344E-002
   1.000000     -6.881437390754824E-002
   2.000000     -6.833146814182993E-002
   3.000000     -6.785070523847303E-002
   4.000000     -6.737208148244095E-002
   5.000000     -6.689559315331499E-002
   6.000000     -6.642123652356827E-002
   7.000000     -6.594900785558022E-002
   8.000000     -6.547890355661956E-002
   9.000000     -6.501091892744940E-002
   10.00000     -6.454505257400253E-002
   11.00000     -6.408131323322726E-002
   12.00000     -6.361957603351953E-002
   13.00000     -6.316029812227028E-002
   14.00000     -6.270307118892170E-002
   15.00000     -6.224474378018918E-002
   16.00000     -6.180254245153693E-002
   17.00000     -6.134275583710960E-002
   18.00000     -6.087364987869361E-002
   19.00000     -6.053342246818249E-002
   20.00000     -5.995761884816979E-002
   21.00000     -5.950861516968043E-002
   22.00000     -5.920287514001644E-002
   23.00000     -5.843926980046518E-002
   24.00000     -5.790603742533883E-002
   25.00000     -5.762585171418031E-002
   26.00000     -5.679127218019025E-002
   27.00000     -5.594630726350835E-002
   28.00000     -5.592432191122110E-002
   29.00000     -5.506458929508484E-002
   30.00000     -5.418270099822245E-002
   31.00000     -5.360135436542035E-002
   32.00000     -5.329234730472197E-002
   33.00000     -5.239664095728665E-002
   34.00000     -5.149752118191262E-002
   35.00000     -5.088673490530352E-002
   36.00000     -5.059694437717296E-002
   37.00000     -4.969685215220342E-002
   38.00000     -4.879866372141155E-002
   39.00000     -4.790381790039155E-002
   40.00000     -4.776417280561056E-002
   41.00000     -4.701341919076080E-002
   42.00000     -4.612870134476603E-002
   43.00000     -4.525057390766785E-002
   44.00000     -4.437990833550005E-002
   45.00000     -4.420034815393422E-002
   46.00000     -4.351741690967198E-002
   47.00000     -4.266382548928019E-002
   48.00000     -4.181969636479513E-002
   49.00000     -4.098554413882521E-002
   50.00000     -4.016209763946831E-002
   51.00000     -4.015654290906841E-002
   52.00000     -3.934888383846722E-002
   53.00000     -3.854709349533707E-002
   54.00000     -3.775671386063507E-002
   55.00000     -3.697797638511431E-002
   56.00000     -3.621107031331408E-002
   57.00000     -3.559080973722218E-002
   58.00000     -3.545613767857191E-002
   59.00000     -3.471331412254706E-002
   60.00000     -3.398266673659361E-002
   61.00000     -3.326425497531887E-002
   62.00000     -3.255810809357626E-002
   63.00000     -3.186423162580841E-002
   64.00000     -3.118260985144485E-002
   65.00000     -3.051321381128107E-002
   66.00000     -3.045497987659399E-002
   67.00000     -2.985597020784678E-002
   68.00000     -2.921083373804478E-002
   69.00000     -2.857771386792058E-002
   70.00000     -2.795651625046573E-002
   71.00000     -2.734713523870473E-002
   72.00000     -2.674945526436647E-002
   73.00000     -2.616335200254728E-002
   74.00000     -2.558869344333549E-002
   75.00000     -2.502534106156552E-002
   76.00000     -2.469740090141556E-002
   77.00000     -2.447314787129034E-002
   78.00000     -2.393196845065991E-002
   79.00000     -2.340164593726612E-002
   80.00000     -2.288202315390918E-002
   81.00000     -2.237293945475023E-002
   82.00000     -2.187423170262009E-002
   83.00000     -2.138573481075646E-002
   84.00000     -2.090728221775272E-002
   85.00000     -2.043870631705597E-002
   86.00000     -1.997983884712975E-002
   87.00000     -1.953051124664412E-002
   88.00000     -1.909055498136074E-002
   89.00000     -1.865980188043180E-002
   90.00000     -1.826110215017425E-002
   91.00000     -1.823807943064813E-002
   92.00000     -1.782523429529726E-002
   93.00000     -1.742108783587415E-002
   94.00000     -1.702547938092505E-002
   95.00000     -1.663824573631939E-002
   96.00000     -1.625922519914759E-002
   97.00000     -1.588825772805944E-002
   98.00000     -1.552518506803832E-002
   99.00000     -1.516985085686320E-002
   100.0000     -1.482210071746398E-002
   101.0000     -1.448178233787138E-002
   102.0000     -1.414874553993664E-002
   103.0000     -1.382284233780606E-002
   104.0000     -1.350392698703291E-002
   105.0000     -1.319185602513209E-002
   106.0000     -1.288648830432659E-002
   107.0000     -1.258768501718735E-002
   108.0000     -1.229530971586993E-002
   109.0000     -1.200922832576722E-002
   110.0000     -1.172930915517306E-002
   111.0000     -1.145542290859580E-002
   112.0000     -1.118744285684985E-002
   113.0000     -1.108377617361455E-002
   114.0000     -1.092524330560313E-002
   115.0000     -1.066870375593636E-002
   116.0000     -1.041770346531394E-002
   117.0000     -1.017212503135242E-002
   118.0000     -9.931853285391770E-003
   119.0000     -9.696775348012443E-003
   120.0000     -9.466780613219719E-003
   121.0000     -9.241760725216937E-003
   122.0000     -9.021609552484142E-003
   123.0000     -8.806223160113362E-003
   124.0000     -8.595499780769948E-003
   125.0000     -8.389339784510751E-003
   126.0000     -8.187645647632032E-003
   127.0000     -7.990321920702280E-003
   128.0000     -7.797275195915651E-003
   129.0000     -7.608414073884788E-003
   130.0000     -7.423649129988170E-003
   131.0000     -7.242892880371693E-003
   132.0000     -7.066059747694690E-003
   133.0000     -6.893066026708763E-003
   134.0000     -6.723829849741035E-003
   135.0000     -6.558271152155737E-003
   136.0000     -6.396311637853952E-003
   137.0000     -6.237874744869226E-003
   138.0000     -6.082885611112226E-003
   139.0000     -5.931271040309952E-003
   140.0000     -5.782959468180575E-003
   141.0000     -5.637880928882819E-003
   142.0000     -5.495967021772800E-003
   143.0000     -5.357150878499171E-003
   144.0000     -5.221367130462003E-003
   145.0000     -5.088551876658713E-003
   146.0000     -4.958642651940052E-003
   147.0000     -4.831578395690230E-003
   148.0000     -4.707299420951421E-003
   149.0000     -4.585747384001609E-003
   150.0000     -4.466865254400088E-003
   151.0000     -4.350597285508899E-003
   152.0000     -4.236888985499104E-003
   153.0000     -4.125687088846905E-003
   154.0000     -4.016939528325937E-003
   155.0000     -3.910595407501136E-003
   156.0000     -3.806604973726858E-003
   157.0000     -3.704919591659115E-003
   158.0000     -3.605491717293153E-003
   159.0000     -3.508274872569654E-003
   160.0000     -3.413223620675342E-003
   161.0000     -3.320293542596118E-003
   162.0000     -3.229441218439389E-003
   163.0000     -3.140624273933751E-003
   164.0000     -3.097339032866934E-003
   165.0000     -3.053800594215087E-003
   166.0000     -2.968930582046595E-003
   167.0000     -2.885973952031036E-003
   168.0000     -2.804891976370112E-003
   169.0000     -2.725646710807772E-003
   170.0000     -2.648201041741734E-003
   171.0000     -2.572518671241558E-003
   172.0000     -2.498564098309627E-003
   173.0000     -2.426302599837914E-003
   174.0000     -2.355700211801541E-003
   175.0000     -2.286723710813247E-003
   176.0000     -2.219340596069585E-003
   177.0000     -2.153519071698784E-003
   178.0000     -2.089228029506418E-003
   179.0000     -2.026437032114659E-003
   180.0000     -1.965116296491006E-003
   181.0000     -1.905236677856236E-003
   182.0000     -1.846769653967966E-003
   183.0000     -1.789687309771266E-003
   184.0000     -1.733962322408344E-003
   185.0000     -1.679567946581572E-003
   186.0000     -1.626478000261504E-003
   187.0000     -1.574666850734357E-003
   188.0000     -1.524109400979085E-003
   189.0000     -1.474781076370229E-003
   190.0000     -1.426657811697023E-003
   191.0000     -1.379716038493436E-003
   192.0000     -1.333932672671837E-003
   193.0000     -1.289285102452917E-003
   194.0000     -1.245751176586960E-003
   195.0000     -1.203309192858015E-003
   196.0000     -1.161937886865884E-003
   197.0000     -1.121616421079160E-003
   198.0000     -1.082324374153093E-003
   199.0000     -1.044041730506162E-003
   200.0000     -1.006748870149798E-003
   201.0000     -9.704265587647121E-004
   202.0000     -9.350559380187304E-004
   203.0000     -9.006185161201742E-004
   204.0000     -8.670961586009896E-004
   205.0000     -8.344710793250868E-004
   206.0000     -8.027258317156924E-004
   207.0000     -7.718433001970108E-004
   208.0000     -7.418066918452686E-004
   209.0000     -7.125995282436208E-004
   210.0000     -6.842056375371174E-004
   211.0000     -6.566091466817965E-004
   212.0000     -6.297944738846256E-004
   213.0000     -6.037463212287299E-004
   214.0000     -5.784496674807552E-004
   215.0000     -5.538897610747972E-004
   216.0000     -5.300521132705896E-004
   217.0000     -5.069224914800701E-004
   218.0000     -4.844869127604999E-004
   219.0000     -4.627316374692265E-004
   220.0000     -4.416431630770535E-004
   221.0000     -4.212082181369475E-004
   222.0000     -4.014137564049005E-004
   223.0000     -3.822469511100051E-004
   224.0000     -3.636951893709408E-004
   225.0000     -3.457460667561869E-004
   226.0000     -3.283873819860027E-004
   227.0000     -3.116071317735662E-004
   228.0000     -2.953935058037893E-004
   229.0000     -2.797348818480009E-004
   230.0000     -2.646198210135766E-004
   231.0000     -2.500370631273116E-004
   232.0000     -2.359755222524473E-004
   233.0000     -2.224242823390511E-004
   234.0000     -2.093725930087083E-004
   235.0000     -1.968098654744948E-004
   236.0000     -1.847256685985919E-004
   237.0000     -1.731097250901381E-004
   238.0000     -1.619519078475664E-004
   239.0000     -1.512422364506028E-004
   240.0000     -1.409708738090124E-004
   241.0000     -1.311281229766635E-004
   242.0000     -1.217044241419617E-004
   243.0000     -1.126903518090808E-004
   244.0000     -1.040766121869199E-004
   245.0000     -9.585404080828499E-005
   246.0000     -8.801360040681747E-005
   247.0000     -8.054637908648235E-005
   248.0000     -7.344358882788267E-005
   249.0000     -6.669656438725666E-005
   250.0000     -6.029676266029446E-005
   251.0000     -5.423576260300930E-005
   252.0000     -4.850526583031867E-005
   253.0000     -4.309709805053827E-005
   254.0000     -3.800321154587206E-005
   255.0000     -3.321568898199549E-005
   256.0000     -2.872674893237269E-005
   257.0000     -2.452875365306686E-005
   258.0000     -2.061421986351197E-005
   259.0000     -1.697583362320980E-005
   260.0000     -1.360647091207643E-005
   261.0000     -1.049922635284260E-005
   262.0000     -7.647453891087150E-006
   263.0000     -5.044825630860715E-006
   264.0000     -2.685419352613367E-006
   265.0000     -5.638535933608783E-007
