  0.0000000E+00 -1.142300008364216E-002
   1.000000     -1.084961779664778E-002
   2.000000     -1.029032260212182E-002
   3.000000     -9.745015863264091E-003
   4.000000     -9.213598670691161E-003
   5.000000     -8.695971870568395E-003
   6.000000     -8.192036096765259E-003
   7.000000     -7.701691807611106E-003
   8.000000     -7.224839327926412E-003
   9.000000     -6.761378897128664E-003
   10.00000     -6.311210724339916E-003
   11.00000     -5.874235051623248E-003
   12.00000     -5.450352226652665E-003
   13.00000     -5.039462786414758E-003
   14.00000     -4.641467553835881E-003
   15.00000     -4.256267749649830E-003
   16.00000     -3.883765122304273E-003
   17.00000     -3.523862099354767E-003
   18.00000     -3.176461964590389E-003
   19.00000     -2.841469066180233E-003
   20.00000     -2.518789062471344E-003
   21.00000     -2.208329213828037E-003
   22.00000     -1.909998731246371E-003
   23.00000     -1.623709195597746E-003
   24.00000     -1.349375065618200E-003
   25.00000     -1.086914298620092E-003
   26.00000     -8.362491161228911E-004
   27.00000     -5.973069583225738E-004
   28.00000     -3.700216883667899E-004
   29.00000     -1.543351327722843E-004
