  0.0000000E+00 -1.114101957340990E-002
   1.000000     -1.057028592385022E-002
   2.000000     -1.001366594258908E-002
   3.000000     -9.471061786089533E-003
   4.000000     -8.942375385135041E-003
   5.000000     -8.427508477316310E-003
   6.000000     -7.926362644100975E-003
   7.000000     -7.438839353133666E-003
   8.000000     -6.964840006561420E-003
   9.000000     -6.504265996294781E-003
   10.00000     -6.057018767296804E-003
   11.00000     -5.622999890197423E-003
   12.00000     -5.202111144774218E-003
   13.00000     -4.794254616160091E-003
   14.00000     -4.399332806020634E-003
   15.00000     -4.017248761431814E-003
   16.00000     -3.647906224784054E-003
   17.00000     -3.291209808834729E-003
   18.00000     -2.947065201996274E-003
   19.00000     -2.615379410248557E-003
   20.00000     -2.296061043720890E-003
   21.00000     -1.989020658210087E-003
   22.00000     -1.694171164841646E-003
   23.00000     -1.411428325074454E-003
   24.00000     -1.140711353734669E-003
   25.00000     -8.819436603939542E-004
   26.00000     -6.350537702450197E-004
   27.00000     -3.999764812934165E-004
   28.00000     -1.766543378191066E-004
