  0.0000000E+00 -1.803200639492948E-002
   1.000000     -1.739987498816385E-002
   2.000000     -1.678133339426600E-002
   3.000000     -1.617627179362872E-002
   4.000000     -1.558457959526464E-002
   5.000000     -1.500614542711519E-002
   6.000000     -1.444085712628710E-002
   7.000000     -1.388860172921214E-002
   8.000000     -1.334926546174103E-002
   9.000000     -1.282273372917786E-002
   10.00000     -1.230889110626880E-002
   11.00000     -1.180762132715131E-002
   12.00000     -1.131880727527283E-002
   13.00000     -1.084233097330894E-002
   14.00000     -1.037807357307168E-002
   15.00000     -9.925915345446122E-003
   16.00000     -9.485735670364620E-003
   17.00000     -9.057413026847805E-003
   18.00000     -8.640824983125690E-003
   19.00000     -8.235848186888691E-003
   20.00000     -7.842358355674473E-003
   21.00000     -7.460230267456844E-003
   22.00000     -7.089337751451764E-003
   23.00000     -6.729553679210066E-003
   24.00000     -6.380749956042248E-003
   25.00000     -6.042797512841556E-003
   26.00000     -5.715566298377419E-003
   27.00000     -5.398925272145873E-003
   28.00000     -5.092742397872906E-003
   29.00000     -4.796884637788817E-003
   30.00000     -4.511217947794007E-003
   31.00000     -4.235607273689937E-003
   32.00000     -3.969916548637791E-003
   33.00000     -3.714008692070937E-003
   34.00000     -3.467745610312698E-003
   35.00000     -3.230988199198429E-003
   36.00000     -3.003596349070697E-003
   37.00000     -2.785428952578000E-003
   38.00000     -2.576343915809688E-003
   39.00000     -2.376198173412277E-003
   40.00000     -2.184847708479155E-003
   41.00000     -2.002147578197203E-003
   42.00000     -1.827951946471732E-003
   43.00000     -1.662114125074635E-003
   44.00000     -1.504486625270493E-003
   45.00000     -1.354921222431351E-003
   46.00000     -1.213269036894916E-003
   47.00000     -1.079380635337437E-003
   48.00000     -9.531061583318399E-004
   49.00000     -8.342954817391392E-004
   50.00000     -7.227984223943826E-004
   51.00000     -6.184650026562718E-004
   52.00000     -5.211457945023140E-004
   53.00000     -4.306923731727894E-004
   54.00000     -3.469579249884135E-004
   55.00000     -2.697980776297644E-004
   56.00000     -1.990720609140943E-004
   57.00000     -1.346443758365616E-004
   58.00000     -7.638727852164040E-005
   59.00000     -2.418463963657618E-005
