  0.0000000E+00 -1.829231002535414E-002
   1.000000     -1.765798055429689E-002
   2.000000     -1.703722524760608E-002
   3.000000     -1.642993404782984E-002
   4.000000     -1.583599612045615E-002
   5.000000     -1.525529984399606E-002
   6.000000     -1.468773279998013E-002
   7.000000     -1.413318176284819E-002
   8.000000     -1.359153268977034E-002
   9.000000     -1.306267071037655E-002
   10.00000     -1.254648011641804E-002
   11.00000     -1.204284435136610E-002
   12.00000     -1.155164599995488E-002
   13.00000     -1.107276677767648E-002
   14.00000     -1.060608752024857E-002
   15.00000     -1.015148817306039E-002
   16.00000     -9.708847780612314E-003
   17.00000     -9.278044475968540E-003
   18.00000     -8.858955470245464E-003
   19.00000     -8.451457042147514E-003
   20.00000     -8.055424527585371E-003
   21.00000     -7.670732309396759E-003
   22.00000     -7.297253807206500E-003
   23.00000     -6.934861467458290E-003
   24.00000     -6.583426753660821E-003
   25.00000     -6.242820136892062E-003
   26.00000     -5.912911086618408E-003
   27.00000     -5.593568061888154E-003
   28.00000     -5.284658502964171E-003
   29.00000     -4.986048823484316E-003
   30.00000     -4.697604403237628E-003
   31.00000     -4.419189581659277E-003
   32.00000     -4.150667652183673E-003
   33.00000     -3.891900857586631E-003
   34.00000     -3.642750386495843E-003
   35.00000     -3.403076371276541E-003
   36.00000     -3.172737887524457E-003
   37.00000     -2.951592955460170E-003
   38.00000     -2.739498543567538E-003
   39.00000     -2.536310574888973E-003
   40.00000     -2.341883936488480E-003
   41.00000     -2.156072492693398E-003
   42.00000     -1.978729102880181E-003
   43.00000     -1.809705644750096E-003
   44.00000     -1.648853044271849E-003
   45.00000     -1.496021313796781E-003
   46.00000     -1.351059600246082E-003
   47.00000     -1.213816245838366E-003
   48.00000     -1.084138864565981E-003
   49.00000     -9.618744386597786E-004
   50.00000     -8.468694407187351E-004
   51.00000     -7.389699892141750E-004
   52.00000     -6.380220480139857E-004
   53.00000     -5.438716849007725E-004
   54.00000     -4.563654105776540E-004
   55.00000     -3.753506297402382E-004
   56.00000     -3.006762518566540E-004
   57.00000     -2.321935357748373E-004
   58.00000     -1.697572876823186E-004
   59.00000     -1.132276136005109E-004
   60.00000     -6.247258308351145E-005
   61.00000     -1.737247860943808E-005
