  0.0000000E+00 -7.505317515102191E-003
   1.000000     -6.969997851429620E-003
   2.000000     -6.449190656321662E-003
   3.000000     -5.942812368664423E-003
   4.000000     -5.450780218111254E-003
   5.000000     -4.973012369456581E-003
   6.000000     -4.509428088279561E-003
   7.000000     -4.059947931673018E-003
   8.000000     -3.624493968764853E-003
   9.000000     -3.202990036788069E-003
   10.00000     -2.795362039875755E-003
   11.00000     -2.401538299534082E-003
   12.00000     -2.021449968116317E-003
   13.00000     -1.655031519712039E-003
   14.00000     -1.302221337035674E-003
   15.00000     -9.629624185170684E-004
   16.00000     -6.372032375450342E-004
   17.00000     -3.248987966183711E-004
   18.00000     -2.601193452485156E-005
