  0.0000000E+00 -8.083886518457864E-003
   1.000000     -7.542763230670760E-003
   2.000000     -7.016081042727058E-003
   3.000000     -6.503753508764189E-003
   4.000000     -6.005694744917880E-003
   5.000000     -5.521819546108255E-003
   6.000000     -5.052043519608548E-003
   7.000000     -4.596283238314414E-003
   8.000000     -4.154456417242758E-003
   9.000000     -3.726482117577882E-003
   10.00000     -3.312280983574493E-003
   11.00000     -2.911775518894647E-003
   12.00000     -2.524890410598572E-003
   13.00000     -2.151552911145355E-003
   14.00000     -1.791693291579888E-003
   15.00000     -1.445245382849757E-003
   16.00000     -1.112147227271465E-003
   17.00000     -7.923418691448418E-004
   18.00000     -4.857783232095875E-004
   19.00000     -1.924127733815662E-004
