  0.0000000E+00 -1.985346941088703E-002
   1.000000     -1.920611808839840E-002
   2.000000     -1.857225192050609E-002
   3.000000     -1.795175963236129E-002
   4.000000     -1.734452914939008E-002
   5.000000     -1.675044758678529E-002
   6.000000     -1.616940123886510E-002
   7.000000     -1.560127556830204E-002
   8.000000     -1.504595519523831E-002
   9.000000     -1.450332388626923E-002
   10.00000     -1.397326454331424E-002
   11.00000     -1.345565919237148E-002
   12.00000     -1.295038897215832E-002
   13.00000     -1.245733412264373E-002
   14.00000     -1.197637397347896E-002
   15.00000     -1.150738693232254E-002
   16.00000     -1.105025047307680E-002
   17.00000     -1.060484112403651E-002
   18.00000     -1.017103445594780E-002
   19.00000     -9.748705070001279E-003
   20.00000     -9.337726585754304E-003
   21.00000     -8.937971628991988E-003
   22.00000     -8.549311819543687E-003
   23.00000     -8.171617759056107E-003
   24.00000     -7.804759018740574E-003
   25.00000     -7.448604127104881E-003
   26.00000     -7.103020557676059E-003
   27.00000     -6.767874716739948E-003
   28.00000     -6.443031931101423E-003
   29.00000     -6.128356435890416E-003
   30.00000     -5.823711362421328E-003
   31.00000     -5.528958726134229E-003
   32.00000     -5.243959414632785E-003
   33.00000     -4.968573175839634E-003
   34.00000     -4.702658606296784E-003
   35.00000     -4.446073139629662E-003
   36.00000     -4.198673035206929E-003
   37.00000     -3.960313367020130E-003
   38.00000     -3.730848012816428E-003
   39.00000     -3.510129643511870E-003
   40.00000     -3.298009712924625E-003
   41.00000     -3.094338447861168E-003
   42.00000     -2.898964838593350E-003
   43.00000     -2.711736629769449E-003
   44.00000     -2.532500311802014E-003
   45.00000     -2.361101112776565E-003
   46.00000     -2.197382990931805E-003
   47.00000     -2.041188627763087E-003
   48.00000     -1.892359421801056E-003
   49.00000     -1.750735483127612E-003
   50.00000     -1.616155628686096E-003
   51.00000     -1.488457378453407E-003
   52.00000     -1.367476952540073E-003
   53.00000     -1.253049269294875E-003
   54.00000     -1.145007944486612E-003
   55.00000     -1.043185291649665E-003
   56.00000     -9.474123236774401E-004
   57.00000     -8.575187557627283E-004
   58.00000     -7.733330097821635E-004
   59.00000     -6.946822202400726E-004
   60.00000     -6.213922418927949E-004
   61.00000     -5.532876591904061E-004
   62.00000     -4.901917976926019E-004
   63.00000     -4.319267376391514E-004
   64.00000     -3.783133298908513E-004
   65.00000     -3.291712145045385E-004
   66.00000     -2.843188422763719E-004
   67.00000     -2.435734996886918E-004
   68.00000     -2.067513378527214E-004
   69.00000     -1.736674062762540E-004
   70.00000     -1.441356926679237E-004
   71.00000     -1.179691706100850E-004
   72.00000     -9.497985798353005E-005
   73.00000     -7.497889087036967E-005
   74.00000     -5.777662104035359E-005
   75.00000     -4.318275164652799E-005
   76.00000     -3.100653916105509E-005
   77.00000     -2.105711938103589E-005
   78.00000     -1.314408862241182E-005
   79.00000     -7.078677933700661E-006
   80.00000     -2.676570988462277E-006
