  0.0000000E+00 -7.583354318915200E-002
   1.000000     -7.471690473000046E-002
   2.000000     -7.418856304717138E-002
   3.000000     -7.232313487587751E-002
   4.000000     -6.984014171778428E-002
   5.000000     -6.911030716174553E-002
   6.000000     -6.536718323071795E-002
   7.000000     -6.136005675514995E-002
   8.000000     -6.067224782689007E-002
   9.000000     -5.727054240969896E-002
   10.00000     -5.322123380775173E-002
   11.00000     -4.929272577668969E-002
   12.00000     -4.553614367903754E-002
   13.00000     -4.470805861365044E-002
   14.00000     -4.198164149350526E-002
   15.00000     -3.864470647239981E-002
   16.00000     -3.553056603626607E-002
   17.00000     -3.263748397917375E-002
   18.00000     -2.995908317714451E-002
   19.00000     -2.748602204393601E-002
   20.00000     -2.520718983273891E-002
   21.00000     -2.311055182826539E-002
   22.00000     -2.118373977855901E-002
   23.00000     -1.941445798646864E-002
   24.00000     -1.901586213527816E-002
   25.00000     -1.779074891490613E-002
   26.00000     -1.630118097601997E-002
   27.00000     -1.493493793448810E-002
   28.00000     -1.368188402295146E-002
   29.00000     -1.253258273452738E-002
   30.00000     -1.147829428543233E-002
   31.00000     -1.051095694996751E-002
   32.00000     -9.623158008862326E-003
   33.00000     -8.808098393399787E-003
   34.00000     -8.059553934285568E-003
   35.00000     -7.371835264539140E-003
   36.00000     -6.739747795486357E-003
   37.00000     -6.158552724329888E-003
   38.00000     -5.623929696738561E-003
   39.00000     -5.131941505814294E-003
   40.00000     -4.679001035468739E-003
   41.00000     -4.261840533679758E-003
   42.00000     -3.877483215920081E-003
   43.00000     -3.523217141301362E-003
   44.00000     -3.196571266253350E-003
   45.00000     -2.895293557350524E-003
   46.00000     -2.617331032126304E-003
   47.00000     -2.360811591346638E-003
   48.00000     -2.124027506017153E-003
   49.00000     -1.905420365591677E-003
   50.00000     -1.703567780594790E-003
   51.00000     -1.517170456165527E-003
   52.00000     -1.345041628606123E-003
   53.00000     -1.186096655816487E-003
   54.00000     -1.039343928565501E-003
   55.00000     -9.038765940766924E-004
   56.00000     -7.788650726383152E-004
   57.00000     -6.635502957108343E-004
   58.00000     -5.572376016847563E-004
   59.00000     -4.592912329830642E-004
   60.00000     -3.691293857650587E-004
   61.00000     -2.862197713325113E-004
   62.00000     -2.100756568830040E-004
   63.00000     -1.402523631802466E-004
   64.00000     -7.634420914914344E-005
   65.00000     -1.798191032082665E-005
