  0.0000000E+00 -7.939228815540292E-002
   1.000000     -7.822365017523975E-002
   2.000000     -7.781290393966436E-002
   3.000000     -7.562702294466225E-002
   4.000000     -7.369308952661473E-002
   5.000000     -7.229241918903423E-002
   6.000000     -6.843516848910053E-002
   7.000000     -6.468716848464673E-002
   8.000000     -6.432022381775247E-002
   9.000000     -6.012897961273454E-002
   10.00000     -5.598290951129500E-002
   11.00000     -5.196248163810388E-002
   12.00000     -4.889339178018517E-002
   13.00000     -4.811847778820476E-002
   14.00000     -4.448081186968851E-002
   15.00000     -4.106464814802677E-002
   16.00000     -3.787498477428650E-002
   17.00000     -3.490985654800867E-002
   18.00000     -3.216267510461505E-002
   19.00000     -2.962390340921165E-002
   20.00000     -2.728224960653902E-002
   21.00000     -2.512551100967239E-002
   22.00000     -2.338276725095525E-002
   23.00000     -2.314115964775762E-002
   24.00000     -2.131676259313936E-002
   25.00000     -1.964022293216238E-002
   26.00000     -1.809998025940421E-002
   27.00000     -1.668510277744960E-002
   28.00000     -1.538534449133720E-002
   29.00000     -1.419116584340264E-002
   30.00000     -1.309373051607212E-002
   31.00000     -1.208488624034643E-002
   32.00000     -1.115713526975681E-002
   33.00000     -1.030359859151903E-002
   34.00000     -9.517976778775118E-003
   35.00000     -8.794509529365044E-003
   36.00000     -8.127935306928680E-003
   37.00000     -7.513452039927934E-003
   38.00000     -6.946679499453779E-003
   39.00000     -6.423623734868521E-003
   40.00000     -5.940643773235675E-003
   41.00000     -5.494420666126106E-003
   42.00000     -5.081928882381377E-003
   43.00000     -4.700409987811602E-003
   44.00000     -4.347348515200539E-003
   45.00000     -4.020449904883372E-003
   46.00000     -3.717620383462392E-003
   47.00000     -3.436948642909861E-003
   48.00000     -3.176689182135040E-003
   49.00000     -2.935247176419999E-003
   50.00000     -2.711164745750496E-003
   51.00000     -2.503108500109038E-003
   52.00000     -2.309858247624997E-003
   53.00000     -2.130296759644781E-003
   54.00000     -1.963400494978407E-003
   55.00000     -1.808231193584127E-003
   56.00000     -1.663928257629724E-003
   57.00000     -1.529701845128854E-003
   58.00000     -1.404826608146443E-003
   59.00000     -1.288636013875084E-003
   60.00000     -1.180517192703581E-003
   61.00000     -1.079906262740745E-003
   62.00000     -9.862840851408263E-004
   63.00000     -8.991724090277758E-004
   64.00000     -8.181303688635086E-004
   65.00000     -7.427513007786969E-004
   66.00000     -6.726598477168393E-004
   67.00000     -6.075093262627454E-004
   68.00000     -5.469793307666744E-004
   69.00000     -4.907735528640799E-004
   70.00000     -4.386177967599505E-004
   71.00000     -3.902581727250757E-004
   72.00000     -3.454594531710396E-004
   73.00000     -3.040035774675616E-004
   74.00000     -2.656882933792221E-004
   75.00000     -2.303259246801177E-004
   76.00000     -1.977422562225424E-004
   77.00000     -1.677755295852571E-004
   78.00000     -1.402755445558063E-004
   79.00000     -1.151028643405438E-004
   80.00000     -9.212812593499026E-005
   81.00000     -7.123146220058306E-005
   82.00000     -5.230205011759941E-005
   83.00000     -3.523781278931908E-005
   84.00000     -1.994532588485789E-005
   85.00000     -6.340022836240634E-006
