  0.0000000E+00 -7.598626219665859E-002
   1.000000     -7.486651684170051E-002
   2.000000     -7.434524937391249E-002
   3.000000     -7.246501978758731E-002
   4.000000     -7.000558393689549E-002
   5.000000     -6.924696547664766E-002
   6.000000     -6.549892720153913E-002
   7.000000     -6.148718588069418E-002
   8.000000     -6.084463887060421E-002
   9.000000     -5.739328769216975E-002
   10.00000     -5.333982391748777E-002
   11.00000     -4.940736866310685E-002
   12.00000     -4.564703399589512E-002
   13.00000     -4.488778019023153E-002
   14.00000     -4.208895916646416E-002
   15.00000     -3.874862190640373E-002
   16.00000     -3.563123837309098E-002
   17.00000     -3.273506251181373E-002
   18.00000     -3.005370812502412E-002
   19.00000     -2.757782523158497E-002
   20.00000     -2.529629530518848E-002
   21.00000     -2.319707641195412E-002
   22.00000     -2.126779359794652E-002
   23.00000     -1.949614539094133E-002
   24.00000     -1.920338223171314E-002
   25.00000     -1.787016701290476E-002
   26.00000     -1.637842285007995E-002
   27.00000     -1.501009118243128E-002
   28.00000     -1.375503148983106E-002
   29.00000     -1.260380283295779E-002
   30.00000     -1.154766127531812E-002
   31.00000     -1.057854119476552E-002
   32.00000     -9.689026211205650E-003
   33.00000     -8.872313811926737E-003
   34.00000     -8.122176583228830E-003
   35.00000     -7.432922097452188E-003
   36.00000     -6.799352874335430E-003
   37.00000     -6.216727375053877E-003
   38.00000     -5.680722652262637E-003
   39.00000     -5.187399037400372E-003
   40.00000     -4.733167073191289E-003
   41.00000     -4.314756776729278E-003
   42.00000     -3.929189233355094E-003
   43.00000     -3.573750463794937E-003
   44.00000     -3.245967469307181E-003
   45.00000     -2.943586336379251E-003
   46.00000     -2.664552269744500E-003
   47.00000     -2.406991417118486E-003
   48.00000     -2.169194348853206E-003
   49.00000     -1.949600993471156E-003
   50.00000     -1.746787360159154E-003
   51.00000     -1.559452550742660E-003
   52.00000     -1.386408242895636E-003
   53.00000     -1.226568245513285E-003
   54.00000     -1.078939406885253E-003
   55.00000     -9.426133289418934E-004
   56.00000     -8.167588733894613E-004
   57.00000     -7.006153469143112E-004
   58.00000     -5.934865871776982E-004
   59.00000     -4.947350341447029E-004
   60.00000     -4.037771675865099E-004
   61.00000     -3.200788377058997E-004
   62.00000     -2.431513127353949E-004
   63.00000     -1.725477317097864E-004
   64.00000     -1.078599883599257E-004
   65.00000     -4.871604529326728E-005
