  0.0000000E+00 -7.914315573783486E-002
   1.000000     -7.797635432043307E-002
   2.000000     -7.756141601378747E-002
   3.000000     -7.539588981724293E-002
   4.000000     -7.342352336074165E-002
   5.000000     -7.206980398911812E-002
   6.000000     -6.822052515143710E-002
   7.000000     -6.440632792738706E-002
   8.000000     -6.411307009336385E-002
   9.000000     -5.992899618318282E-002
   10.00000     -5.578969561612881E-002
   11.00000     -5.177569858843547E-002
   12.00000     -4.860057786894813E-002
   13.00000     -4.793780830776529E-002
   14.00000     -4.430596335502394E-002
   15.00000     -4.089534260592471E-002
   16.00000     -3.771096294956088E-002
   17.00000     -3.475087519040843E-002
   18.00000     -3.200850573909921E-002
   19.00000     -2.947433123164700E-002
   20.00000     -2.713707247933844E-002
   21.00000     -2.498453853002401E-002
   22.00000     -2.307725397557563E-002
   23.00000     -2.300420618899036E-002
   24.00000     -2.118367126950269E-002
   25.00000     -1.951082771264260E-002
   26.00000     -1.797412976067233E-002
   27.00000     -1.656265492670962E-002
   28.00000     -1.526616384928697E-002
   29.00000     -1.407512452508370E-002
   30.00000     -1.298070737963313E-002
   31.00000     -1.197476646647622E-002
   32.00000     -1.104980997400961E-002
   33.00000     -1.019896446667367E-002
   34.00000     -9.415935764674322E-003
   35.00000     -8.694968507935429E-003
   36.00000     -8.030805820306413E-003
   37.00000     -7.418650029812917E-003
   38.00000     -6.854125065990780E-003
   39.00000     -6.333240913511654E-003
   40.00000     -5.852360328193430E-003
   41.00000     -5.408167899110451E-003
   42.00000     -4.997641455497444E-003
   43.00000     -4.618025759527173E-003
   44.00000     -4.266808388426550E-003
   45.00000     -3.941697686280315E-003
   46.00000     -3.640602653163381E-003
   47.00000     -3.361614633920743E-003
   48.00000     -3.102990668735460E-003
   49.00000     -2.863138370948499E-003
   50.00000     -2.640602203211770E-003
   51.00000     -2.434051030092845E-003
   52.00000     -2.242266833076001E-003
   53.00000     -2.064134482069678E-003
   54.00000     -1.898632465723146E-003
   55.00000     -1.744824490860252E-003
   56.00000     -1.601851869015251E-003
   57.00000     -1.468926615317072E-003
   58.00000     -1.345325191765953E-003
   59.00000     -1.230382833257884E-003
   60.00000     -1.123488400536621E-003
   61.00000     -1.024079709600524E-003
   62.00000     -9.316392919837125E-004
   63.00000     -8.456905447931243E-004
   64.00000     -7.657942334444475E-004
   65.00000     -6.915453137334742E-004
   66.00000     -6.225700432355993E-004
   67.00000     -5.585233550798050E-004
   68.00000     -4.990864699275929E-004
   69.00000     -4.439647245358610E-004
   70.00000     -3.928855976323195E-004
   71.00000     -3.455969160223878E-004
   72.00000     -3.018652259232047E-004
   73.00000     -2.614743165394145E-004
   74.00000     -2.242238849308305E-004
   75.00000     -1.899283333780339E-004
   76.00000     -1.584156928819188E-004
   77.00000     -1.295266693813633E-004
   78.00000     -1.031138131378946E-004
   79.00000     -7.904081720739987E-005
   80.00000     -5.718195923884553E-005
   81.00000     -3.742171436411426E-005
   82.00000     -1.965459039020079E-005
   83.00000     -3.785279965884666E-006
