  0.0000000E+00 -7.394750127654746E-002
   1.000000     -7.287280046255026E-002
   2.000000     -7.224785892061472E-002
   3.000000     -7.057007696416917E-002
   4.000000     -6.779647334787535E-002
   5.000000     -6.742157418962472E-002
   6.000000     -6.373952035897341E-002
   7.000000     -5.978944498075580E-002
   8.000000     -5.854237175445462E-002
   9.000000     -5.575405902638537E-002
   10.00000     -5.175608731733256E-002
   11.00000     -4.787634651589980E-002
   12.00000     -4.416613156222474E-002
   13.00000     -4.248763404380922E-002
   14.00000     -4.065576331607895E-002
   15.00000     -3.736086253596468E-002
   16.00000     -3.428678993959007E-002
   17.00000     -3.143193127956333E-002
   18.00000     -2.879002155751933E-002
   19.00000     -2.635182292023094E-002
   20.00000     -2.410632075197613E-002
   21.00000     -2.204156954459018E-002
   22.00000     -2.014528391155503E-002
   23.00000     -1.840524445735776E-002
   24.00000     -1.680957300420582E-002
   25.00000     -1.669909565960410E-002
   26.00000     -1.534688792531514E-002
   27.00000     -1.400645088690527E-002
   28.00000     -1.277817969646837E-002
   29.00000     -1.165269270683866E-002
   30.00000     -1.062130150702683E-002
   31.00000     -9.675992584261980E-003
   32.00000     -8.809398532101786E-003
   33.00000     -8.014762929132490E-003
   34.00000     -7.285901803006680E-003
   35.00000     -6.617163731688968E-003
   36.00000     -6.003390002912749E-003
   37.00000     -5.439875791978041E-003
   38.00000     -4.922332982807869E-003
   39.00000     -4.446855014972856E-003
   40.00000     -4.009883965962796E-003
   41.00000     -3.608179955346126E-003
   42.00000     -3.238792872224208E-003
   43.00000     -2.899036369609807E-003
   44.00000     -2.586464031629087E-003
   45.00000     -2.298847596267213E-003
   46.00000     -2.034157103666292E-003
   47.00000     -1.790542767723885E-003
   48.00000     -1.566318904705321E-003
   49.00000     -1.359948380156462E-003
   50.00000     -1.170029793383790E-003
   51.00000     -9.952849363670264E-004
   52.00000     -8.345478245590440E-004
   53.00000     -6.867547302959846E-004
   54.00000     -5.509351952782641E-004
   55.00000     -4.262039417884347E-004
   56.00000     -3.117536131532398E-004
   57.00000     -2.068482858442443E-004
   58.00000     -1.108177093047856E-004
   59.00000     -2.305224643554981E-005
