  0.0000000E+00 -7.660809556183526E-002
   1.000000     -7.547629974173332E-002
   2.000000     -7.498237393278198E-002
   3.000000     -7.304264128108397E-002
   4.000000     -7.067913800112337E-002
   5.000000     -6.980330083859669E-002
   6.000000     -6.603527513096714E-002
   7.000000     -6.200475778630252E-002
   8.000000     -6.154645577717458E-002
   9.000000     -5.789300108070465E-002
   10.00000     -5.382262111098352E-002
   11.00000     -4.987409620328093E-002
   12.00000     -4.609848651055032E-002
   13.00000     -4.561945450265874E-002
   14.00000     -4.252586475751793E-002
   15.00000     -3.917167655345294E-002
   16.00000     -3.604108994834331E-002
   17.00000     -3.313231881207504E-002
   18.00000     -3.043894000998152E-002
   19.00000     -2.795156938609074E-002
   20.00000     -2.565905674483413E-002
   21.00000     -2.354933076773048E-002
   22.00000     -2.160998923210506E-002
   23.00000     -1.996681114076049E-002
   24.00000     -1.982869920329207E-002
   25.00000     -1.819349015341097E-002
   26.00000     -1.669288646728896E-002
   27.00000     -1.531605189725885E-002
   28.00000     -1.405282660921234E-002
   29.00000     -1.289375162672519E-002
   30.00000     -1.183006611453947E-002
   31.00000     -1.085368859595167E-002
   32.00000     -9.957187796838872E-003
   33.00000     -9.133747194697948E-003
   34.00000     -8.377126180318165E-003
   35.00000     -7.681619880476876E-003
   36.00000     -7.042019060000956E-003
   37.00000     -6.453571061025978E-003
   38.00000     -5.911942402317674E-003
   39.00000     -5.413183419496013E-003
   40.00000     -4.953695153721545E-003
   41.00000     -4.530198573883136E-003
   42.00000     -4.139706132180076E-003
   43.00000     -3.779495595270726E-003
   44.00000     -3.447086055453399E-003
   45.00000     -3.140216003153402E-003
   46.00000     -2.856823329221467E-003
   47.00000     -2.595027120178341E-003
   48.00000     -2.353111109331046E-003
   49.00000     -2.129508649991339E-003
   50.00000     -1.922789082645350E-003
   51.00000     -1.731645374978680E-003
   52.00000     -1.554882921527816E-003
   53.00000     -1.391409397960434E-003
   54.00000     -1.240225573278556E-003
   55.00000     -1.100416991381237E-003
   56.00000     -9.711464412916386E-004
   57.00000     -8.516471428727137E-004
   58.00000     -7.412165820052897E-004
   59.00000     -6.392109359901008E-004
   60.00000     -5.450400364145605E-004
   61.00000     -4.581628229784872E-004
   62.00000     -3.780832479367767E-004
   63.00000     -3.043465970916272E-004
   64.00000     -2.365361999617753E-004
   65.00000     -1.742705093521327E-004
   66.00000     -1.172005398317922E-004
   67.00000     -6.500766693033821E-005
   68.00000     -1.740180653931241E-005
