  0.0000000E+00 -7.540099049224883E-002
   1.000000     -7.429343167369062E-002
   2.000000     -7.374435975829148E-002
   3.000000     -7.192121561656911E-002
   4.000000     -6.937151078586778E-002
   5.000000     -6.872318589543629E-002
   6.000000     -6.499399637132650E-002
   7.000000     -6.099994573106932E-002
   8.000000     -6.018391823720044E-002
   9.000000     -5.692284603674601E-002
   10.00000     -5.288530770620870E-002
   11.00000     -4.896798086627986E-002
   12.00000     -4.522202909696841E-002
   13.00000     -4.419896451629984E-002
   14.00000     -4.167764647901100E-002
   15.00000     -3.835034889392081E-002
   16.00000     -3.524539508715380E-002
   17.00000     -3.236107676430125E-002
   18.00000     -2.969104250525075E-002
   19.00000     -2.722597450474750E-002
   20.00000     -2.495478405384842E-002
   21.00000     -2.286545688674608E-002
   22.00000     -2.094564374160236E-002
   23.00000     -1.918306608603247E-002
   24.00000     -1.848467966788973E-002
   25.00000     -1.756578441044354E-002
   26.00000     -1.608238110745308E-002
   27.00000     -1.472205454800334E-002
   28.00000     -1.347468246348258E-002
   29.00000     -1.233084090738897E-002
   30.00000     -1.128180186330684E-002
   31.00000     -1.031951464747637E-002
   32.00000     -9.436576915814654E-003
   33.00000     -8.626199361416060E-003
   34.00000     -7.882167012383584E-003
   35.00000     -7.198799179796709E-003
   36.00000     -6.570909475315271E-003
   37.00000     -5.993766857263492E-003
   38.00000     -5.463058328962303E-003
   39.00000     -4.974853670965966E-003
   40.00000     -4.525572415506985E-003
   41.00000     -4.111953148870234E-003
   42.00000     -3.731025142222114E-003
   43.00000     -3.380082253661576E-003
   44.00000     -3.056659006525865E-003
   45.00000     -2.758508725775789E-003
   46.00000     -2.483583601514527E-003
   47.00000     -2.230016543334664E-003
   48.00000     -1.996104689007566E-003
   49.00000     -1.780294434384235E-003
   50.00000     -1.581167857070061E-003
   51.00000     -1.397430413600117E-003
   52.00000     -1.227899744251126E-003
   53.00000     -1.071495856935127E-003
   54.00000     -9.272314691627960E-004
   55.00000     -7.942042498767010E-004
   56.00000     -6.715893411553495E-004
   57.00000     -5.586322118427844E-004
   58.00000     -4.546430789594119E-004
   59.00000     -3.589912242133852E-004
   60.00000     -2.711001646875626E-004
   61.00000     -1.904433081432073E-004
   62.00000     -1.165401171375426E-004
   63.00000     -4.895277283277006E-005
