  0.0000000E+00 -2.574454852615775E-002
   1.000000     -2.407558266523701E-002
   2.000000     -2.247487621798617E-002
   3.000000     -2.094134064547831E-002
   4.000000     -1.947387238168104E-002
   5.000000     -1.807135246057614E-002
   6.000000     -1.673264613631813E-002
   7.000000     -1.545660249705770E-002
   8.000000     -1.424205407325341E-002
   9.000000     -1.308781644152629E-002
   10.00000     -1.199268782535060E-002
   11.00000     -1.095544869420764E-002
   12.00000     -9.974861363247494E-003
   13.00000     -9.049669595975678E-003
   14.00000     -8.178598213143946E-003
   15.00000     -7.360352711822457E-003
   16.00000     -6.593618899674667E-003
   17.00000     -5.877062550853229E-003
   18.00000     -5.209329091770902E-003
   19.00000     -4.589043327519153E-003
   20.00000     -4.014809223222954E-003
   21.00000     -3.485209759562345E-003
   22.00000     -2.998806888951269E-003
   23.00000     -2.554141629625985E-003
   24.00000     -2.149734351437944E-003
   25.00000     -1.784085333294998E-003
   26.00000     -1.455675714968400E-003
   27.00000     -1.162969038763284E-003
   28.00000     -9.044137059522106E-004
   29.00000     -6.784469154740101E-004
   30.00000     -4.835011369913145E-004
   31.00000     -3.180152179224943E-004
   32.00000     -1.804547318347339E-004
   33.00000     -6.935307383278499E-005
