  0.0000000E+00 -2.660184688684938E-002
   1.000000     -2.491907928279028E-002
   2.000000     -2.330438838009555E-002
   3.000000     -2.175668077683081E-002
   4.000000     -2.027484786510500E-002
   5.000000     -1.885776544829292E-002
   6.000000     -1.750429335012167E-002
   7.000000     -1.621327501601219E-002
   8.000000     -1.498353710720558E-002
   9.000000     -1.381388908829319E-002
   10.00000     -1.270312280893615E-002
   11.00000     -1.165001208076863E-002
   12.00000     -1.065331225063258E-002
   13.00000     -9.711759771562904E-003
   14.00000     -8.824071773238641E-003
   15.00000     -7.988945633904586E-003
   16.00000     -7.205058556221205E-003
   17.00000     -6.471067149932504E-003
   18.00000     -5.785607024851524E-003
   19.00000     -5.147292398376998E-003
   20.00000     -4.554715722627485E-003
   21.00000     -4.006447337471307E-003
   22.00000     -3.501035157195097E-003
   23.00000     -3.037004400611046E-003
   24.00000     -2.612857377180762E-003
   25.00000     -2.227073345756546E-003
   26.00000     -1.878108468447400E-003
   27.00000     -1.564395891185008E-003
   28.00000     -1.284345996988006E-003
   29.00000     -1.036346901822029E-003
   30.00000     -8.187653043706445E-004
   31.00000     -6.299478764990209E-004
   32.00000     -4.682235268379758E-004
   33.00000     -3.319071711400622E-004
   34.00000     -2.193063217481010E-004
   35.00000     -1.287335178522190E-004
   36.00000     -5.853264006608008E-005
   37.00000     -7.145814684414882E-006
