  0.0000000E+00 -2.468527681413482E-002
   1.000000     -2.303352792854591E-002
   2.000000     -2.145027390448597E-002
   3.000000     -1.993443304504008E-002
   4.000000     -1.848490893894961E-002
   5.000000     -1.710059011276638E-002
   6.000000     -1.578034967967734E-002
   7.000000     -1.452304498646464E-002
   8.000000     -1.332751726041362E-002
   9.000000     -1.219259125847072E-002
   10.00000     -1.111707492160500E-002
   11.00000     -1.009975903809529E-002
   12.00000     -9.139416920511463E-003
   13.00000     -8.234804102567371E-003
   14.00000     -7.384658063780223E-003
   15.00000     -6.587697992375022E-003
   16.00000     -5.842624600219573E-003
   17.00000     -5.148120008255237E-003
   18.00000     -4.502847727534199E-003
   19.00000     -3.905452770561736E-003
   20.00000     -3.354561941820579E-003
   21.00000     -2.848784377805660E-003
   22.00000     -2.386712440234251E-003
   23.00000     -1.966923119561005E-003
   24.00000     -1.587980194552395E-003
   25.00000     -1.248437546821624E-003
   26.00000     -9.468443064364203E-004
   27.00000     -6.817530360234575E-004
   28.00000     -4.517332526461785E-004
   29.00000     -2.553950388138598E-004
   30.00000     -9.143368751028983E-005
