  0.0000000E+00 -0.100705614397680     
   1.000000     -9.959626226144318E-002
   2.000000     -9.849444759183654E-002
   3.000000     -9.740014353140661E-002
   4.000000     -9.631333319198934E-002
   5.000000     -9.523399713843850E-002
   6.000000     -9.416211589167142E-002
   7.000000     -9.309766992848431E-002
   8.000000     -9.204063968136776E-002
   9.000000     -9.099100553832461E-002
   10.00000     -8.994874784268360E-002
   11.00000     -8.891384689291670E-002
   12.00000     -8.788628294238744E-002
   13.00000     -8.686603619948503E-002
   14.00000     -8.585308682876798E-002
   15.00000     -8.484741493636286E-002
   16.00000     -8.384900058701115E-002
   17.00000     -8.285782404605425E-002
   18.00000     -8.187386484309869E-002
   19.00000     -8.089710047547795E-002
   20.00000     -7.992752197130831E-002
   21.00000     -7.896511644266387E-002
   22.00000     -7.800974327016316E-002
   23.00000     -7.706152477923678E-002
   24.00000     -7.612118863933669E-002
   25.00000     -7.518675361092060E-002
   26.00000     -7.425635181009345E-002
   27.00000     -7.334342144383114E-002
   28.00000     -7.244233742761542E-002
   29.00000     -7.150445043048963E-002
   30.00000     -7.059809157580703E-002
   31.00000     -6.983905557872824E-002
   32.00000     -6.890005239262005E-002
   33.00000     -6.779716868211386E-002
   34.00000     -6.716254254479391E-002
   35.00000     -6.644844356671466E-002
   36.00000     -6.523384459834741E-002
   37.00000     -6.397983168901580E-002
   38.00000     -6.343860144415867E-002
   39.00000     -6.269154537380600E-002
   40.00000     -6.141854349017019E-002
   41.00000     -6.014339088528278E-002
   42.00000     -5.889277079277036E-002
   43.00000     -5.883609396700897E-002
   44.00000     -5.760505896862076E-002
   45.00000     -5.634875854085997E-002
   46.00000     -5.510270892288818E-002
   47.00000     -5.386879565533668E-002
   48.00000     -5.348169038313993E-002
   49.00000     -5.264683019839145E-002
   50.00000     -5.143980269408421E-002
   51.00000     -5.024762172680663E-002
   52.00000     -4.907110680652682E-002
   53.00000     -4.791093207487322E-002
   54.00000     -4.730205174400755E-002
   55.00000     -4.676726910750745E-002
   56.00000     -4.564114386973780E-002
   57.00000     -4.453253518226821E-002
   58.00000     -4.344177962657531E-002
   59.00000     -4.236910201628596E-002
   60.00000     -4.131467242983913E-002
   61.00000     -4.028143530559926E-002
   62.00000     -4.026993857377418E-002
   63.00000     -3.926087228776073E-002
   64.00000     -3.826167354644447E-002
   65.00000     -3.728091457533103E-002
   66.00000     -3.631856448496179E-002
   67.00000     -3.537455933181621E-002
   68.00000     -3.444880939148684E-002
   69.00000     -3.354120335631269E-002
   70.00000     -3.265162629572188E-002
   71.00000     -3.233259527389154E-002
   72.00000     -3.177983274422796E-002
   73.00000     -3.092579332424070E-002
   74.00000     -3.008925702994739E-002
   75.00000     -2.927003864410921E-002
   76.00000     -2.846793625530575E-002
   77.00000     -2.768273808554012E-002
   78.00000     -2.691422429489181E-002
   79.00000     -2.616216827173024E-002
   80.00000     -2.542633777081649E-002
   81.00000     -2.470649607665266E-002
   82.00000     -2.400240436629145E-002
   83.00000     -2.340802513990685E-002
   84.00000     -2.331375971418290E-002
   85.00000     -2.264046406321248E-002
   86.00000     -2.198214038945688E-002
   87.00000     -2.133857513248655E-002
   88.00000     -2.070951994642170E-002
   89.00000     -2.009472553141717E-002
   90.00000     -1.949394282525495E-002
   91.00000     -1.890692352048330E-002
   92.00000     -1.833342045340837E-002
   93.00000     -1.777318793585789E-002
   94.00000     -1.722598204707733E-002
   95.00000     -1.669156089271077E-002
   96.00000     -1.616968483523919E-002
   97.00000     -1.566011669991703E-002
   98.00000     -1.516262196231516E-002
   99.00000     -1.467696893420510E-002
   100.0000     -1.420292903251530E-002
   101.0000     -1.374027814010630E-002
   102.0000     -1.341535821258020E-002
   103.0000     -1.328877158091295E-002
   104.0000     -1.284823659849871E-002
   105.0000     -1.241842198226302E-002
   106.0000     -1.199912264866879E-002
   107.0000     -1.159012976211339E-002
   108.0000     -1.119123754897748E-002
   109.0000     -1.080224362946523E-002
   110.0000     -1.042294908924086E-002
   111.0000     -1.005315850411966E-002
   112.0000     -9.692679947920294E-003
   113.0000     -9.341324990695302E-003
   114.0000     -8.998908689873958E-003
   115.0000     -8.665249575563862E-003
   116.0000     -8.340169630825400E-003
   117.0000     -8.023494267534226E-003
   118.0000     -7.715052298349837E-003
   119.0000     -7.414675905248744E-003
   120.0000     -7.122200605030650E-003
   121.0000     -6.837465212172333E-003
   122.0000     -6.560311799367976E-003
   123.0000     -6.290585656078276E-003
   124.0000     -6.028135245369317E-003
   125.0000     -5.772812159314566E-003
   126.0000     -5.524471073204940E-003
   127.0000     -5.282969698804012E-003
   128.0000     -5.048168736851042E-003
   129.0000     -4.819931829023578E-003
   130.0000     -4.598125509537658E-003
   131.0000     -4.382619156570144E-003
   132.0000     -4.173284943669387E-003
   133.0000     -3.969997791320639E-003
   134.0000     -3.772635318835875E-003
   135.0000     -3.581077796753541E-003
   136.0000     -3.395208099975511E-003
   137.0000     -3.214911661993113E-003
   138.0000     -3.040076430908205E-003
   139.0000     -2.870592829126842E-003
   140.0000     -2.706353723452941E-003
   141.0000     -2.547254440317824E-003
   142.0000     -2.393193174616862E-003
   143.0000     -2.261418031878524E-003
   144.0000     -2.244048531553891E-003
   145.0000     -2.099777379878803E-003
   146.0000     -1.960235402979620E-003
   147.0000     -1.825342891326626E-003
   148.0000     -1.695008929938566E-003
   149.0000     -1.569144427890385E-003
   150.0000     -1.447662344722181E-003
   151.0000     -1.330477707744560E-003
   152.0000     -1.217507603905258E-003
   153.0000     -1.108671169220752E-003
   154.0000     -1.003889581125079E-003
   155.0000     -9.030860558407619E-004
   156.0000     -8.061858521849359E-004
   157.0000     -7.131162831738975E-004
   158.0000     -6.238067369850886E-004
   159.0000     -5.381887091723020E-004
   160.0000     -4.561958485167038E-004
   161.0000     -3.777640195515968E-004
   162.0000     -3.028313856955810E-004
   163.0000     -2.313385181541858E-004
   164.0000     -1.632285374511489E-004
   165.0000     -9.844729685392779E-005
   166.0000     -3.694362040609590E-005
