  0.0000000E+00 -0.104903090228149     
   1.000000     -0.103782571675660     
   2.000000     -0.102669561238103     
   3.000000     -0.101564039461387     
   4.000000     -0.100465986847212     
   5.000000     -9.937538385288398E-002
   6.000000     -9.829221089112941E-002
   7.000000     -9.721644832990216E-002
   8.000000     -9.614807649221564E-002
   9.000000     -9.508707565590341E-002
   10.00000     -9.403342605350047E-002
   11.00000     -9.298710787197520E-002
   12.00000     -9.194810125259009E-002
   13.00000     -9.091638629142339E-002
   14.00000     -8.989194303560742E-002
   15.00000     -8.887475147663443E-002
   16.00000     -8.786479165539486E-002
   17.00000     -8.686204348098300E-002
   18.00000     -8.586648544618089E-002
   19.00000     -8.487810069000204E-002
   20.00000     -8.389687971350923E-002
   21.00000     -8.292274576385204E-002
   22.00000     -8.195568178410632E-002
   23.00000     -8.099616289297767E-002
   24.00000     -8.004340709874379E-002
   25.00000     -7.909527025267603E-002
   26.00000     -7.815945245361895E-002
   27.00000     -7.723803058514743E-002
   28.00000     -7.629412866950215E-002
   29.00000     -7.535976267505347E-002
   30.00000     -7.454983396998530E-002
   31.00000     -7.363176960437820E-002
   32.00000     -7.253974060410884E-002
   33.00000     -7.182104770111626E-002
   34.00000     -7.114211161400280E-002
   35.00000     -6.992560591915986E-002
   36.00000     -6.865278271869937E-002
   37.00000     -6.816083287673036E-002
   38.00000     -6.733028336436049E-002
   39.00000     -6.602639165971250E-002
   40.00000     -6.471757777872288E-002
   41.00000     -6.366033891530849E-002
   42.00000     -6.340508624536367E-002
   43.00000     -6.210559344893117E-002
   44.00000     -6.081061119671767E-002
   45.00000     -5.952493568004780E-002
   46.00000     -5.834581618944213E-002
   47.00000     -5.824751642759088E-002
   48.00000     -5.698737661013382E-002
   49.00000     -5.573860702189203E-002
   50.00000     -5.450432114816558E-002
   51.00000     -5.328541246760773E-002
   52.00000     -5.222239152729258E-002
   53.00000     -5.208191577470146E-002
   54.00000     -5.089618026844643E-002
   55.00000     -4.972714562461732E-002
   56.00000     -4.857566514055621E-002
   57.00000     -4.744208774898666E-002
   58.00000     -4.632669027665319E-002
   59.00000     -4.525086364589626E-002
   60.00000     -4.522825118769262E-002
   61.00000     -4.415110119051359E-002
   62.00000     -4.309124749868919E-002
   63.00000     -4.205008131098277E-002
   64.00000     -4.102763112923273E-002
   65.00000     -4.002388563869953E-002
   66.00000     -3.903880212671927E-002
   67.00000     -3.807231469089885E-002
   68.00000     -3.736558788451375E-002
   69.00000     -3.712424127610051E-002
   70.00000     -3.619464926915665E-002
   71.00000     -3.528325596809904E-002
   72.00000     -3.438993802560487E-002
   73.00000     -3.351452570541626E-002
   74.00000     -3.265683412417177E-002
   75.00000     -3.181666614593524E-002
   76.00000     -3.099381415207207E-002
   77.00000     -3.018806161456446E-002
   78.00000     -2.939918514626778E-002
   79.00000     -2.862698328866224E-002
   80.00000     -2.849710455278807E-002
   81.00000     -2.787110542989402E-002
   82.00000     -2.713144509279507E-002
   83.00000     -2.640770126659008E-002
   84.00000     -2.569962827940089E-002
   85.00000     -2.500697616579164E-002
   86.00000     -2.432949308229447E-002
   87.00000     -2.366692611376514E-002
   88.00000     -2.301902185990659E-002
   89.00000     -2.238552693687304E-002
   90.00000     -2.176618842292984E-002
   91.00000     -2.116075425985410E-002
   92.00000     -2.056897362048654E-002
   93.00000     -1.999059726625968E-002
   94.00000     -1.942537801835843E-002
   95.00000     -1.887307313872019E-002
   96.00000     -1.856100366680102E-002
   97.00000     -1.833341662417790E-002
   98.00000     -1.780620911859236E-002
   99.00000     -1.729118579229409E-002
   100.0000     -1.678811598996915E-002
   101.0000     -1.629676793882420E-002
   102.0000     -1.581691262259534E-002
   103.0000     -1.534832412922647E-002
   104.0000     -1.489077978252596E-002
   105.0000     -1.444406022588930E-002
   106.0000     -1.400794948448579E-002
   107.0000     -1.358223501291082E-002
   108.0000     -1.316670773107093E-002
   109.0000     -1.276116204989516E-002
   110.0000     -1.236539588798283E-002
   111.0000     -1.197921068012807E-002
   112.0000     -1.160241137850842E-002
   113.0000     -1.123480644725935E-002
   114.0000     -1.087620785109102E-002
   115.0000     -1.052643103854749E-002
   116.0000     -1.018529492046786E-002
   117.0000     -9.852621844198751E-003
   118.0000     -9.528237564087039E-003
   119.0000     -9.211971208894580E-003
   120.0000     -8.903655247031241E-003
   121.0000     -8.603125451529775E-003
   122.0000     -8.310220870746541E-003
   123.0000     -8.024783832897805E-003
   124.0000     -7.746660225694977E-003
   125.0000     -7.475744223593380E-003
   126.0000     -7.463971768599447E-003
   127.0000     -7.211742041531861E-003
   128.0000     -6.954660171256987E-003
   129.0000     -6.704302555587560E-003
   130.0000     -6.460530285297055E-003
   131.0000     -6.223206840012460E-003
   132.0000     -5.992198438773961E-003
   133.0000     -5.767374042979629E-003
   134.0000     -5.548605317419277E-003
   135.0000     -5.335766582132622E-003
   136.0000     -5.128734761617258E-003
   137.0000     -4.927389333202659E-003
   138.0000     -4.731612275253446E-003
   139.0000     -4.541288015495576E-003
   140.0000     -4.356303379636223E-003
   141.0000     -4.176547540375497E-003
   142.0000     -4.001911966899368E-003
   143.0000     -3.832290374914977E-003
   144.0000     -3.667578677279672E-003
   145.0000     -3.507674935277795E-003
   146.0000     -3.352479310580795E-003
   147.0000     -3.201894017934374E-003
   148.0000     -3.055823278600787E-003
   149.0000     -2.914173274595357E-003
   150.0000     -2.776852103738896E-003
   151.0000     -2.643769735559121E-003
   152.0000     -2.514837968062655E-003
   153.0000     -2.389970385410176E-003
   154.0000     -2.269082316509490E-003
   155.0000     -2.152090794562505E-003
   156.0000     -2.038914517585752E-003
   157.0000     -1.929473809934608E-003
   158.0000     -1.823690584862331E-003
   159.0000     -1.721488308145267E-003
   160.0000     -1.622791962813926E-003
   161.0000     -1.527528015030151E-003
   162.0000     -1.435624381162097E-003
   163.0000     -1.347010396111341E-003
   164.0000     -1.261616782963508E-003
   165.0000     -1.179375624036372E-003
   166.0000     -1.100220333426761E-003
   167.0000     -1.024085631164103E-003
   168.0000     -9.509075191111816E-004
   169.0000     -8.806232587752709E-004
   170.0000     -8.131713512318035E-004
   171.0000     -7.484915194060385E-004
   172.0000     -6.865246930151657E-004
   173.0000     -6.272129965430838E-004
   174.0000     -5.704997407143692E-004
   175.0000     -5.163294180478853E-004
   176.0000     -4.646477032261378E-004
   177.0000     -4.154014592151079E-004
   178.0000     -3.685387503371173E-004
   179.0000     -3.240088638557082E-004
   180.0000     -2.817623421206053E-004
   181.0000     -2.417510279917620E-004
   182.0000     -2.039281272075512E-004
   183.0000     -1.682482927093286E-004
   184.0000     -1.346677379011655E-004
   185.0000     -1.031443887487200E-004
   186.0000     -7.363808909068835E-005
   187.0000     -4.611088055962304E-005
   188.0000     -2.052738991518711E-005
