  0.0000000E+00 -0.104995069767981     
   1.000000     -0.103874304992387     
   2.000000     -0.102761053326425     
   3.000000     -0.101655287039444     
   4.000000     -0.100556989389092     
   5.000000     -9.946614083047930E-002
   6.000000     -9.838272177412562E-002
   7.000000     -9.730671258577012E-002
   8.000000     -9.623809358619036E-002
   9.000000     -9.517684505099011E-002
   10.00000     -9.412294721044406E-002
   11.00000     -9.307638024926015E-002
   12.00000     -9.203712430642642E-002
   13.00000     -9.100515947573762E-002
   14.00000     -8.998046580190827E-002
   15.00000     -8.896302327447676E-002
   16.00000     -8.795281193359857E-002
   17.00000     -8.694981167466131E-002
   18.00000     -8.595400099104007E-002
   19.00000     -8.496536318086111E-002
   20.00000     -8.398388835379043E-002
   21.00000     -8.300949874580105E-002
   22.00000     -8.204218309733322E-002
   23.00000     -8.108241529782757E-002
   24.00000     -8.012937099654852E-002
   25.00000     -7.918097913945753E-002
   26.00000     -7.824509812783727E-002
   27.00000     -7.732320067689755E-002
   28.00000     -7.637842700054354E-002
   29.00000     -7.544534687507842E-002
   30.00000     -7.463583139251243E-002
   31.00000     -7.371301857502571E-002
   32.00000     -7.262038061466954E-002
   33.00000     -7.191575778244547E-002
   34.00000     -7.122077787396015E-002
   35.00000     -7.000125345878133E-002
   36.00000     -6.872819877588791E-002
   37.00000     -6.826287562397533E-002
   38.00000     -6.740414970539899E-002
   39.00000     -6.609930684831004E-002
   40.00000     -6.478978118940573E-002
   41.00000     -6.376486280266133E-002
   42.00000     -6.347699004581943E-002
   43.00000     -6.217640617647252E-002
   44.00000     -6.088076414448008E-002
   45.00000     -5.959445471112272E-002
   46.00000     -5.845152894384670E-002
   47.00000     -5.831707204717310E-002
   48.00000     -5.705565368441740E-002
   49.00000     -5.580627832808646E-002
   50.00000     -5.457139914666297E-002
   51.00000     -5.335190861507438E-002
   52.00000     -5.232994248072550E-002
   53.00000     -5.214795597507522E-002
   54.00000     -5.096153157920073E-002
   55.00000     -4.979193590046544E-002
   56.00000     -4.863990268578487E-002
   57.00000     -4.750577987906116E-002
   58.00000     -4.638984462332627E-002
   59.00000     -4.535884988587866E-002
   60.00000     -4.529180962698660E-002
   61.00000     -4.421319719319652E-002
   62.00000     -4.315282305381227E-002
   63.00000     -4.211114300081648E-002
   64.00000     -4.108818485038476E-002
   65.00000     -4.008393707938218E-002
   66.00000     -3.909835688529528E-002
   67.00000     -3.813137912736944E-002
   68.00000     -3.747573667697603E-002
   69.00000     -3.718282679772235E-002
   70.00000     -3.625274522690300E-002
   71.00000     -3.534087540173320E-002
   72.00000     -3.444708598863169E-002
   73.00000     -3.357120695933999E-002
   74.00000     -3.271305329153948E-002
   75.00000     -3.187242773570209E-002
   76.00000     -3.104912257222736E-002
   77.00000     -3.024292119663172E-002
   78.00000     -2.945360031278765E-002
   79.00000     -2.868098931744066E-002
   80.00000     -2.860846261924745E-002
   81.00000     -2.792464362126633E-002
   82.00000     -2.718455004435619E-002
   83.00000     -2.646037723822546E-002
   84.00000     -2.575187905090753E-002
   85.00000     -2.505880538868728E-002
   86.00000     -2.438090431259307E-002
   87.00000     -2.371792281978542E-002
   88.00000     -2.306960742559332E-002
   89.00000     -2.243570466396594E-002
   90.00000     -2.181596153287241E-002
   91.00000     -2.121012589600452E-002
   92.00000     -2.061794685186215E-002
   93.00000     -2.003917509823938E-002
   94.00000     -1.947356345160317E-002
   95.00000     -1.892087042714377E-002
   96.00000     -1.867362786038824E-002
   97.00000     -1.838082717771476E-002
   98.00000     -1.785323367119780E-002
   99.00000     -1.733782857655047E-002
   100.0000     -1.683437964298516E-002
   101.0000     -1.634265495227884E-002
   102.0000     -1.586242540431413E-002
   103.0000     -1.539346501370493E-002
   104.0000     -1.493555103419138E-002
   105.0000     -1.448846404064733E-002
   106.0000     -1.405198799073281E-002
   107.0000     -1.362591027232760E-002
   108.0000     -1.321002173931314E-002
   109.0000     -1.280411673722045E-002
   110.0000     -1.240799311984112E-002
   111.0000     -1.202145225771280E-002
   112.0000     -1.164429903928446E-002
   113.0000     -1.127634186546723E-002
   114.0000     -1.091739263823038E-002
   115.0000     -1.056726674384750E-002
   116.0000     -1.022578303135423E-002
   117.0000     -9.892763786772008E-003
   118.0000     -9.568034703660275E-003
   119.0000     -9.251424850684970E-003
   120.0000     -8.942766637291311E-003
   121.0000     -8.641895780044550E-003
   122.0000     -8.348651278549604E-003
   123.0000     -8.062875448934768E-003
   124.0000     -7.784414565417935E-003
   125.0000     -7.577904097660335E-003
   126.0000     -7.513102409200791E-003
   127.0000     -7.248823113792041E-003
   128.0000     -6.991405634601727E-003
   129.0000     -6.740713479707937E-003
   130.0000     -6.496607427452236E-003
   131.0000     -6.258950864729557E-003
   132.0000     -6.027609943163278E-003
   133.0000     -5.802453562364379E-003
   134.0000     -5.583353327025563E-003
   135.0000     -5.370183497655911E-003
   136.0000     -5.162820939370098E-003
   137.0000     -4.961145070070191E-003
   138.0000     -4.765037808534751E-003
   139.0000     -4.574383522661893E-003
   140.0000     -4.389068978020493E-003
   141.0000     -4.208983286795510E-003
   142.0000     -4.034017857215247E-003
   143.0000     -3.864066343517410E-003
   144.0000     -3.699024596507630E-003
   145.0000     -3.538790614758826E-003
   146.0000     -3.383264496489671E-003
   147.0000     -3.232348392161201E-003
   148.0000     -3.085946457826637E-003
   149.0000     -2.943964809260055E-003
   150.0000     -2.806311476896844E-003
   151.0000     -2.672896361611727E-003
   152.0000     -2.543631191354653E-003
   153.0000     -2.418429478676034E-003
   154.0000     -2.297206479158704E-003
   155.0000     -2.179879150781352E-003
   156.0000     -2.066366114241828E-003
   157.0000     -1.956587614259748E-003
   158.0000     -1.850465481888553E-003
   159.0000     -1.747923097868909E-003
   160.0000     -1.648885357051540E-003
   161.0000     -1.553278633932592E-003
   162.0000     -1.461030749341538E-003
   163.0000     -1.372070938334454E-003
   164.0000     -1.286329819349190E-003
   165.0000     -1.203739364695686E-003
   166.0000     -1.124232872461894E-003
   167.0000     -1.047744939937263E-003
   168.0000     -9.742114386710525E-004
   169.0000     -9.035694913120865E-004
   170.0000     -8.357574504050965E-004
   171.0000     -7.707148793570271E-004
   172.0000     -7.083825358363119E-004
   173.0000     -6.487023579299245E-004
   174.0000     -5.916174534582742E-004
   175.0000     -5.370720929515054E-004
   176.0000     -4.850117069170913E-004
   177.0000     -4.353828881993922E-004
   178.0000     -3.881334004552290E-004
   179.0000     -3.432121940651107E-004
   180.0000     -3.005694312064422E-004
   181.0000     -2.601565223639759E-004
   182.0000     -2.219261773234932E-004
   183.0000     -1.858324747816483E-004
   184.0000     -1.518309562740956E-004
   185.0000     -1.198787524323771E-004
   186.0000     -8.993475306043710E-005
   187.0000     -6.195983790792385E-005
   188.0000     -3.591719361403452E-005
   189.0000     -1.177275651040099E-005
