  0.0000000E+00 -0.106849117252101     
   1.000000     -0.105723456387621     
   2.000000     -0.104605298307055     
   3.000000     -0.103494615114838     
   4.000000     -0.102391390066829     
   5.000000     -0.101295603575316     
   6.000000     -0.100207236007786     
   7.000000     -9.912626768673558E-002
   8.000000     -9.805267888948944E-002
   9.000000     -9.698644984800131E-002
   10.00000     -9.592756074866549E-002
   11.00000     -9.487599173211578E-002
   12.00000     -9.383172289311566E-002
   13.00000     -9.279473428084169E-002
   14.00000     -9.176500589308696E-002
   15.00000     -9.074251768528824E-002
   16.00000     -8.972724966934034E-002
   17.00000     -8.871918143816902E-002
   18.00000     -8.771829183335456E-002
   19.00000     -8.672456695323508E-002
   20.00000     -8.573798562202968E-002
   21.00000     -8.475846154248154E-002
   22.00000     -8.378611119611923E-002
   23.00000     -8.282125955329100E-002
   24.00000     -8.186235455884464E-002
   25.00000     -8.090945999396885E-002
   26.00000     -7.997186484945605E-002
   27.00000     -7.903781320918885E-002
   28.00000     -7.808003150164305E-002
   29.00000     -7.718027249962681E-002
   30.00000     -7.635258813212756E-002
   31.00000     -7.534272164621007E-002
   32.00000     -7.428929056384873E-002
   33.00000     -7.378867015472287E-002
   34.00000     -7.278643906399081E-002
   35.00000     -7.152433655265969E-002
   36.00000     -7.039346953835905E-002
   37.00000     -7.017242481224119E-002
   38.00000     -6.889008146873724E-002
   39.00000     -6.756801427167226E-002
   40.00000     -6.624557554809063E-002
   41.00000     -6.587554852276756E-002
   42.00000     -6.491911712976937E-002
   43.00000     -6.360290379755110E-002
   44.00000     -6.229406732845500E-002
   45.00000     -6.099528482782150E-002
   46.00000     -6.059292339233858E-002
   47.00000     -5.970636989291708E-002
   48.00000     -5.843118244072681E-002
   49.00000     -5.716964283516826E-002
   50.00000     -5.592283199920467E-002
   51.00000     -5.469190939069461E-002
   52.00000     -5.449856357678037E-002
   53.00000     -5.347635604472529E-002
   54.00000     -5.227818497892022E-002
   55.00000     -5.109730519126347E-002
   56.00000     -4.993414616991302E-002
   57.00000     -4.878904674051033E-002
   58.00000     -4.766251229220892E-002
   59.00000     -4.755266117151687E-002
   60.00000     -4.655391227787590E-002
   61.00000     -4.546431369228571E-002
   62.00000     -4.439346905494069E-002
   63.00000     -4.334144421412282E-002
   64.00000     -4.230825946730544E-002
   65.00000     -4.129390024814981E-002
   66.00000     -4.029832822054980E-002
   67.00000     -3.969509851663789E-002
   68.00000     -3.932138722039569E-002
   69.00000     -3.836313129332995E-002
   70.00000     -3.742333469004187E-002
   71.00000     -3.650187500373037E-002
   72.00000     -3.559859515931827E-002
   73.00000     -3.471332145924925E-002
   74.00000     -3.384586640483218E-002
   75.00000     -3.299603061651072E-002
   76.00000     -3.216360472990485E-002
   77.00000     -3.134837425613719E-002
   78.00000     -3.085272946458279E-002
   79.00000     -3.055006997577248E-002
   80.00000     -2.976853916402026E-002
   81.00000     -2.900348824998900E-002
   82.00000     -2.825468384408967E-002
   83.00000     -2.752187970823215E-002
   84.00000     -2.680482603678316E-002
   85.00000     -2.610327068183706E-002
   86.00000     -2.541695989974741E-002
   87.00000     -2.474563896947050E-002
   88.00000     -2.408905273938119E-002
   89.00000     -2.344694612133145E-002
   90.00000     -2.281906454866552E-002
   91.00000     -2.220515444638389E-002
   92.00000     -2.160496406558227E-002
   93.00000     -2.101826639144934E-002
   94.00000     -2.094271696731775E-002
   95.00000     -2.044472614965232E-002
   96.00000     -1.988419449858109E-002
   97.00000     -1.933638805889220E-002
   98.00000     -1.880106594325966E-002
   99.00000     -1.827798888438394E-002
   100.0000     -1.776692030024741E-002
   101.0000     -1.726762654318804E-002
   102.0000     -1.677987704273082E-002
   103.0000     -1.630344441316312E-002
   104.0000     -1.583810454042871E-002
   105.0000     -1.538363665313435E-002
   106.0000     -1.493982337999526E-002
   107.0000     -1.450645079528031E-002
   108.0000     -1.408330845345394E-002
   109.0000     -1.367018941406878E-002
   110.0000     -1.326689025782957E-002
   111.0000     -1.287321109468505E-002
   112.0000     -1.248895556477377E-002
   113.0000     -1.211393083303722E-002
   114.0000     -1.174794757847519E-002
   115.0000     -1.139081997953413E-002
   116.0000     -1.104236569913127E-002
   117.0000     -1.070240588204500E-002
   118.0000     -1.037076524050368E-002
   119.0000     -1.004727339597284E-002
   120.0000     -9.872145294407773E-003
   121.0000     -9.731747796947205E-003
   122.0000     -9.424047261721996E-003
   123.0000     -9.123994192281574E-003
   124.0000     -8.831432069568414E-003
   125.0000     -8.546205331984053E-003
   126.0000     -8.268161361774889E-003
   127.0000     -7.997150577580322E-003
   128.0000     -7.733026412007481E-003
   129.0000     -7.475645268752198E-003
   130.0000     -7.224866473914467E-003
   131.0000     -6.980552225050314E-003
   132.0000     -6.742567539130655E-003
   133.0000     -6.510780199911798E-003
   134.0000     -6.285060704977632E-003
   135.0000     -6.065282212643385E-003
   136.0000     -5.851320488843799E-003
   137.0000     -5.643053854121731E-003
   138.0000     -5.440363130803027E-003
   139.0000     -5.243131590443131E-003
   140.0000     -5.051244901611462E-003
   141.0000     -4.864591078078418E-003
   142.0000     -4.683060427460313E-003
   143.0000     -4.506545500369687E-003
   144.0000     -4.334941040117060E-003
   145.0000     -4.168143932999657E-003
   146.0000     -4.006053159212969E-003
   147.0000     -3.848569744413828E-003
   148.0000     -3.695596711960685E-003
   149.0000     -3.547039035851453E-003
   150.0000     -3.402803594381175E-003
   151.0000     -3.262799124531967E-003
   152.0000     -3.126936177109333E-003
   153.0000     -2.995127072637011E-003
   154.0000     -2.867285858015598E-003
   155.0000     -2.743328263955005E-003
   156.0000     -2.623171663181999E-003
   157.0000     -2.506735029427712E-003
   158.0000     -2.393938897196704E-003
   159.0000     -2.284705322316674E-003
   160.0000     -2.178957843267777E-003
   161.0000     -2.076621443292192E-003
   162.0000     -1.977622513277533E-003
   163.0000     -1.881888815412931E-003
   164.0000     -1.789349447615161E-003
   165.0000     -1.699934808716629E-003
   166.0000     -1.613576564414255E-003
   167.0000     -1.530207613973202E-003
   168.0000     -1.449762057680610E-003
   169.0000     -1.372175165046123E-003
   170.0000     -1.297383343743844E-003
   171.0000     -1.225324109293739E-003
   172.0000     -1.155936055479044E-003
   173.0000     -1.089158825499670E-003
   174.0000     -1.024933083859596E-003
   175.0000     -9.632004889921709E-004
   176.0000     -9.039036666265178E-004
   177.0000     -8.469861839006842E-004
   178.0000     -7.923925242332282E-004
   179.0000     -7.400680629660258E-004
   180.0000     -6.899590437972988E-004
   181.0000     -6.420125560297993E-004
   182.0000     -5.961765126665110E-004
   183.0000     -5.523996293960540E-004
   184.0000     -5.106314045187509E-004
   185.0000     -4.708220998839837E-004
   186.0000     -4.329227229221831E-004
   187.0000     -3.968850098810375E-004
   188.0000     -3.626614104052728E-004
   189.0000     -3.302050736360197E-004
   190.0000     -2.994698360572712E-004
   191.0000     -2.704102113826148E-004
   192.0000     -2.429813828628444E-004
   193.0000     -2.171391985138061E-004
   194.0000     -1.928401699252791E-004
   195.0000     -1.700414755365636E-004
   196.0000     -1.487009695768290E-004
   197.0000     -1.287771983230171E-004
   198.0000     -1.102294259808669E-004
   199.0000     -9.301767347832357E-005
   200.0000     -7.710277495443021E-005
   201.0000     -6.244645907687499E-005
   202.0000     -4.901146612645735E-005
   203.0000     -3.676171818690914E-005
   204.0000     -2.566257101577268E-005
   205.0000     -1.568119696285339E-005
   206.0000     -6.787189300417716E-006
