  0.0000000E+00 -0.107548518146039     
   1.000000     -0.106421018809464     
   2.000000     -0.105301010039609     
   3.000000     -0.104188480557351     
   4.000000     -0.103083402569302     
   5.000000     -0.101985759217235     
   6.000000     -0.100895530853097     
   7.000000     -9.981269778377830E-002
   8.000000     -9.873724027092796E-002
   9.000000     -9.766913853075709E-002
   10.00000     -9.660837273385116E-002
   11.00000     -9.555492300495363E-002
   12.00000     -9.450876942293612E-002
   13.00000     -9.346989202081692E-002
   14.00000     -9.243827077968937E-002
   15.00000     -9.141388564446674E-002
   16.00000     -9.039671660752088E-002
   17.00000     -8.938674314651783E-002
   18.00000     -8.838394440585517E-002
   19.00000     -8.738830714862371E-002
   20.00000     -8.639980464233558E-002
   21.00000     -8.541835459129582E-002
   22.00000     -8.444412044249235E-002
   23.00000     -8.347730995259882E-002
   24.00000     -8.251621018623916E-002
   25.00000     -8.156193245297963E-002
   26.00000     -8.062324044338326E-002
   27.00000     -7.968363261154782E-002
   28.00000     -7.872395495651546E-002
   29.00000     -7.783799152400232E-002
   30.00000     -7.699152225851034E-002
   31.00000     -7.595549278549435E-002
   32.00000     -7.495379229511549E-002
   33.00000     -7.445880225957204E-002
   34.00000     -7.337126717372953E-002
   35.00000     -7.209858710320149E-002
   36.00000     -7.115419986005254E-002
   37.00000     -7.075823870927557E-002
   38.00000     -6.944961564970036E-002
   39.00000     -6.812157830452899E-002
   40.00000     -6.679969610701136E-002
   41.00000     -6.666633919058500E-002
   42.00000     -6.546204046547124E-002
   43.00000     -6.414059906418489E-002
   44.00000     -6.282683018780445E-002
   45.00000     -6.152468908081448E-002
   46.00000     -6.139927712137688E-002
   47.00000     -6.022959727964545E-002
   48.00000     -5.894971267354192E-002
   49.00000     -5.768360145128586E-002
   50.00000     -5.643230682157650E-002
   51.00000     -5.531742451644597E-002
   52.00000     -5.519581106784563E-002
   53.00000     -5.397703813059547E-002
   54.00000     -5.277455055090781E-002
   55.00000     -5.158942361308005E-002
   56.00000     -5.042207529645333E-002
   57.00000     -4.927284699067964E-002
   58.00000     -4.838032938711895E-002
   59.00000     -4.814179197950815E-002
   60.00000     -4.702958795240618E-002
   61.00000     -4.593599589644283E-002
   62.00000     -4.486120912730283E-002
   63.00000     -4.380528822892464E-002
   64.00000     -4.276825193375457E-002
   65.00000     -4.175008545668689E-002
   66.00000     -4.075078327565613E-002
   67.00000     -4.053167717394968E-002
   68.00000     -3.977009303673048E-002
   69.00000     -3.880813460285506E-002
   70.00000     -3.786468836817963E-002
   71.00000     -3.693961777490467E-002
   72.00000     -3.603276412768130E-002
   73.00000     -3.514395274038592E-002
   74.00000     -3.427299527974752E-002
   75.00000     -3.341969169189395E-002
   76.00000     -3.258383274050818E-002
   77.00000     -3.176527421672733E-002
   78.00000     -3.169864016735303E-002
   79.00000     -3.096353500258702E-002
   80.00000     -3.017865649100079E-002
   81.00000     -2.941029699738686E-002
   82.00000     -2.865821456918224E-002
   83.00000     -2.792216181655404E-002
   84.00000     -2.720188817401285E-002
   85.00000     -2.649714081271004E-002
   86.00000     -2.580766533902068E-002
   87.00000     -2.513320640188392E-002
   88.00000     -2.447350823850226E-002
   89.00000     -2.382831517625726E-002
   90.00000     -2.319737212955121E-002
   91.00000     -2.258042532887629E-002
   92.00000     -2.197722969714275E-002
   93.00000     -2.179814058682096E-002
   94.00000     -2.138749588180081E-002
   95.00000     -2.081102545919210E-002
   96.00000     -2.024754614190336E-002
   97.00000     -1.969681469126536E-002
   98.00000     -1.915858867760903E-002
   99.00000     -1.863262815870886E-002
   100.0000     -1.811869598993213E-002
   101.0000     -1.761655799226464E-002
   102.0000     -1.712598307824401E-002
   103.0000     -1.664674335455008E-002
   104.0000     -1.617861420703627E-002
   105.0000     -1.572137437087353E-002
   106.0000     -1.527480598753288E-002
   107.0000     -1.483869464993399E-002
   108.0000     -1.441282943690006E-002
   109.0000     -1.399700293793050E-002
   110.0000     -1.359101126924817E-002
   111.0000     -1.319465408204538E-002
   112.0000     -1.280773456394169E-002
   113.0000     -1.243005943504501E-002
   114.0000     -1.206143894142646E-002
   115.0000     -1.170168685494842E-002
   116.0000     -1.135062052535459E-002
   117.0000     -1.100806147898813E-002
   118.0000     -1.073703439391194E-002
   119.0000     -1.067381637167902E-002
   120.0000     -1.034775373992096E-002
   121.0000     -1.002967047573220E-002
   122.0000     -9.719409294167690E-003
   123.0000     -9.416807971181673E-003
   124.0000     -9.121707203795831E-003
   125.0000     -8.833950808015743E-003
   126.0000     -8.553385711686051E-003
   127.0000     -8.279861916415046E-003
   128.0000     -8.013232451321474E-003
   129.0000     -7.753353323641065E-003
   130.0000     -7.500083467751637E-003
   131.0000     -7.253284693254604E-003
   132.0000     -7.012821632446584E-003
   133.0000     -6.778561687398155E-003
   134.0000     -6.550374976801327E-003
   135.0000     -6.328134282713376E-003
   136.0000     -6.111714997315929E-003
   137.0000     -5.900995069779347E-003
   138.0000     -5.695854953322109E-003
   139.0000     -5.496177552542843E-003
   140.0000     -5.301848171091507E-003
   141.0000     -5.112754459741860E-003
   142.0000     -4.928786364919103E-003
   143.0000     -4.749836077732049E-003
   144.0000     -4.575797983552220E-003
   145.0000     -4.406568612177155E-003
   146.0000     -4.242046588611737E-003
   147.0000     -4.082132584496487E-003
   148.0000     -3.926729270206847E-003
   149.0000     -3.775741267646277E-003
   150.0000     -3.629075103749969E-003
   151.0000     -3.486639164715026E-003
   152.0000     -3.348343650969889E-003
   153.0000     -3.214100532889695E-003
   154.0000     -3.083823507271803E-003
   155.0000     -2.957427954567807E-003
   156.0000     -2.834830896883074E-003
   157.0000     -2.715950956742268E-003
   158.0000     -2.600708316620477E-003
   159.0000     -2.489024679240680E-003
   160.0000     -2.380823228632470E-003
   161.0000     -2.276028591950149E-003
   162.0000     -2.174566802044637E-003
   163.0000     -2.076365260783114E-003
   164.0000     -1.981352703109465E-003
   165.0000     -1.889459161839297E-003
   166.0000     -1.800615933180530E-003
   167.0000     -1.714755542969374E-003
   168.0000     -1.631811713615874E-003
   169.0000     -1.551719331746559E-003
   170.0000     -1.474414416534077E-003
   171.0000     -1.399834088705508E-003
   172.0000     -1.327916540216705E-003
   173.0000     -1.258601004582147E-003
   174.0000     -1.191827727850386E-003
   175.0000     -1.127537940211654E-003
   176.0000     -1.065673828229172E-003
   177.0000     -1.006178507680474E-003
   178.0000     -9.489959969986491E-004
   179.0000     -8.940711913026059E-004
   180.0000     -8.413498370047640E-004
   181.0000     -7.907785069848708E-004
   182.0000     -7.423045763209589E-004
   183.0000     -6.958761985655187E-004
   184.0000     -6.514422825575646E-004
   185.0000     -6.089524697617721E-004
   186.0000     -5.683571121242835E-004
   187.0000     -5.296072504387685E-004
   188.0000     -4.926545932137839E-004
   189.0000     -4.574514960361854E-004
   190.0000     -4.239509414245032E-004
   191.0000     -3.921065191693940E-004
   192.0000     -3.618724071581795E-004
   193.0000     -3.332033526853698E-004
   194.0000     -3.060546542508465E-004
   195.0000     -2.803821438534024E-004
   196.0000     -2.561421697905922E-004
   197.0000     -2.332915799819286E-004
   198.0000     -2.117877058400551E-004
   199.0000     -1.915883467246335E-004
   200.0000     -1.726517550253908E-004
   201.0000     -1.549366219398308E-004
   202.0000     -1.384020640331013E-004
   203.0000     -1.230076107000822E-004
   204.0000     -1.087131926939901E-004
   205.0000     -9.547913194815452E-005
   206.0000     -8.326613300700646E-005
   207.0000     -7.203527651260334E-005
   208.0000     -6.174801538610957E-005
   209.0000     -5.236617463815149E-005
   210.0000     -4.385195619877765E-005
   211.0000     -3.616795089281784E-005
   212.0000     -2.927716090111935E-005
   213.0000     -2.314303813960092E-005
   214.0000     -1.772954775221000E-005
   215.0000     -1.300127306503417E-005
   216.0000     -8.923592868729920E-006
   217.0000     -5.462993960205618E-006
   218.0000     -2.587660936036879E-006
   219.0000     -2.687124825579485E-007
