  0.0000000E+00 -0.101949414223948     
   1.000000     -0.100836742988330     
   2.000000     -9.973159688620983E-002
   3.000000     -9.863395653678371E-002
   4.000000     -9.754380251546188E-002
   5.000000     -9.646111535368351E-002
   6.000000     -9.538587553872900E-002
   7.000000     -9.431806351354288E-002
   8.000000     -9.325765967654241E-002
   9.000000     -9.220464438143372E-002
   10.00000     -9.115899793702942E-002
   11.00000     -9.012070060705170E-002
   12.00000     -8.908973260987361E-002
   13.00000     -8.806607411889859E-002
   14.00000     -8.704970526251668E-002
   15.00000     -8.604060610823477E-002
   16.00000     -8.503875671033352E-002
   17.00000     -8.404413728725636E-002
   18.00000     -8.305672692679232E-002
   19.00000     -8.207650420477372E-002
   20.00000     -8.110346304094700E-002
   21.00000     -8.013757211285479E-002
   22.00000     -7.917869552255424E-002
   23.00000     -7.822711216241832E-002
   24.00000     -7.728326795088743E-002
   25.00000     -7.634451531334416E-002
   26.00000     -7.541165588515827E-002
   27.00000     -7.449847506208100E-002
   28.00000     -7.358597974068160E-002
   29.00000     -7.263856551743718E-002
   30.00000     -7.176661055480195E-002
   31.00000     -7.098439837943038E-002
   32.00000     -6.997874719799407E-002
   33.00000     -6.889945098104965E-002
   34.00000     -6.844041368572926E-002
   35.00000     -6.748685834580578E-002
   36.00000     -6.624679266643289E-002
   37.00000     -6.500290351759778E-002
   38.00000     -6.481203519445335E-002
   39.00000     -6.368167539253708E-002
   40.00000     -6.239707987850538E-002
   41.00000     -6.111254038701242E-002
   42.00000     -6.028222605002789E-002
   43.00000     -5.982869718478289E-002
   44.00000     -5.855580602349079E-002
   45.00000     -5.729070827385598E-002
   46.00000     -5.603616985728051E-002
   47.00000     -5.492524499333060E-002
   48.00000     -5.479180369705650E-002
   49.00000     -5.356374736733718E-002
   50.00000     -5.234858872991151E-002
   51.00000     -5.114846018950429E-002
   52.00000     -4.996413216405347E-002
   53.00000     -4.879794224194827E-002
   54.00000     -4.875925818163981E-002
   55.00000     -4.764501244816063E-002
   56.00000     -4.651132988972891E-002
   57.00000     -4.539530559741396E-002
   58.00000     -4.429723153216154E-002
   59.00000     -4.321732802973062E-002
   60.00000     -4.215578985570319E-002
   61.00000     -4.174866002134333E-002
   62.00000     -4.111253794840357E-002
   63.00000     -4.008792059086437E-002
   64.00000     -3.908181572167295E-002
   65.00000     -3.809423176601966E-002
   66.00000     -3.712513180767942E-002
   67.00000     -3.617444947699293E-002
   68.00000     -3.524209373316999E-002
   69.00000     -3.432795907951570E-002
   70.00000     -3.382516874360865E-002
   71.00000     -3.343183688998842E-002
   72.00000     -3.255370618295279E-002
   73.00000     -3.169331515135786E-002
   74.00000     -3.085049567364588E-002
   75.00000     -3.002505529142503E-002
   76.00000     -2.921679001423579E-002
   77.00000     -2.842548649904555E-002
   78.00000     -2.765092349248345E-002
   79.00000     -2.689287309026485E-002
   80.00000     -2.615110205628852E-002
   81.00000     -2.542537510548981E-002
   82.00000     -2.491721374754140E-002
   83.00000     -2.471540963253775E-002
   84.00000     -2.402104559868586E-002
   85.00000     -2.334197163324223E-002
   86.00000     -2.267795243499678E-002
   87.00000     -2.202873872672426E-002
   88.00000     -2.139408002764275E-002
   89.00000     -2.077372569825602E-002
   90.00000     -2.016742547879141E-002
   91.00000     -1.957492991299076E-002
   92.00000     -1.899599071463927E-002
   93.00000     -1.843036109223632E-002
   94.00000     -1.787779603871906E-002
   95.00000     -1.733805259138411E-002
   96.00000     -1.681089006867362E-002
   97.00000     -1.629607030062261E-002
   98.00000     -1.579335793453390E-002
   99.00000     -1.530252174153079E-002
   100.0000     -1.494132430364493E-002
   101.0000     -1.482330811255664E-002
   102.0000     -1.435554256129522E-002
   103.0000     -1.389896066701105E-002
   104.0000     -1.345335143775393E-002
   105.0000     -1.301849831310745E-002
   106.0000     -1.259418767999308E-002
   107.0000     -1.218020925559902E-002
   108.0000     -1.177635618119413E-002
   109.0000     -1.138242506409452E-002
   110.0000     -1.099821600054593E-002
   111.0000     -1.062353258734701E-002
   112.0000     -1.025818192496303E-002
   113.0000     -9.901974613543882E-003
   114.0000     -9.554724742742103E-003
   115.0000     -9.216249876051547E-003
   116.0000     -8.886371030260467E-003
   117.0000     -8.564912650549887E-003
   118.0000     -8.251702581713486E-003
   119.0000     -7.946572035934621E-003
   120.0000     -7.649355557510814E-003
   121.0000     -7.359890984896009E-003
   122.0000     -7.078019410397083E-003
   123.0000     -6.803585137826205E-003
   124.0000     -6.536435638403467E-003
   125.0000     -6.276421505172784E-003
   126.0000     -6.023396406177481E-003
   127.0000     -5.777217036637841E-003
   128.0000     -5.537743070369832E-003
   129.0000     -5.304837110699645E-003
   130.0000     -5.078364641216086E-003
   131.0000     -4.858193976929284E-003
   132.0000     -4.644196217172904E-003
   133.0000     -4.436245204512887E-003
   134.0000     -4.234217508696037E-003
   135.0000     -4.037992577552161E-003
   136.0000     -3.847458108578897E-003
   137.0000     -3.804249071233619E-003
   138.0000     -3.662473127214622E-003
   139.0000     -3.482956121191561E-003
   140.0000     -3.308782103408934E-003
   141.0000     -3.139843463606258E-003
   142.0000     -2.976034204254819E-003
   143.0000     -2.817250524115077E-003
   144.0000     -2.663390845305185E-003
   145.0000     -2.514355786314323E-003
   146.0000     -2.370048125127095E-003
   147.0000     -2.230372760550376E-003
   148.0000     -2.095236673909119E-003
   149.0000     -1.964548891906283E-003
   150.0000     -1.838220451032585E-003
   151.0000     -1.716164363794776E-003
   152.0000     -1.598295586998205E-003
   153.0000     -1.484530992323098E-003
   154.0000     -1.374789339456857E-003
   155.0000     -1.268991252089269E-003
   156.0000     -1.167059197123827E-003
   157.0000     -1.068917467530488E-003
   158.0000     -9.744921693486892E-004
   159.0000     -8.837112134596724E-004
   160.0000     -7.965043128834829E-004
   161.0000     -7.128029865363993E-004
   162.0000     -6.325405706091733E-004
   163.0000     -5.556522390259070E-004
   164.0000     -4.820750348317485E-004
   165.0000     -4.117479148758470E-004
   166.0000     -3.446118108491016E-004
   167.0000     -2.806097106852761E-004
   168.0000     -2.196867656366115E-004
   169.0000     -1.617904301726067E-004
   170.0000     -1.068706444674632E-004
   171.0000     -5.488007306542502E-005
   172.0000     -5.774419006689347E-006
