  0.0000000E+00 -0.105145081726071     
   1.000000     -0.104023919850776     
   2.000000     -0.102910270520339     
   3.000000     -0.101804105573417     
   4.000000     -0.100705408406497     
   5.000000     -9.961415947112541E-002
   6.000000     -9.853033917424162E-002
   7.000000     -9.745392787798064E-002
   8.000000     -9.638490589950033E-002
   9.000000     -9.532325351076763E-002
   10.00000     -9.426895093839738E-002
   11.00000     -9.322197836342136E-002
   12.00000     -9.218231592113928E-002
   13.00000     -9.114994370163136E-002
   14.00000     -9.012484174568904E-002
   15.00000     -8.910699003971689E-002
   16.00000     -8.809636862257304E-002
   17.00000     -8.709295736689025E-002
   18.00000     -8.609673477020581E-002
   19.00000     -8.510768438850623E-002
   20.00000     -8.412579565574588E-002
   21.00000     -8.315098925655937E-002
   22.00000     -8.218326357169306E-002
   23.00000     -8.122308928573155E-002
   24.00000     -8.026957354940752E-002
   25.00000     -7.932077192654258E-002
   26.00000     -7.838478843968183E-002
   27.00000     -7.746208490238536E-002
   28.00000     -7.651592450483452E-002
   29.00000     -7.558504077658773E-002
   30.00000     -7.477593394567579E-002
   31.00000     -7.384542371193531E-002
   32.00000     -7.275216917005881E-002
   33.00000     -7.207012059633813E-002
   34.00000     -7.134878861742630E-002
   35.00000     -7.012460537440386E-002
   36.00000     -6.885144223051357E-002
   37.00000     -6.842904253244314E-002
   38.00000     -6.752457868564771E-002
   39.00000     -6.621821499049634E-002
   40.00000     -6.490753513947480E-002
   41.00000     -6.393549539782795E-002
   42.00000     -6.359407200149074E-002
   43.00000     -6.229188735439595E-002
   44.00000     -6.099517053354180E-002
   45.00000     -5.970782856257549E-002
   46.00000     -5.862447004751617E-002
   47.00000     -5.842995833819781E-002
   48.00000     -5.716700097809150E-002
   49.00000     -5.591663825899509E-002
   50.00000     -5.468079170059019E-002
   51.00000     -5.346035291558357E-002
   52.00000     -5.250542610880420E-002
   53.00000     -5.225556833015414E-002
   54.00000     -5.106810825750996E-002
   55.00000     -4.989759788510476E-002
   56.00000     -4.874466336886757E-002
   57.00000     -4.760965118901406E-002
   58.00000     -4.649283921651195E-002
   59.00000     -4.553625220387630E-002
   60.00000     -4.539416684340999E-002
   61.00000     -4.431446552341062E-002
   62.00000     -4.325324283891147E-002
   63.00000     -4.221072484807631E-002
   64.00000     -4.118693836563447E-002
   65.00000     -4.018187154077740E-002
   66.00000     -3.919548144438087E-002
   67.00000     -3.822770463709277E-002
   68.00000     -3.765537443672106E-002
   69.00000     -3.727836565913877E-002
   70.00000     -3.634749085312622E-002
   71.00000     -3.543484403477223E-002
   72.00000     -3.454028582289900E-002
   73.00000     -3.366364575609118E-002
   74.00000     -3.280473859034275E-002
   75.00000     -3.196336689241402E-002
   76.00000     -3.113932277993831E-002
   77.00000     -3.033238953156436E-002
   78.00000     -2.954234409256021E-002
   79.00000     -2.879043539771139E-002
   80.00000     -2.876869843171592E-002
   81.00000     -2.801195705649595E-002
   82.00000     -2.727115723451533E-002
   83.00000     -2.654628496028549E-002
   84.00000     -2.583709345996021E-002
   85.00000     -2.514333244104749E-002
   86.00000     -2.446474981077107E-002
   87.00000     -2.380109242392515E-002
   88.00000     -2.315210665860534E-002
   89.00000     -2.251753891500528E-002
   90.00000     -2.189713606049820E-002
   91.00000     -2.129064583201118E-002
   92.00000     -2.069781720823874E-002
   93.00000     -2.011840078894837E-002
   94.00000     -1.955214942971441E-002
   95.00000     -1.899882693447685E-002
   96.00000     -1.885729593829098E-002
   97.00000     -1.845814834286137E-002
   98.00000     -1.792992681846745E-002
   99.00000     -1.741389935457316E-002
   100.0000     -1.690983232030371E-002
   101.0000     -1.641749359322025E-002
   102.0000     -1.593665394111360E-002
   103.0000     -1.546708726031377E-002
   104.0000     -1.500857069088675E-002
   105.0000     -1.456088469636948E-002
   106.0000     -1.412381312467099E-002
   107.0000     -1.369714325519738E-002
   108.0000     -1.328066583448242E-002
   109.0000     -1.287417510173951E-002
   110.0000     -1.247746880540888E-002
   111.0000     -1.209034821159395E-002
   112.0000     -1.171261810518114E-002
   113.0000     -1.134408678435862E-002
   114.0000     -1.098456604918096E-002
   115.0000     -1.063387118479968E-002
   116.0000     -1.029182093992196E-002
   117.0000     -9.958237501076236E-003
   118.0000     -9.632946463300917E-003
   119.0000     -9.315776798083092E-003
   120.0000     -9.006560820101277E-003
   121.0000     -8.705134157119187E-003
   122.0000     -8.411335741218707E-003
   123.0000     -8.125007949455143E-003
   124.0000     -7.846000425427676E-003
   125.0000     -7.763603621248730E-003
   126.0000     -7.574140736782546E-003
   127.0000     -7.309308447235622E-003
   128.0000     -7.051344455370121E-003
   129.0000     -6.800107283218167E-003
   130.0000     -6.555457437046976E-003
   131.0000     -6.317258176899161E-003
   132.0000     -6.085375550160160E-003
   133.0000     -5.859678357987628E-003
   134.0000     -5.640038108513263E-003
   135.0000     -5.426328966350577E-003
   136.0000     -5.218427700896202E-003
   137.0000     -5.016213634262388E-003
   138.0000     -4.819568589214615E-003
   139.0000     -4.628376837296962E-003
   140.0000     -4.442525047277328E-003
   141.0000     -4.261902233996851E-003
   142.0000     -4.086399707695780E-003
   143.0000     -3.915911023874173E-003
   144.0000     -3.750331933743589E-003
   145.0000     -3.589560335306797E-003
   146.0000     -3.433496225111883E-003
   147.0000     -3.282041650715033E-003
   148.0000     -3.135100663881560E-003
   149.0000     -2.992579274558582E-003
   150.0000     -2.854385405643076E-003
   151.0000     -2.720428848569722E-003
   152.0000     -2.590621219745185E-003
   153.0000     -2.464875917845566E-003
   154.0000     -2.343108082002903E-003
   155.0000     -2.225234550897274E-003
   156.0000     -2.111173822779517E-003
   157.0000     -2.000846016441464E-003
   158.0000     -1.894172833161486E-003
   159.0000     -1.791077519646571E-003
   160.0000     -1.691484831999787E-003
   161.0000     -1.595321000743460E-003
   162.0000     -1.502513696934154E-003
   163.0000     -1.412991999409068E-003
   164.0000     -1.326686363213094E-003
   165.0000     -1.243528589260485E-003
   166.0000     -1.163451795301679E-003
   167.0000     -1.086390388270970E-003
   168.0000     -1.012280038113328E-003
   169.0000     -9.410576532062057E-004
   170.0000     -8.726613575131028E-004
   171.0000     -8.070304696435818E-004
   172.0000     -7.441054840228625E-004
   173.0000     -6.838280544306720E-004
   174.0000     -6.261409802219653E-004
   175.0000     -5.709881956234952E-004
   176.0000     -5.183147625964213E-004
   177.0000     -4.680668678827062E-004
   178.0000     -4.201918250210173E-004
   179.0000     -3.746380823382046E-004
   180.0000     -3.313552382161375E-004
   181.0000     -2.902940653366252E-004
   182.0000     -2.514065461539963E-004
   183.0000     -2.146459226137183E-004
   184.0000     -1.799667642215090E-004
   185.0000     -1.473250601425918E-004
   186.0000     -1.166783433320845E-004
   187.0000     -8.798585821416509E-005
   188.0000     -6.120878888778005E-005
   189.0000     -3.631057359830898E-005
   190.0000     -1.325734577508578E-005
