  0.0000000E+00 -0.100897395563335     
   1.000000     -9.978753310612311E-002
   2.000000     -9.868520197310549E-002
   3.000000     -9.759038281128724E-002
   4.000000     -9.650305622408537E-002
   5.000000     -9.542320277111480E-002
   6.000000     -9.435080296801576E-002
   7.000000     -9.328583728627431E-002
   8.000000     -9.222828615303483E-002
   9.000000     -9.117812995091652E-002
   10.00000     -9.013534901783291E-002
   11.00000     -8.909992364679747E-002
   12.00000     -8.807183408568352E-002
   13.00000     -8.705105817256384E-002
   14.00000     -8.603758316079499E-002
   15.00000     -8.503138205590301E-002
   16.00000     -8.403243728533341E-002
   17.00000     -8.304072911012519E-002
   18.00000     -8.205623699054328E-002
   19.00000     -8.107893854675234E-002
   20.00000     -8.010882536269474E-002
   21.00000     -7.914588198411585E-002
   22.00000     -7.818996686933238E-002
   23.00000     -7.724122688829485E-002
   24.00000     -7.630035875735149E-002
   25.00000     -7.536525656283079E-002
   26.00000     -7.443441592728126E-002
   27.00000     -7.352151879813415E-002
   28.00000     -7.261886121225114E-002
   29.00000     -7.167906789708703E-002
   30.00000     -7.077756279771563E-002
   31.00000     -7.001701707298288E-002
   32.00000     -6.906679205467574E-002
   33.00000     -6.796410739214968E-002
   34.00000     -6.736236560316768E-002
   35.00000     -6.660945310226932E-002
   36.00000     -6.539012904393701E-002
   37.00000     -6.413523049631256E-002
   38.00000     -6.365279199035451E-002
   39.00000     -6.284440030246212E-002
   40.00000     -6.156948371029094E-002
   41.00000     -6.029285549557706E-002
   42.00000     -5.908839548650642E-002
   43.00000     -5.900789293159708E-002
   44.00000     -5.775170658590534E-002
   45.00000     -5.649404189903414E-002
   46.00000     -5.524667889349785E-002
   47.00000     -5.401160244036200E-002
   48.00000     -5.370388831484215E-002
   49.00000     -5.278825536060346E-002
   50.00000     -5.157996747518939E-002
   51.00000     -5.038655958304672E-002
   52.00000     -4.920883824375827E-002
   53.00000     -4.804748986361069E-002
   54.00000     -4.752704205756415E-002
   55.00000     -4.690265052681475E-002
   56.00000     -4.577535239691877E-002
   57.00000     -4.466559920876376E-002
   58.00000     -4.357371435715626E-002
   59.00000     -4.249992164356053E-002
   60.00000     -4.144439195679057E-002
   61.00000     -4.050070255964375E-002
   62.00000     -4.040692157733970E-002
   63.00000     -3.938842524325933E-002
   64.00000     -3.838816035544132E-002
   65.00000     -3.740634824521197E-002
   66.00000     -3.644295664528469E-002
   67.00000     -3.549792118575312E-002
   68.00000     -3.457115187630136E-002
   69.00000     -3.366253749086864E-002
   70.00000     -3.277197818406825E-002
   71.00000     -3.256277332840447E-002
   72.00000     -3.189918158919998E-002
   73.00000     -3.104416076336478E-002
   74.00000     -3.020665479149287E-002
   75.00000     -2.938647622811077E-002
   76.00000     -2.858342277666581E-002
   77.00000     -2.779728240541349E-002
   78.00000     -2.702783505070617E-002
   79.00000     -2.627485389323882E-002
   80.00000     -2.553810650334947E-002
   81.00000     -2.481735607139001E-002
   82.00000     -2.411236478539353E-002
   83.00000     -2.364076676843655E-002
   84.00000     -2.342285010557166E-002
   85.00000     -2.274864359207548E-002
   86.00000     -2.208944050597663E-002
   87.00000     -2.144500327820304E-002
   88.00000     -2.081508305384109E-002
   89.00000     -2.019943030332432E-002
   90.00000     -1.959779577349045E-002
   91.00000     -1.900993097682061E-002
   92.00000     -1.843558857448793E-002
   93.00000     -1.787452270636112E-002
   94.00000     -1.732648928226951E-002
   95.00000     -1.679124624081643E-002
   96.00000     -1.626855378003351E-002
   97.00000     -1.575817456432530E-002
   98.00000     -1.525987391563591E-002
   99.00000     -1.477342001495581E-002
   100.0000     -1.429858427710552E-002
   101.0000     -1.383514524348497E-002
   102.0000     -1.365070019304627E-002
   103.0000     -1.338285439982834E-002
   104.0000     -1.294153093186034E-002
   105.0000     -1.251093758920284E-002
   106.0000     -1.209086382817939E-002
   107.0000     -1.168110045819012E-002
   108.0000     -1.128144151588970E-002
   109.0000     -1.089168445766810E-002
   110.0000     -1.051163021228248E-002
   111.0000     -1.014108320116170E-002
   112.0000     -9.779851344863715E-003
   113.0000     -9.427746060734933E-003
   114.0000     -9.084582253756949E-003
   115.0000     -8.750178301649293E-003
   116.0000     -8.424356034992579E-003
   117.0000     -8.106940712951439E-003
   118.0000     -7.797760995110391E-003
   119.0000     -7.496648909873503E-003
   120.0000     -7.203439819835245E-003
   121.0000     -6.917972384489425E-003
   122.0000     -6.640088520622409E-003
   123.0000     -6.369633360701395E-003
   124.0000     -6.106455209544650E-003
   125.0000     -5.850405499546157E-003
   126.0000     -5.601338744694341E-003
   127.0000     -5.359112493619163E-003
   128.0000     -5.123587281879207E-003
   129.0000     -4.894626583686080E-003
   130.0000     -4.672096763256969E-003
   131.0000     -4.455867025969163E-003
   132.0000     -4.245809369493621E-003
   133.0000     -4.041798535080292E-003
   134.0000     -3.843711959189409E-003
   135.0000     -3.651429725708559E-003
   136.0000     -3.464834519139610E-003
   137.0000     -3.283811579552534E-003
   138.0000     -3.108248661540340E-003
   139.0000     -2.938036005565550E-003
   140.0000     -2.773066368247098E-003
   141.0000     -2.613235665114111E-003
   142.0000     -2.499366697070573E-003
   143.0000     -2.458428231648342E-003
   144.0000     -2.308571654860877E-003
   145.0000     -2.163546414412526E-003
   146.0000     -2.023261373712313E-003
   147.0000     -1.887623084240158E-003
   148.0000     -1.756540015809290E-003
   149.0000     -1.629922708200052E-003
   150.0000     -1.507683775256695E-003
   151.0000     -1.389737889016751E-003
   152.0000     -1.276001761670126E-003
   153.0000     -1.166394129658792E-003
   154.0000     -1.060835741593599E-003
   155.0000     -9.592493510536428E-004
   156.0000     -8.615597152481349E-004
   157.0000     -7.676936006219565E-004
   158.0000     -6.775797966950819E-004
   159.0000     -5.911491397225305E-004
   160.0000     -5.083345481640775E-004
   161.0000     -4.290710724942834E-004
   162.0000     -3.532959626048775E-004
   163.0000     -2.809487570360625E-004
   164.0000     -2.119713996220327E-004
   165.0000     -1.463083910221493E-004
   166.0000     -8.390698528351179E-005
   167.0000     -2.471744545523992E-005
