  0.0000000E+00 -0.102630229254042     
   1.000000     -0.101515746486103     
   2.000000     -0.100408782584969     
   3.000000     -9.930932044925229E-002
   4.000000     -9.821734063674209E-002
   5.000000     -9.713282366114553E-002
   6.000000     -9.605574999190916E-002
   7.000000     -9.498610005402627E-002
   8.000000     -9.392385422785729E-002
   9.000000     -9.286899284893903E-002
   10.00000     -9.182149620780095E-002
   11.00000     -9.078134454976555E-002
   12.00000     -8.974851807470351E-002
   13.00000     -8.872299693749121E-002
   14.00000     -8.770476124720296E-002
   15.00000     -8.669379105167929E-002
   16.00000     -8.569006640197331E-002
   17.00000     -8.469356747021214E-002
   18.00000     -8.370427312732760E-002
   19.00000     -8.272216280425618E-002
   20.00000     -8.174723110082745E-002
   21.00000     -8.077943541566786E-002
   22.00000     -7.981865391584098E-002
   23.00000     -7.886524165439933E-002
   24.00000     -7.791941488915358E-002
   25.00000     -7.697834395598464E-002
   26.00000     -7.604451048848405E-002
   27.00000     -7.513055019019990E-002
   28.00000     -7.421088438461296E-002
   29.00000     -7.326160441525457E-002
   30.00000     -7.240933345359966E-002
   31.00000     -7.160271437838844E-002
   32.00000     -7.056746777447427E-002
   33.00000     -6.953375982425009E-002
   34.00000     -6.910819072055469E-002
   35.00000     -6.805125531582684E-002
   36.00000     -6.680078628802597E-002
   37.00000     -6.565025363086702E-002
   38.00000     -6.547553447940092E-002
   39.00000     -6.422276992296706E-002
   40.00000     -6.293232944431319E-002
   41.00000     -6.164294824499705E-002
   42.00000     -6.105954795320392E-002
   43.00000     -6.035420901972236E-002
   44.00000     -5.907589226043006E-002
   45.00000     -5.780601754907869E-002
   46.00000     -5.654687516749001E-002
   47.00000     -5.571280879970139E-002
   48.00000     -5.529890724821965E-002
   49.00000     -5.406535926153429E-002
   50.00000     -5.284577648536111E-002
   51.00000     -5.164130690117257E-002
   52.00000     -5.045271780431630E-002
   53.00000     -4.955948272884430E-002
   54.00000     -4.928021909810108E-002
   55.00000     -4.812521342470048E-002
   56.00000     -4.698741813580938E-002
   57.00000     -4.586734116959891E-002
   58.00000     -4.476526672601543E-002
   59.00000     -4.368141512981409E-002
   60.00000     -4.261634635163801E-002
   61.00000     -4.255567391015232E-002
   62.00000     -4.156886849191004E-002
   63.00000     -4.054042462164774E-002
   64.00000     -3.953054615094977E-002
   65.00000     -3.853923139261269E-002
   66.00000     -3.756644157863558E-002
   67.00000     -3.661210930012913E-002
   68.00000     -3.567614369147694E-002
   69.00000     -3.475850545532729E-002
   70.00000     -3.464162218728137E-002
   71.00000     -3.385878473290886E-002
   72.00000     -3.297714028717373E-002
   73.00000     -3.211328064009102E-002
   74.00000     -3.126702729011253E-002
   75.00000     -3.043818633668725E-002
   76.00000     -2.962655287180356E-002
   77.00000     -2.883191275197074E-002
   78.00000     -2.805404399202938E-002
   79.00000     -2.729271808388607E-002
   80.00000     -2.654770190555614E-002
   81.00000     -2.581880743796952E-002
   82.00000     -2.574280948342243E-002
   83.00000     -2.510561440464026E-002
   84.00000     -2.440807400110173E-002
   85.00000     -2.372586275657883E-002
   86.00000     -2.305873288927997E-002
   87.00000     -2.240643392157948E-002
   88.00000     -2.176871463078263E-002
   89.00000     -2.114532371915973E-002
   90.00000     -2.053601029746752E-002
   91.00000     -1.994052429556985E-002
   92.00000     -1.935861682489333E-002
   93.00000     -1.879004050201806E-002
   94.00000     -1.823454973943497E-002
   95.00000     -1.769190101070878E-002
   96.00000     -1.716185310774771E-002
   97.00000     -1.664416747624760E-002
   98.00000     -1.613860962874219E-002
   99.00000     -1.577615878820063E-002
   100.0000     -1.564492288102245E-002
   101.0000     -1.516292706528501E-002
   102.0000     -1.469235645366236E-002
   103.0000     -1.423299543611734E-002
   104.0000     -1.378462359324938E-002
   105.0000     -1.334702340923807E-002
   106.0000     -1.291998065676808E-002
   107.0000     -1.250328450036328E-002
   108.0000     -1.209672754765437E-002
   109.0000     -1.170010588080412E-002
   110.0000     -1.131321907587789E-002
   111.0000     -1.093587021297351E-002
   112.0000     -1.056786587854725E-002
   113.0000     -1.020901616091004E-002
   114.0000     -9.859134639651617E-003
   115.0000     -9.518038369625736E-003
   116.0000     -9.185547860082421E-003
   117.0000     -8.861487049446165E-003
   118.0000     -8.545683276219827E-003
   119.0000     -8.237967246437716E-003
   120.0000     -7.938172998064551E-003
   121.0000     -7.646137862702795E-003
   122.0000     -7.361702424946220E-003
   123.0000     -7.084710479695832E-003
   124.0000     -6.815008987731980E-003
   125.0000     -6.552448029841617E-003
   126.0000     -6.296880759806037E-003
   127.0000     -6.048163356636036E-003
   128.0000     -5.806154976685110E-003
   129.0000     -5.570717707045125E-003
   130.0000     -5.341716524694554E-003
   131.0000     -5.119019281368960E-003
   132.0000     -4.902496864994750E-003
   133.0000     -4.692029395429794E-003
   134.0000     -4.648325516166433E-003
   135.0000     -4.487464901882882E-003
   136.0000     -4.288716435456515E-003
   137.0000     -4.095650137148374E-003
   138.0000     -3.908150483801528E-003
   139.0000     -3.726103723310986E-003
   140.0000     -3.549398427929707E-003
   141.0000     -3.377925515703851E-003
   142.0000     -3.211578218694199E-003
   143.0000     -3.050252041015631E-003
   144.0000     -2.893844714625222E-003
   145.0000     -2.742256154962032E-003
   146.0000     -2.595388417168649E-003
   147.0000     -2.453145653218297E-003
   148.0000     -2.315434070132877E-003
   149.0000     -2.182161889426445E-003
   150.0000     -2.053239307895722E-003
   151.0000     -1.928578459866607E-003
   152.0000     -1.808093381029477E-003
   153.0000     -1.691699973988897E-003
   154.0000     -1.579315975685169E-003
   155.0000     -1.470860926857930E-003
   156.0000     -1.366256143755705E-003
   157.0000     -1.265424692325357E-003
   158.0000     -1.168291365164347E-003
   159.0000     -1.074782661567420E-003
   160.0000     -9.848267710718516E-004
   161.0000     -8.983535609871577E-004
   162.0000     -8.152945685067430E-004
   163.0000     -7.355829981330867E-004
   164.0000     -6.591537253250173E-004
   165.0000     -5.859433075057330E-004
   166.0000     -5.158900038628997E-004
   167.0000     -4.489338057686079E-004
   168.0000     -3.850164801670400E-004
   169.0000     -3.240816289854945E-004
   170.0000     -2.660747685905003E-004
   171.0000     -2.109434346571426E-004
   172.0000     -1.586373197201593E-004
   173.0000     -1.091084534162632E-004
   174.0000     -6.231143945834506E-005
   175.0000     -1.820376945633832E-005
