  0.0000000E+00 -0.104353942478680     
   1.000000     -0.103234875709016     
   2.000000     -0.102123326005687     
   3.000000     -0.101019265187077     
   4.000000     -9.992267668160168E-002
   5.000000     -9.883354095980955E-002
   6.000000     -9.775183844773946E-002
   7.000000     -9.667754952673141E-002
   8.000000     -9.561065453324138E-002
   9.000000     -9.455113375864821E-002
   10.00000     -9.349896744906998E-002
   11.00000     -9.245413580515385E-002
   12.00000     -9.141661898188422E-002
   13.00000     -9.038639708913554E-002
   14.00000     -8.936345018862057E-002
   15.00000     -8.834775828404011E-002
   16.00000     -8.733930141981140E-002
   17.00000     -8.633805958261039E-002
   18.00000     -8.534401129120021E-002
   19.00000     -8.435713872918517E-002
   20.00000     -8.337743436586184E-002
   21.00000     -8.240482832664416E-002
   22.00000     -8.143927101687010E-002
   23.00000     -8.048123370034439E-002
   24.00000     -7.953018998729179E-002
   25.00000     -7.858363279020811E-002
   26.00000     -7.764819666240735E-002
   27.00000     -7.672932844621685E-002
   28.00000     -7.579091983082942E-002
   29.00000     -7.484991070401453E-002
   30.00000     -7.403503513566576E-002
   31.00000     -7.314554392127350E-002
   32.00000     -7.206039682681004E-002
   33.00000     -7.125581840316451E-002
   34.00000     -7.066898619245753E-002
   35.00000     -6.947370809020333E-002
   36.00000     -6.820400798640330E-002
   37.00000     -6.755017517349955E-002
   38.00000     -6.688876230780068E-002
   39.00000     -6.559095214388010E-002
   40.00000     -6.428644400743064E-002
   41.00000     -6.304473425005103E-002
   42.00000     -6.296711957934220E-002
   43.00000     -6.168272651772142E-002
   44.00000     -6.039169742294152E-002
   45.00000     -5.910981748901118E-002
   46.00000     -5.784032311522523E-002
   47.00000     -5.770642029327049E-002
   48.00000     -5.657966456475352E-002
   49.00000     -5.533451863797526E-002
   50.00000     -5.410377758526619E-002
   51.00000     -5.288834812808876E-002
   52.00000     -5.168951864506219E-002
   53.00000     -5.157821482753008E-002
   54.00000     -5.050594725388500E-002
   55.00000     -4.934026582593168E-002
   56.00000     -4.819208693097815E-002
   57.00000     -4.706176736514386E-002
   58.00000     -4.594958350708561E-002
   59.00000     -4.485581933809403E-002
   60.00000     -4.459895078821852E-002
   61.00000     -4.378031130999357E-002
   62.00000     -4.272356819514161E-002
   63.00000     -4.168547134145437E-002
   64.00000     -4.066605514853291E-002
   65.00000     -3.966530968564017E-002
   66.00000     -3.868319292470013E-002
   67.00000     -3.771963677934365E-002
   68.00000     -3.677470278866698E-002
   69.00000     -3.670756731137023E-002
   70.00000     -3.584775189591005E-002
   71.00000     -3.493920570157971E-002
   72.00000     -3.404870393644857E-002
   73.00000     -3.317607930341504E-002
   74.00000     -3.232114781280271E-002
   75.00000     -3.148371302362940E-002
   76.00000     -3.066356793562497E-002
   77.00000     -2.986049653056144E-002
   78.00000     -2.907427537169538E-002
   79.00000     -2.830467798101444E-002
   80.00000     -2.783199174323404E-002
   81.00000     -2.755142773549255E-002
   82.00000     -2.681436082697614E-002
   83.00000     -2.609317987051304E-002
   84.00000     -2.538764701538799E-002
   85.00000     -2.469751323296839E-002
   86.00000     -2.402252727646110E-002
   87.00000     -2.336243676223420E-002
   88.00000     -2.271698879772800E-002
   89.00000     -2.208593049296278E-002
   90.00000     -2.146900940886492E-002
   91.00000     -2.086597395814518E-002
   92.00000     -2.027657376755925E-002
   93.00000     -1.970056001277639E-002
   94.00000     -1.913768575965277E-002
   95.00000     -1.858770653108995E-002
   96.00000     -1.805038697071232E-002
   97.00000     -1.788844858980499E-002
   98.00000     -1.752545182437604E-002
   99.00000     -1.701271122550793E-002
   100.0000     -1.651190732042002E-002
   101.0000     -1.602281024346616E-002
   102.0000     -1.554519156828044E-002
   103.0000     -1.507882584017573E-002
   104.0000     -1.462349080889817E-002
   105.0000     -1.417896753151434E-002
   106.0000     -1.374504043992949E-002
   107.0000     -1.332149739044432E-002
   108.0000     -1.290812970049554E-002
   109.0000     -1.250473217482342E-002
   110.0000     -1.211110312242525E-002
   111.0000     -1.172704436529568E-002
   112.0000     -1.135236123980235E-002
   113.0000     -1.098686259142051E-002
   114.0000     -1.063036076348647E-002
   115.0000     -1.028267158057512E-002
   116.0000     -9.943614327051108E-003
   117.0000     -9.613011721299218E-003
   118.0000     -9.290689886132911E-003
   119.0000     -8.976478315832011E-003
   120.0000     -8.670209840316741E-003
   121.0000     -8.371720587056130E-003
   122.0000     -8.080849941701430E-003
   123.0000     -7.797440509795397E-003
   124.0000     -7.521338087733603E-003
   125.0000     -7.252391686065768E-003
   126.0000     -6.990454072792552E-003
   127.0000     -6.784039112002964E-003
   128.0000     -6.735363912368067E-003
   129.0000     -6.487017496980071E-003
   130.0000     -6.245244070821732E-003
   131.0000     -6.009915348524118E-003
   132.0000     -5.780898238031502E-003
   133.0000     -5.558062128740657E-003
   134.0000     -5.341279067786225E-003
   135.0000     -5.130423745587281E-003
   136.0000     -4.925373453697866E-003
   137.0000     -4.726008036201721E-003
   138.0000     -4.532209839282899E-003
   139.0000     -4.343863660352587E-003
   140.0000     -4.160856697253856E-003
   141.0000     -3.983078497779221E-003
   142.0000     -3.810420909651504E-003
   143.0000     -3.642778031047064E-003
   144.0000     -3.480046161741069E-003
   145.0000     -3.322123754929745E-003
   146.0000     -3.168911369777188E-003
   147.0000     -3.020311624735622E-003
   148.0000     -2.876229151677203E-003
   149.0000     -2.736570550878557E-003
   150.0000     -2.601244346894101E-003
   151.0000     -2.470160945354031E-003
   152.0000     -2.343232590724989E-003
   153.0000     -2.220373325069900E-003
   154.0000     -2.101498947844412E-003
   155.0000     -1.986526976772700E-003
   156.0000     -1.875376609845671E-003
   157.0000     -1.767968688491076E-003
   158.0000     -1.664225661969506E-003
   159.0000     -1.564071553059480E-003
   160.0000     -1.467431925101841E-003
   161.0000     -1.374233850486182E-003
   162.0000     -1.284405880676370E-003
   163.0000     -1.197878017890520E-003
   164.0000     -1.114581688568268E-003
   165.0000     -1.034449718790320E-003
   166.0000     -9.574163118446602E-004
   167.0000     -8.834170281741120E-004
   168.0000     -8.123887679950343E-004
   169.0000     -7.442697569365644E-004
   170.0000     -6.789995351355454E-004
   171.0000     -6.165189503243031E-004
   172.0000     -5.567701555826360E-004
   173.0000     -4.996966126011067E-004
   174.0000     -4.452431015281370E-004
   175.0000     -3.933557387795483E-004
   176.0000     -3.439820045918806E-004
   177.0000     -2.970707826536932E-004
   178.0000     -2.525724149096639E-004
   179.0000     -2.104387756940668E-004
   180.0000     -1.706233708686678E-004
   181.0000     -1.330814698413758E-004
   182.0000     -9.777028161290770E-005
   183.0000     -6.464919097845166E-005
   184.0000     -3.368007880816264E-005
   185.0000     -4.827762941218384E-006
