  0.0000000E+00 -0.106701941980037     
   1.000000     -0.105576671767292     
   2.000000     -0.104458899559382     
   3.000000     -0.103348605860901     
   4.000000     -0.102245771132036     
   5.000000     -0.101150375788375     
   6.000000     -0.100062400200724     
   7.000000     -9.898182469491336E-002
   8.000000     -9.790862955161422E-002
   9.000000     -9.684279500614305E-002
   10.00000     -9.578430124827193E-002
   11.00000     -9.473312842202869E-002
   12.00000     -9.368925662557608E-002
   13.00000     -9.265266591153620E-002
   14.00000     -9.162333628129145E-002
   15.00000     -9.060124769263903E-002
   16.00000     -8.958638016087646E-002
   17.00000     -8.857871330368788E-002
   18.00000     -8.757822591076937E-002
   19.00000     -8.658490390476306E-002
   20.00000     -8.559872721024502E-002
   21.00000     -8.461960924168711E-002
   22.00000     -8.364765619113902E-002
   23.00000     -8.268321360061454E-002
   24.00000     -8.172477342450679E-002
   25.00000     -8.077219116200543E-002
   26.00000     -7.983478542478900E-002
   27.00000     -7.890185166570174E-002
   28.00000     -7.794470951778396E-002
   29.00000     -7.704200756787642E-002
   30.00000     -7.621753654098634E-002
   31.00000     -7.521372987670912E-002
   32.00000     -7.415241625873925E-002
   33.00000     -7.364441951455374E-002
   34.00000     -7.266309411737756E-002
   35.00000     -7.140350732969600E-002
   36.00000     -7.023869797089734E-002
   37.00000     -7.004366485972004E-002
   38.00000     -6.877228175610438E-002
   39.00000     -6.745149666535298E-002
   40.00000     -6.612984782150197E-002
   41.00000     -6.570819979412999E-002
   42.00000     -6.480482544371723E-002
   43.00000     -6.348972754542999E-002
   44.00000     -6.218193209493638E-002
   45.00000     -6.088408810810586E-002
   46.00000     -6.042297349873445E-002
   47.00000     -5.959623619737151E-002
   48.00000     -5.832204308716664E-002
   49.00000     -5.706146652510123E-002
   50.00000     -5.581560068040538E-002
   51.00000     -5.458550299657568E-002
   52.00000     -5.432655855580919E-002
   53.00000     -5.337097364490791E-002
   54.00000     -5.217371272476357E-002
   55.00000     -5.099372726000330E-002
   56.00000     -4.983145033530566E-002
   57.00000     -4.868722082523920E-002
   58.00000     -4.756143183467174E-002
   59.00000     -4.737866069253616E-002
   60.00000     -4.645379541736532E-002
   61.00000     -4.536503825185521E-002
   62.00000     -4.429502363512171E-002
   63.00000     -4.324381907433157E-002
   64.00000     -4.221144524636437E-002
   65.00000     -4.119788773008727E-002
   66.00000     -4.020310661840974E-002
   67.00000     -3.951901766843866E-002
   68.00000     -3.922694330775366E-002
   69.00000     -3.826947268743937E-002
   70.00000     -3.733044462275410E-002
   71.00000     -3.640974522171582E-002
   72.00000     -3.550721784419032E-002
   73.00000     -3.462268901355868E-002
   74.00000     -3.375597141261856E-002
   75.00000     -3.290686581710410E-002
   76.00000     -3.207516293682748E-002
   77.00000     -3.126064723528836E-002
   78.00000     -3.067467588826321E-002
   79.00000     -3.046304646501775E-002
   80.00000     -2.968222601738447E-002
   81.00000     -2.891787192852867E-002
   82.00000     -2.816975782584254E-002
   83.00000     -2.743763780069648E-002
   84.00000     -2.672126221876999E-002
   85.00000     -2.602037907852667E-002
   86.00000     -2.533473477454707E-002
   87.00000     -2.466407471950203E-002
   88.00000     -2.400814389178239E-002
   89.00000     -2.336668732896471E-002
   90.00000     -2.273945058232913E-002
   91.00000     -2.212618016930528E-002
   92.00000     -2.152662425324064E-002
   93.00000     -2.094053963190261E-002
   94.00000     -2.076269390493927E-002
   95.00000     -2.036764085128426E-002
   96.00000     -1.980773074135125E-002
   97.00000     -1.926054054819596E-002
   98.00000     -1.872583021126633E-002
   99.00000     -1.820336064042284E-002
   100.0000     -1.769289537900288E-002
   101.0000     -1.719420089362857E-002
   102.0000     -1.670704672399816E-002
   103.0000     -1.623120559227016E-002
   104.0000     -1.576645349057281E-002
   105.0000     -1.531256975226590E-002
   106.0000     -1.486933710952117E-002
   107.0000     -1.443654173884133E-002
   108.0000     -1.401397329575636E-002
   109.0000     -1.360142493975326E-002
   110.0000     -1.319869335036040E-002
   111.0000     -1.280557873524847E-002
   112.0000     -1.242188483114552E-002
   113.0000     -1.204741889835812E-002
   114.0000     -1.168199170976642E-002
   115.0000     -1.132541753548473E-002
   116.0000     -1.097751412556615E-002
   117.0000     -1.063810269811433E-002
   118.0000     -1.030700796855703E-002
   119.0000     -9.984058558602278E-003
   120.0000     -9.690139542053939E-003
   121.0000     -9.669048125976232E-003
   122.0000     -9.361914731265819E-003
   123.0000     -9.062399590563822E-003
   124.0000     -8.770373188920565E-003
   125.0000     -8.485680292272011E-003
   126.0000     -8.208168406243721E-003
   127.0000     -7.937688045281952E-003
   128.0000     -7.674092730787169E-003
   129.0000     -7.417238952604844E-003
   130.0000     -7.166986121623731E-003
   131.0000     -6.923196519293922E-003
   132.0000     -6.685735245796270E-003
   133.0000     -6.454470167518096E-003
   134.0000     -6.229271864163038E-003
   135.0000     -6.010013575701983E-003
   136.0000     -5.796571149302165E-003
   137.0000     -5.588822986348046E-003
   138.0000     -5.386649989652425E-003
   139.0000     -5.189935510931960E-003
   140.0000     -4.998565298627390E-003
   141.0000     -4.812427446120763E-003
   142.0000     -4.631412340416054E-003
   143.0000     -4.455412611324022E-003
   144.0000     -4.284323081199902E-003
   145.0000     -4.118040715271326E-003
   146.0000     -3.956464572588781E-003
   147.0000     -3.799495757631020E-003
   148.0000     -3.647037372588438E-003
   149.0000     -3.498994470349250E-003
   150.0000     -3.355274008204120E-003
   151.0000     -3.215784802290548E-003
   152.0000     -3.080437482782659E-003
   153.0000     -2.949144449845985E-003
   154.0000     -2.821819830360004E-003
   155.0000     -2.698379435416969E-003
   156.0000     -2.578740718602217E-003
   157.0000     -2.462822735060947E-003
   158.0000     -2.350546101349391E-003
   159.0000     -2.241832956076200E-003
   160.0000     -2.136606921330593E-003
   161.0000     -2.034793064897340E-003
   162.0000     -1.936317863257216E-003
   163.0000     -1.841109165368925E-003
   164.0000     -1.749096157233221E-003
   165.0000     -1.660209327232542E-003
   166.0000     -1.574380432245814E-003
   167.0000     -1.491542464535157E-003
   168.0000     -1.411629619401433E-003
   169.0000     -1.334577263607881E-003
   170.0000     -1.260321904570158E-003
   171.0000     -1.188801160313230E-003
   172.0000     -1.119953730196821E-003
   173.0000     -1.053719366412466E-003
   174.0000     -9.900388462583626E-004
   175.0000     -9.288539451995981E-004
   176.0000     -8.701074107262802E-004
   177.0000     -8.137429370250748E-004
   178.0000     -7.597051404857473E-004
   179.0000     -7.079395360688445E-004
   180.0000     -6.583925145708421E-004
   181.0000     -6.110113208308750E-004
   182.0000     -5.657440329350312E-004
   183.0000     -5.225395424896633E-004
   184.0000     -4.813475360541542E-004
   185.0000     -4.421184778453448E-004
   186.0000     -4.048035938582002E-004
   187.0000     -3.693548575834563E-004
   188.0000     -3.357249775554081E-004
   189.0000     -3.038673870263477E-004
   190.0000     -2.737362361524863E-004
   191.0000     -2.452863871904101E-004
   192.0000     -2.184734133624615E-004
   193.0000     -1.932536022622605E-004
   194.0000     -1.695839649735797E-004
   195.0000     -1.474222525009318E-004
   196.0000     -1.267269817224624E-004
   197.0000     -1.074574739789305E-004
   198.0000     -8.957391077009586E-005
   199.0000     -7.303741312860781E-005
   200.0000     -5.781015457712162E-005
   201.0000     -4.385552306822203E-005
   202.0000     -3.113835671156428E-005
   203.0000     -1.962529498174548E-005
   204.0000     -9.285319207292555E-006
   205.0000     -9.062165421603019E-008
