  0.0000000E+00 -0.106461403903805     
   1.000000     -0.105336765080609     
   2.000000     -0.104219631200236     
   3.000000     -0.103109974377156     
   4.000000     -0.102007777875465     
   5.000000     -0.100913022116187     
   6.000000     -9.982568747558573E-002
   7.000000     -9.874575428497451E-002
   8.000000     -9.767320283053289E-002
   9.000000     -9.660801335311142E-002
   10.00000     -9.555016604804448E-002
   11.00000     -9.449964106493203E-002
   12.00000     -9.345641850755232E-002
   13.00000     -9.242047843418154E-002
   14.00000     -9.139180085212424E-002
   15.00000     -9.037036572315489E-002
   16.00000     -8.935615306764100E-002
   17.00000     -8.834914254381164E-002
   18.00000     -8.734931286562550E-002
   19.00000     -8.635664964573735E-002
   20.00000     -8.537113454342128E-002
   21.00000     -8.439268089753552E-002
   22.00000     -8.342137793975786E-002
   23.00000     -8.245760163220554E-002
   24.00000     -8.149992244352293E-002
   25.00000     -8.054786716294840E-002
   26.00000     -7.961074454182572E-002
   27.00000     -7.867959043324804E-002
   28.00000     -7.772366067829482E-002
   29.00000     -7.681618373725047E-002
   30.00000     -7.599635306221326E-002
   31.00000     -7.500282863705778E-002
   32.00000     -7.393076999984777E-002
   33.00000     -7.340646985679140E-002
   34.00000     -7.246125216570683E-002
   35.00000     -7.120601770507527E-002
   36.00000     -6.999500275870395E-002
   37.00000     -6.982385402506486E-002
   38.00000     -6.857970739576170E-002
   39.00000     -6.726104008617785E-002
   40.00000     -6.594085590742710E-002
   41.00000     -6.543449828551544E-002
   42.00000     -6.461799275305079E-002
   43.00000     -6.330473448305166E-002
   44.00000     -6.199864266962022E-002
   45.00000     -6.070237134971062E-002
   46.00000     -6.014514869160729E-002
   47.00000     -5.941621201585628E-002
   48.00000     -5.814365091395125E-002
   49.00000     -5.688464913743251E-002
   50.00000     -5.564032866149017E-002
   51.00000     -5.441166433726461E-002
   52.00000     -5.404532597221753E-002
   53.00000     -5.319872201330091E-002
   54.00000     -5.200295058055086E-002
   55.00000     -5.082442723185986E-002
   56.00000     -4.966359237384631E-002
   57.00000     -4.852078525054924E-002
   58.00000     -4.739633561157430E-002
   59.00000     -4.709413053782997E-002
   60.00000     -4.629015244013916E-002
   61.00000     -4.520277162342221E-002
   62.00000     -4.413411393578388E-002
   63.00000     -4.308425033719693E-002
   64.00000     -4.205320217060852E-002
   65.00000     -4.104095529998928E-002
   66.00000     -4.004746820978353E-002
   67.00000     -3.923122812269386E-002
   68.00000     -3.907255373750296E-002
   69.00000     -3.811638806061480E-002
   70.00000     -3.717861653740779E-002
   71.00000     -3.625916005685054E-002
   72.00000     -3.535786280927328E-002
   73.00000     -3.447455169233677E-002
   74.00000     -3.360903968985935E-002
   75.00000     -3.276112783816155E-002
   76.00000     -3.193060700504969E-002
   77.00000     -3.111726073048660E-002
   78.00000     -3.038368988642533E-002
   79.00000     -3.032076017733020E-002
   80.00000     -2.954114982609968E-002
   81.00000     -2.877793513747302E-002
   82.00000     -2.803094963213714E-002
   83.00000     -2.729994807394440E-002
   84.00000     -2.658468112214534E-002
   85.00000     -2.588489701755283E-002
   86.00000     -2.520034238193664E-002
   87.00000     -2.453076284736821E-002
   88.00000     -2.387590360563747E-002
   89.00000     -2.323550990124985E-002
   90.00000     -2.260932748188097E-002
   91.00000     -2.199710303138074E-002
   92.00000     -2.139858470718018E-002
   93.00000     -2.081352447032649E-002
   94.00000     -2.046842061197234E-002
   95.00000     -2.024165013928760E-002
   96.00000     -1.968275846286036E-002
   97.00000     -1.913657604540137E-002
   98.00000     -1.860286612170872E-002
   99.00000     -1.808138995392980E-002
   100.0000     -1.757191129969946E-002
   101.0000     -1.707419681514303E-002
   102.0000     -1.658801622131353E-002
   103.0000     -1.611314241755963E-002
   104.0000     -1.564935157031238E-002
   105.0000     -1.519642318485665E-002
   106.0000     -1.475414016316083E-002
   107.0000     -1.432228884953980E-002
   108.0000     -1.390065906544942E-002
   109.0000     -1.348904413447545E-002
   110.0000     -1.308724089847459E-002
   111.0000     -1.269504972568941E-002
   112.0000     -1.231227451165572E-002
   113.0000     -1.193872267363002E-002
   114.0000     -1.157420513932446E-002
   115.0000     -1.121853633084798E-002
   116.0000     -1.087153414528780E-002
   117.0000     -1.053301993531373E-002
   118.0000     -1.020281850216107E-002
   119.0000     -9.880758174135246E-003
   120.0000     -9.566672072695123E-003
   121.0000     -9.392562959965375E-003
   122.0000     -9.260381390360518E-003
   123.0000     -8.961748436623906E-003
   124.0000     -8.670598850989692E-003
   125.0000     -8.386779623556835E-003
   126.0000     -8.110138551382064E-003
   127.0000     -7.840526321875504E-003
   128.0000     -7.577796606992699E-003
   129.0000     -7.321806040255657E-003
   130.0000     -7.072414173250041E-003
   131.0000     -6.829483426431369E-003
   132.0000     -6.592879037807832E-003
   133.0000     -6.362469010662815E-003
   134.0000     -6.138124060811939E-003
   135.0000     -5.919717563648216E-003
   136.0000     -5.707125501146875E-003
   137.0000     -5.500226408955698E-003
   138.0000     -5.298901323664360E-003
   139.0000     -5.103033730342570E-003
   140.0000     -4.912509510420124E-003
   141.0000     -4.727216889966601E-003
   142.0000     -4.547046388435252E-003
   143.0000     -4.371890767913393E-003
   144.0000     -4.201644982930385E-003
   145.0000     -4.036206130856285E-003
   146.0000     -3.875473402929950E-003
   147.0000     -3.719348035942868E-003
   148.0000     -3.567733264608990E-003
   149.0000     -3.420534274639626E-003
   150.0000     -3.277658156545155E-003
   151.0000     -3.139013860178716E-003
   152.0000     -3.004512150037635E-003
   153.0000     -2.874065561332984E-003
   154.0000     -2.747588356837297E-003
   155.0000     -2.624996484517696E-003
   156.0000     -2.506207535960897E-003
   157.0000     -2.391140705596713E-003
   158.0000     -2.279716750717176E-003
   159.0000     -2.171857952302768E-003
   160.0000     -2.067488076648897E-003
   161.0000     -1.966532337798640E-003
   162.0000     -1.868917360780413E-003
   163.0000     -1.774571145650711E-003
   164.0000     -1.683423032341949E-003
   165.0000     -1.595403666317040E-003
   166.0000     -1.510444965030558E-003
   167.0000     -1.428480085197375E-003
   168.0000     -1.349443390873923E-003
   169.0000     -1.273270422353264E-003
   170.0000     -1.199897865881602E-003
   171.0000     -1.129263524204366E-003
   172.0000     -1.061306287951721E-003
   173.0000     -9.959661078791232E-004
   174.0000     -9.331839679809328E-004
   175.0000     -8.729018595016138E-004
   176.0000     -8.150627558747474E-004
   177.0000     -7.596105886280648E-004
   178.0000     -7.064902243032346E-004
   179.0000     -6.556474424498867E-004
   180.0000     -6.070289147705837E-004
   181.0000     -5.605821855089333E-004
   182.0000     -5.162556532004176E-004
   183.0000     -4.739985539322192E-004
   184.0000     -4.337609462987467E-004
   185.0000     -3.954936982869450E-004
   186.0000     -3.591484763906559E-004
   187.0000     -3.246777373348092E-004
   188.0000     -2.920347229027746E-004
   189.0000     -2.611734585058023E-004
   190.0000     -2.320487563356649E-004
   191.0000     -2.046162242159240E-004
   192.0000     -1.788322816518987E-004
   193.0000     -1.546541851249863E-004
   194.0000     -1.320400654650375E-004
   195.0000     -1.109489812963865E-004
   196.0000     -9.134099431066667E-005
   197.0000     -7.317727484001646E-005
   198.0000     -5.642025055602697E-005
   199.0000     -4.103381831879776E-005
   200.0000     -2.698365161551256E-005
   201.0000     -1.423765850698307E-005
   202.0000     -2.766688194300503E-006
