  0.0000000E+00 -0.106375952477499     
   1.000000     -0.105251541837106     
   2.000000     -0.104134631019722     
   3.000000     -0.103025200537246     
   4.000000     -0.101923230857206     
   5.000000     -0.100828702402565     
   6.000000     -9.974159555153686E-002
   7.000000     -9.866189063739518E-002
   8.000000     -9.758956794828584E-002
   9.000000     -9.652460772703698E-002
   10.00000     -9.546699017096974E-002
   11.00000     -9.441669543167949E-002
   12.00000     -9.337370361494557E-002
   13.00000     -9.233799478106622E-002
   14.00000     -9.130954893946548E-002
   15.00000     -9.028834605336858E-002
   16.00000     -8.927436614480076E-002
   17.00000     -8.826758888638082E-002
   18.00000     -8.726799296788275E-002
   19.00000     -8.627556388554351E-002
   20.00000     -8.529028389447241E-002
   21.00000     -8.431206642178066E-002
   22.00000     -8.334099465133597E-002
   23.00000     -8.237745438415939E-002
   24.00000     -8.142004581009910E-002
   25.00000     -8.046818274296877E-002
   26.00000     -7.953115342500161E-002
   27.00000     -7.860061632872914E-002
   28.00000     -7.764516531576013E-002
   29.00000     -7.673601048342138E-002
   30.00000     -7.591763938974733E-002
   31.00000     -7.492787558018664E-002
   32.00000     -7.385260775746118E-002
   33.00000     -7.332132979825541E-002
   34.00000     -7.238946572998481E-002
   35.00000     -7.113585421102918E-002
   36.00000     -6.991202284427865E-002
   37.00000     -6.974214167856697E-002
   38.00000     -6.851128049961090E-002
   39.00000     -6.719337276713375E-002
   40.00000     -6.587374485238266E-002
   41.00000     -6.533722368958841E-002
   42.00000     -6.455160768402605E-002
   43.00000     -6.323900894321356E-002
   44.00000     -6.193352301633337E-002
   45.00000     -6.063781830228080E-002
   46.00000     -6.004643708047674E-002
   47.00000     -5.935225002749505E-002
   48.00000     -5.808027130013904E-002
   49.00000     -5.682182922147991E-002
   50.00000     -5.557805799509538E-002
   51.00000     -5.434991503418386E-002
   52.00000     -5.394539727910432E-002
   53.00000     -5.313752380071229E-002
   54.00000     -5.194228223461717E-002
   55.00000     -5.076427844739179E-002
   56.00000     -4.960395600403830E-002
   57.00000     -4.846165435665090E-002
   58.00000     -4.733769205135391E-002
   59.00000     -4.699303083341077E-002
   60.00000     -4.623201336384618E-002
   61.00000     -4.514512192731077E-002
   62.00000     -4.407694640443122E-002
   63.00000     -4.302755928189678E-002
   64.00000     -4.199698215476459E-002
   65.00000     -4.098520100058953E-002
   66.00000     -3.999217392414701E-002
   67.00000     -3.912900295820756E-002
   68.00000     -3.901768154394654E-002
   69.00000     -3.806200088258483E-002
   70.00000     -3.712467590029690E-002
   71.00000     -3.620566107057000E-002
   72.00000     -3.530480092543665E-002
   73.00000     -3.442192250012425E-002
   74.00000     -3.355683888674896E-002
   75.00000     -3.270935121597563E-002
   76.00000     -3.187925042020798E-002
   77.00000     -3.106631985093831E-002
   78.00000     -3.028072861835403E-002
   79.00000     -3.026978926134146E-002
   80.00000     -2.949102963034773E-002
   81.00000     -2.872821989606108E-002
   82.00000     -2.798163544463144E-002
   83.00000     -2.725103133739748E-002
   84.00000     -2.653615834301025E-002
   85.00000     -2.583676478946753E-002
   86.00000     -2.515259737966262E-002
   87.00000     -2.448340182387282E-002
   88.00000     -2.382892338995864E-002
   89.00000     -2.318890739632291E-002
   90.00000     -2.256309966129658E-002
   91.00000     -2.195124693120080E-002
   92.00000     -2.135309738613836E-002
   93.00000     -2.076840239725124E-002
   94.00000     -2.036387152037880E-002
   95.00000     -2.019688892252836E-002
   96.00000     -1.963836113075065E-002
   97.00000     -1.909253692217319E-002
   98.00000     -1.855918256113104E-002
   99.00000     -1.803805946507901E-002
   100.0000     -1.752893147162329E-002
   101.0000     -1.703156530520619E-002
   102.0000     -1.654573075174540E-002
   103.0000     -1.607120077381838E-002
   104.0000     -1.560775160001265E-002
   105.0000     -1.515516279690812E-002
   106.0000     -1.471321732701064E-002
   107.0000     -1.428170159447115E-002
   108.0000     -1.386040547991271E-002
   109.0000     -1.344912236545358E-002
   110.0000     -1.304764915085802E-002
   111.0000     -1.265578626167074E-002
   112.0000     -1.227333765012061E-002
   113.0000     -1.190011078953374E-002
   114.0000     -1.153591666300525E-002
   115.0000     -1.118056974717947E-002
   116.0000     -1.083388799236570E-002
   117.0000     -1.049569280166428E-002
   118.0000     -1.016580901791584E-002
   119.0000     -9.844064964624654E-003
   120.0000     -9.530293047797433E-003
   121.0000     -9.286858399827829E-003
   122.0000     -9.224311794431768E-003
   123.0000     -8.925997020249044E-003
   124.0000     -8.635159354807562E-003
   125.0000     -8.351650860870998E-003
   126.0000     -8.075319507278796E-003
   127.0000     -7.806016052006618E-003
   128.0000     -7.543594222943639E-003
   129.0000     -7.287910705744499E-003
   130.0000     -7.038825102698286E-003
   131.0000     -6.796199884247030E-003
   132.0000     -6.559900337933685E-003
   133.0000     -6.329794516245074E-003
   134.0000     -6.105753183933430E-003
   135.0000     -5.887649765103295E-003
   136.0000     -5.675360290248504E-003
   137.0000     -5.468763343367952E-003
   138.0000     -5.267740009260023E-003
   139.0000     -5.072173821086744E-003
   140.0000     -4.881950708273811E-003
   141.0000     -4.696958944818976E-003
   142.0000     -4.517089098057519E-003
   143.0000     -4.342233977942108E-003
   144.0000     -4.172288586875630E-003
   145.0000     -4.007150070140421E-003
   146.0000     -3.846717666955898E-003
   147.0000     -3.690892662195512E-003
   148.0000     -3.539578338790542E-003
   149.0000     -3.392679930840799E-003
   150.0000     -3.250104577455683E-003
   151.0000     -3.111761277339865E-003
   152.0000     -2.977560844138796E-003
   153.0000     -2.847415862555641E-003
   154.0000     -2.721240645250751E-003
   155.0000     -2.598951190530709E-003
   156.0000     -2.480465140832686E-003
   157.0000     -2.365701742012531E-003
   158.0000     -2.254581803435973E-003
   159.0000     -2.147027658879407E-003
   160.0000     -2.042963128241585E-003
   161.0000     -1.942313480067670E-003
   162.0000     -1.845005394886536E-003
   163.0000     -1.750966929363632E-003
   164.0000     -1.660127481270897E-003
   165.0000     -1.572417755274791E-003
   166.0000     -1.487769729544917E-003
   167.0000     -1.406116623188362E-003
   168.0000     -1.327392864512871E-003
   169.0000     -1.251534060126776E-003
   170.0000     -1.178476964884211E-003
   171.0000     -1.108159452687264E-003
   172.0000     -1.040520488161145E-003
   173.0000     -9.755000992212840E-004
   174.0000     -9.130393505578426E-004
   175.0000     -8.530803180680708E-004
   176.0000     -7.955660642778877E-004
   177.0000     -7.404406147990390E-004
   178.0000     -6.876489358858094E-004
   179.0000     -6.371369131667206E-004
   180.0000     -5.888513316449699E-004
   181.0000     -5.427398570884750E-004
   182.0000     -4.987510189566730E-004
   183.0000     -4.568341950500716E-004
   184.0000     -4.169395981182893E-004
   185.0000     -3.790182647229032E-004
   186.0000     -3.430220467354740E-004
   187.0000     -3.089036059579303E-004
   188.0000     -2.766164124974314E-004
   189.0000     -2.461147477223716E-004
   190.0000     -2.173537128931529E-004
   191.0000     -1.902892449320362E-004
   192.0000     -1.648781413187317E-004
   193.0000     -1.410780968504396E-004
   194.0000     -1.188477561061892E-004
   195.0000     -9.814678710784866E-005
   196.0000     -7.893598420979979E-005
   197.0000     -6.117741227270115E-005
   198.0000     -4.483461076406987E-005
   199.0000     -2.987288764539992E-005
   200.0000     -1.625975292141274E-005
   201.0000     -3.965579493518363E-006
