  0.0000000E+00 -0.110988525359155     
   1.000000     -0.109176578968841     
   2.000000     -0.108207158312187     
   3.000000     -0.105334019490469     
   4.000000     -0.102671297173281     
   5.000000     -0.100693052867066     
   6.000000     -9.530690168464254E-002
   7.000000     -9.013536002978594E-002
   8.000000     -8.955487996123661E-002
   9.000000     -8.369553128929373E-002
   10.00000     -7.789859628572599E-002
   11.00000     -7.227713301423211E-002
   12.00000     -6.809716006206455E-002
   13.00000     -6.690221697327098E-002
   14.00000     -6.181577495397698E-002
   15.00000     -5.703897470828112E-002
   16.00000     -5.257882628643828E-002
   17.00000     -4.843259177324449E-002
   18.00000     -4.459106962681243E-002
   19.00000     -4.104093663800246E-002
   20.00000     -3.776641703847528E-002
   21.00000     -3.475046245005470E-002
   22.00000     -3.248279910306213E-002
   23.00000     -3.197556512128372E-002
   24.00000     -2.942436466022018E-002
   25.00000     -2.707995293975927E-002
   26.00000     -2.492618075981460E-002
   27.00000     -2.294777589287829E-002
   28.00000     -2.113042441169915E-002
   29.00000     -1.946079958322724E-002
   30.00000     -1.792655740218771E-002
   31.00000     -1.651630976700553E-002
   32.00000     -1.521958321311755E-002
   33.00000     -1.402676889424940E-002
   34.00000     -1.292906786935177E-002
   35.00000     -1.191843455314805E-002
   36.00000     -1.098752030843009E-002
   37.00000     -1.012961851522477E-002
   38.00000     -9.338611984295024E-003
   39.00000     -8.608923244604844E-003
   40.00000     -7.935467992555182E-003
   41.00000     -7.313611819858172E-003
   42.00000     -6.739130218169551E-003
   43.00000     -6.208171778137830E-003
   44.00000     -5.717224448007745E-003
   45.00000     -5.263084684644370E-003
   46.00000     -4.842829312115868E-003
   47.00000     -4.453789895555407E-003
   48.00000     -4.093529437791111E-003
   49.00000     -3.759821210889081E-003
   50.00000     -3.450629542613812E-003
   51.00000     -3.164092387650034E-003
   52.00000     -2.898505524366865E-003
   53.00000     -2.652308229318157E-003
   54.00000     -2.424070293116759E-003
   55.00000     -2.212480252504969E-003
   56.00000     -2.016334724165236E-003
   57.00000     -1.834528735958934E-003
   58.00000     -1.666046960776549E-003
   59.00000     -1.509955767001889E-003
   60.00000     -1.365396007735010E-003
   61.00000     -1.231576478404130E-003
   62.00000     -1.107767979253218E-003
   63.00000     -9.932979254630295E-004
   64.00000     -8.875454533966456E-004
   65.00000     -7.899369767062613E-004
   66.00000     -6.999421508550505E-004
   67.00000     -6.170702090620962E-004
   68.00000     -5.408666368397658E-004
   69.00000     -4.709101562547299E-004
   70.00000     -4.068099949182150E-004
   71.00000     -3.482034186588881E-004
   72.00000     -2.947535110850867E-004
   73.00000     -2.461471881675613E-004
   74.00000     -2.020934421703265E-004
   75.00000     -1.623218177673033E-004
   76.00000     -1.265811359013688E-004
   77.00000     -9.463850150504493E-005
   78.00000     -6.627866699319245E-005
   79.00000     -4.130389052004994E-005
   80.00000     -1.953456429487910E-005
   81.00000     -8.111931230871941E-007
