  0.0000000E+00 -9.823534895802244E-002
   1.000000     -9.658594049488706E-002
   2.000000     -9.520273048341965E-002
   3.000000     -9.344620176235281E-002
   4.000000     -8.927594685165323E-002
   5.000000     -8.883457037720455E-002
   6.000000     -8.429074034364228E-002
   7.000000     -7.892660695030136E-002
   8.000000     -7.572272917649051E-002
   9.000000     -7.343307683362844E-002
   10.00000     -6.798382115206408E-002
   11.00000     -6.269254377086014E-002
   12.00000     -5.763160995985570E-002
   13.00000     -5.307174832080861E-002
   14.00000     -5.284379071015254E-002
   15.00000     -4.835166780477131E-002
   16.00000     -4.416279608153739E-002
   17.00000     -4.027536562190497E-002
   18.00000     -3.668093828964416E-002
   19.00000     -3.336689647573711E-002
   20.00000     -3.031811831790176E-002
   21.00000     -2.751816216326557E-002
   22.00000     -2.495009436995576E-002
   23.00000     -2.259705803793961E-002
   24.00000     -2.044265406400876E-002
   25.00000     -1.847118696181670E-002
   26.00000     -1.680517282068849E-002
   27.00000     -1.666779841797496E-002
   28.00000     -1.501861508304156E-002
   29.00000     -1.351065091915198E-002
   30.00000     -1.213192689964278E-002
   31.00000     -1.087138863705018E-002
   32.00000     -9.718877312147621E-003
   33.00000     -8.665081434964746E-003
   34.00000     -7.701483676551543E-003
   35.00000     -6.820305743671561E-003
   36.00000     -6.014453299896545E-003
   37.00000     -5.277462283473756E-003
   38.00000     -4.603447356702774E-003
   39.00000     -3.987054050111527E-003
   40.00000     -3.423411839292668E-003
   41.00000     -2.908093390084236E-003
   42.00000     -2.437074880938458E-003
   43.00000     -2.006700401333088E-003
   44.00000     -1.613649292629777E-003
   45.00000     -1.254906438228062E-003
   46.00000     -9.277353549525197E-004
   47.00000     -6.296539430724924E-004
   48.00000     -3.584127715490659E-004
   49.00000     -1.119758096837923E-004
