  0.0000000E+00 -0.105223464256812     
   1.000000     -0.103464141440896     
   2.000000     -0.102369086493644     
   3.000000     -9.997040656814495E-002
   4.000000     -9.643234722154032E-002
   5.000000     -9.553250330821829E-002
   6.000000     -9.033396992318027E-002
   7.000000     -8.475750747926659E-002
   8.000000     -8.362858869117572E-002
   9.000000     -7.906278131220347E-002
   10.00000     -7.342277774792876E-002
   11.00000     -6.795036186296884E-002
   12.00000     -6.271721946341234E-002
   13.00000     -6.131417098986548E-002
   14.00000     -5.776558812375786E-002
   15.00000     -5.311724971854748E-002
   16.00000     -4.877955783025912E-002
   17.00000     -4.475014891621063E-002
   18.00000     -4.102016554856795E-002
   19.00000     -3.757660274697647E-002
   20.00000     -3.440397961390709E-002
   21.00000     -3.148552111892055E-002
   22.00000     -2.880398363670426E-002
   23.00000     -2.634222280039694E-002
   24.00000     -2.540544828172317E-002
   25.00000     -2.408356167606750E-002
   26.00000     -2.201206500419344E-002
   27.00000     -2.011264643734188E-002
   28.00000     -1.837117324760132E-002
   29.00000     -1.677448798739153E-002
   30.00000     -1.531040552037233E-002
   31.00000     -1.396768709583891E-002
   32.00000     -1.273599987003191E-002
   33.00000     -1.160586760390950E-002
   34.00000     -1.056861660662745E-002
   35.00000     -9.616319789707563E-003
   36.00000     -8.741740815630913E-003
   37.00000     -7.938279680826379E-003
   38.00000     -7.199920604850208E-003
   39.00000     -6.521182759315803E-003
   40.00000     -5.897074127997766E-003
   41.00000     -5.323048618351723E-003
   42.00000     -4.794966425775498E-003
   43.00000     -4.309057571371896E-003
   44.00000     -3.861888481427806E-003
   45.00000     -3.450331444608332E-003
   46.00000     -3.071536765287925E-003
   47.00000     -2.722907424288844E-003
   48.00000     -2.402076058473463E-003
   49.00000     -2.106884075885657E-003
   50.00000     -1.835362637323486E-003
   51.00000     -1.585716002252685E-003
   52.00000     -1.356305103435554E-003
   53.00000     -1.145634520500744E-003
   54.00000     -9.523394221106422E-004
   55.00000     -7.751743543411474E-004
   56.00000     -6.130031242508515E-004
   57.00000     -4.647898038237393E-004
   58.00000     -3.295908098185850E-004
   59.00000     -2.065480480341287E-004
   60.00000     -9.488315790634064E-005
