  0.0000000E+00 -0.104070984754555     
   1.000000     -0.102327467922226     
   2.000000     -0.101192808127288     
   3.000000     -9.889632303430877E-002
   4.000000     -9.518419050337568E-002
   5.000000     -9.449861752448020E-002
   6.000000     -8.933850969379926E-002
   7.000000     -8.379697918361295E-002
   8.000000     -8.232632494237054E-002
   9.000000     -7.813542822065224E-002
   10.00000     -7.252684114649235E-002
   11.00000     -6.708426209962651E-002
   12.00000     -6.187948227140834E-002
   13.00000     -5.995641917229333E-002
   14.00000     -5.695485388096578E-002
   15.00000     -5.233223158448730E-002
   16.00000     -4.801905320199054E-002
   17.00000     -4.401303073508016E-002
   18.00000     -4.030537571311860E-002
   19.00000     -3.688314691106676E-002
   20.00000     -3.373092251922219E-002
   21.00000     -3.083198235814053E-002
   22.00000     -2.816913376077208E-002
   23.00000     -2.572527889384035E-002
   24.00000     -2.398876285373924E-002
   25.00000     -2.348378585545903E-002
   26.00000     -2.142876522245373E-002
   27.00000     -1.954516273264290E-002
   28.00000     -1.781888433466292E-002
   29.00000     -1.623680668541102E-002
   30.00000     -1.478677664101938E-002
   31.00000     -1.345758555883316E-002
   32.00000     -1.223892898549619E-002
   33.00000     -1.112135750347013E-002
   34.00000     -1.009622281101083E-002
   35.00000     -9.155621902639462E-003
   36.00000     -8.292341335185850E-003
   37.00000     -7.499802920487702E-003
   38.00000     -6.772011717546880E-003
   39.00000     -6.103506858650093E-003
   40.00000     -5.489315501798298E-003
   41.00000     -4.924910030609567E-003
   42.00000     -4.406168503974048E-003
   43.00000     -3.929338277244428E-003
   44.00000     -3.491002664307402E-003
   45.00000     -3.088050477834864E-003
   46.00000     -2.717648267672690E-003
   47.00000     -2.377215070509581E-003
   48.00000     -2.064399484613680E-003
   49.00000     -1.777058889325413E-003
   50.00000     -1.513240638607504E-003
   51.00000     -1.271165070260127E-003
   52.00000     -1.049210186848143E-003
   53.00000     -8.458978808232591E-004
   54.00000     -6.598815951029585E-004
   55.00000     -4.899353324666372E-004
   56.00000     -3.349439544910377E-004
   57.00000     -1.938947469547180E-004
   58.00000     -6.587028030319506E-005
