  0.0000000E+00 -9.937516970019257E-002
   1.000000     -9.770624263000907E-002
   2.000000     -9.637643492946449E-002
   3.000000     -9.451239778407665E-002
   4.000000     -9.030741760816817E-002
   5.000000     -9.006571359267622E-002
   6.000000     -8.527765287901709E-002
   7.000000     -7.987881618486624E-002
   8.000000     -7.701382040651872E-002
   9.000000     -7.435244761796440E-002
   10.00000     -6.887203537500351E-002
   11.00000     -6.355117561510643E-002
   12.00000     -5.846211645099424E-002
   13.00000     -5.441772563267010E-002
   14.00000     -5.364760809079252E-002
   15.00000     -4.912991210658616E-002
   16.00000     -4.491673607527157E-002
   17.00000     -4.100611858068994E-002
   18.00000     -3.738955286599775E-002
   19.00000     -3.405435800293038E-002
   20.00000     -3.098535343967193E-002
   21.00000     -2.816604301542902E-002
   22.00000     -2.557944237837714E-002
   23.00000     -2.320864737985114E-002
   24.00000     -2.103721485751811E-002
   25.00000     -1.904940887688299E-002
   26.00000     -1.820963817103029E-002
   27.00000     -1.723034006703646E-002
   28.00000     -1.556607059723986E-002
   29.00000     -1.404361026181979E-002
   30.00000     -1.265093790755848E-002
   31.00000     -1.137696870146326E-002
   32.00000     -1.021151509428646E-002
   33.00000     -9.145238338321300E-003
   34.00000     -8.169595158631216E-003
   35.00000     -7.276782482253602E-003
   36.00000     -6.459682220800537E-003
   37.00000     -5.711807453969908E-003
   38.00000     -5.027250892412587E-003
   39.00000     -4.400636160083871E-003
   40.00000     -3.827072194387772E-003
   41.00000     -3.302110891917188E-003
   42.00000     -2.821708009769403E-003
   43.00000     -2.382187253495868E-003
   44.00000     -1.980207432592336E-003
   45.00000     -1.612732444044661E-003
   46.00000     -1.277004564853291E-003
   47.00000     -9.705189690243330E-004
   48.00000     -6.910025264062516E-004
   49.00000     -4.363935482027624E-004
   50.00000     -2.048243083028453E-004
