  0.0000000E+00 -0.111231538969286     
   1.000000     -0.109418581362512     
   2.000000     -0.108451323698498     
   3.000000     -0.105559798026189     
   4.000000     -0.102934012604872     
   5.000000     -0.100910279317009     
   6.000000     -9.551628574642378E-002
   7.000000     -9.040923745687432E-002
   8.000000     -8.975696402721837E-002
   9.000000     -8.389059388436612E-002
   10.00000     -7.808705171936078E-002
   11.00000     -7.245931309943843E-002
   12.00000     -6.838275466973825E-002
   13.00000     -6.707843236696080E-002
   14.00000     -6.198630955530612E-002
   15.00000     -5.720410060674991E-002
   16.00000     -5.273879630408199E-002
   17.00000     -4.858764302093824E-002
   18.00000     -4.474142473775236E-002
   19.00000     -4.118680485580259E-002
   20.00000     -3.790799520452379E-002
   21.00000     -3.488793596545612E-002
   22.00000     -3.278079065841776E-002
   23.00000     -3.210910991657920E-002
   24.00000     -2.955414244419326E-002
   25.00000     -2.720612054326470E-002
   26.00000     -2.504888489707131E-002
   27.00000     -2.306715515784622E-002
   28.00000     -2.124660981741436E-002
   29.00000     -1.957391504268810E-002
   30.00000     -1.803672016861764E-002
   31.00000     -1.662363083836891E-002
   32.00000     -1.532416770425259E-002
   33.00000     -1.412871637947498E-002
   34.00000     -1.302847269808268E-002
   35.00000     -1.201538614079838E-002
   36.00000     -1.108210340466478E-002
   37.00000     -1.022191345142572E-002
   38.00000     -9.428694901937373E-003
   39.00000     -8.696866306086352E-003
   40.00000     -8.021339575884228E-003
   41.00000     -7.397476698481687E-003
   42.00000     -6.821049727111680E-003
   43.00000     -6.288203967516848E-003
   44.00000     -5.795424224906515E-003
   45.00000     -5.339503944223092E-003
   46.00000     -4.917517058776422E-003
   47.00000     -4.526792354890991E-003
   48.00000     -4.164890159984416E-003
   49.00000     -3.829581166154052E-003
   50.00000     -3.518827209210298E-003
   51.00000     -3.230763832935158E-003
   52.00000     -2.963684479283748E-003
   53.00000     -2.716026156655749E-003
   54.00000     -2.486356449809308E-003
   55.00000     -2.273361746167676E-003
   56.00000     -2.075836563989400E-003
   57.00000     -1.892673878008876E-003
   58.00000     -1.722856250763939E-003
   59.00000     -1.565448361644464E-003
   60.00000     -1.419588821295802E-003
   61.00000     -1.284484591526140E-003
   62.00000     -1.159404556383396E-003
   63.00000     -1.043674221351966E-003
   64.00000     -9.366708107768747E-004
   65.00000     -8.378188138081479E-004
   66.00000     -7.465859370061042E-004
   67.00000     -6.624794260704003E-004
   68.00000     -5.850427231341552E-004
   69.00000     -5.138524297603075E-004
   70.00000     -4.485155492674469E-004
   71.00000     -3.886669853867517E-004
   72.00000     -3.339672776354271E-004
   73.00000     -2.841005573642157E-004
   74.00000     -2.387727124696309E-004
   75.00000     -1.977097536999921E-004
   76.00000     -1.606563820879276E-004
   77.00000     -1.273747666719957E-004
   78.00000     -9.764355690458149E-005
   79.00000     -7.125718013233017E-005
   80.00000     -4.802552227046699E-005
   81.00000     -2.777418461137691E-005
   82.00000     -1.034571596948046E-005
