  0.0000000E+00 -9.928198084388871E-002
   1.000000     -9.761463715937209E-002
   2.000000     -9.628053327141901E-002
   3.000000     -9.442526201279479E-002
   4.000000     -9.022264372098458E-002
   5.000000     -8.996554506929165E-002
   6.000000     -8.519698379240130E-002
   7.000000     -7.980098342517278E-002
   8.000000     -7.690828778730488E-002
   9.000000     -7.427729920247897E-002
   10.00000     -6.879943352723730E-002
   11.00000     -6.348099178392926E-002
   12.00000     -5.839423153891228E-002
   13.00000     -5.430770223730113E-002
   14.00000     -5.358190911895194E-002
   15.00000     -4.906629904615288E-002
   16.00000     -4.485510960998201E-002
   17.00000     -4.094638738629563E-002
   18.00000     -3.733163122403797E-002
   19.00000     -3.399816536962943E-002
   20.00000     -3.093081406759087E-002
   21.00000     -2.811308561155851E-002
   22.00000     -2.552799979349845E-002
   23.00000     -2.315865632520622E-002
   24.00000     -2.098861564212835E-002
   25.00000     -1.900214504371364E-002
   26.00000     -1.809483774964509E-002
   27.00000     -1.718435865933856E-002
   28.00000     -1.552132149089255E-002
   29.00000     -1.400004593849596E-002
   30.00000     -1.260851356949489E-002
   31.00000     -1.133564203132812E-002
   32.00000     -1.017124611768291E-002
   33.00000     -9.105989302894427E-003
   34.00000     -8.131330425859281E-003
   35.00000     -7.239468430891603E-003
   36.00000     -6.423287161404324E-003
   37.00000     -5.676301554123020E-003
   38.00000     -4.992606112436938E-003
   39.00000     -4.366826199174857E-003
   40.00000     -3.794072447295818E-003
   41.00000     -3.269898416511837E-003
   42.00000     -2.790261506086277E-003
   43.00000     -2.351486950151211E-003
   44.00000     -1.950235512277218E-003
   45.00000     -1.583472525884227E-003
   46.00000     -1.248441797785198E-003
   47.00000     -9.426405387416096E-004
   48.00000     -6.637973793552814E-004
   49.00000     -4.098526101625313E-004
   50.00000     -1.789406598276879E-004
