  0.0000000E+00 -2.542143961608325E-002
   1.000000     -2.396768750620467E-002
   2.000000     -2.256688031422564E-002
   3.000000     -2.121825683037367E-002
   4.000000     -1.992104635182240E-002
   5.000000     -1.867446846773383E-002
   6.000000     -1.747773284012039E-002
   7.000000     -1.633003898071102E-002
   8.000000     -1.523057602402226E-002
   9.000000     -1.417852249690955E-002
   10.00000     -1.317304608492039E-002
   11.00000     -1.221330339585264E-002
   12.00000     -1.129843972097708E-002
   13.00000     -1.042758879450897E-002
   14.00000     -9.599872551989264E-003
   15.00000     -8.814400888377117E-003
   16.00000     -8.070271416788583E-003
   17.00000     -7.366569229012419E-003
   18.00000     -6.702366659102918E-003
   19.00000     -6.076723051625908E-003
   20.00000     -5.488684536408060E-003
   21.00000     -4.937283812031560E-003
   22.00000     -4.421539940751959E-003
   23.00000     -3.940458158107900E-003
   24.00000     -3.493029701267173E-003
   25.00000     -3.078231661123949E-003
   26.00000     -2.695026864551981E-003
   27.00000     -2.342363795101476E-003
   28.00000     -2.019176563115847E-003
   29.00000     -1.724384940211100E-003
   30.00000     -1.456894479009691E-003
   31.00000     -1.215596748305972E-003
   32.00000     -9.993697287700182E-004
   33.00000     -8.070784392221689E-004
   34.00000     -6.375759069353050E-004
   35.00000     -4.897046747257617E-004
   36.00000     -3.622991909686638E-004
   37.00000     -2.541897465027660E-004
   38.00000     -1.642093409039086E-004
   39.00000     -9.120668192151644E-005
   40.00000     -3.407393986872176E-005
