  0.0000000E+00 -1.759566658564603E-002
   1.000000     -1.625970708666994E-002
   2.000000     -1.497830131187597E-002
   3.000000     -1.375075443648756E-002
   4.000000     -1.257625590696569E-002
   5.000000     -1.145384520951588E-002
   6.000000     -1.038409643962127E-002
   7.000000     -9.369380667131982E-003
   8.000000     -8.402833848493909E-003
   9.000000     -7.466497293779087E-003
   10.00000     -6.567899104194138E-003
   11.00000     -5.776111279224862E-003
   12.00000     -5.125067086674749E-003
   13.00000     -4.419957296487313E-003
   14.00000     -3.653990041511454E-003
   15.00000     -2.909726830281785E-003
   16.00000     -2.217406777411934E-003
   17.00000     -1.586721587278933E-003
   18.00000     -1.023036801618098E-003
   19.00000     -6.254565877998522E-004
   20.00000     -4.738138269918568E-004
   21.00000     -5.358761276739484E-005
