  0.0000000E+00 -2.606666108406039E-002
   1.000000     -2.460363398423104E-002
   2.000000     -2.319344389597004E-002
   3.000000     -2.183532718684687E-002
   4.000000     -2.052851066548974E-002
   5.000000     -1.927221136482874E-002
   6.000000     -1.806563632109157E-002
   7.000000     -1.690798234869763E-002
   8.000000     -1.579843581124787E-002
   9.000000     -1.473617238881416E-002
   10.00000     -1.372035684185182E-002
   11.00000     -1.275014277204791E-002
   12.00000     -1.182467238050835E-002
   13.00000     -1.094307622377095E-002
   14.00000     -1.010447296816705E-002
   15.00000     -9.307969143198617E-003
   16.00000     -8.552658894637672E-003
   17.00000     -7.837623738204997E-003
   18.00000     -7.161932314780249E-003
   19.00000     -6.524640148247087E-003
   20.00000     -5.924789407198201E-003
   21.00000     -5.361408671929957E-003
   22.00000     -4.833512708288884E-003
   23.00000     -4.340102250178581E-003
   24.00000     -3.880163792733969E-003
   25.00000     -3.452669398435305E-003
   26.00000     -3.056576518721994E-003
   27.00000     -2.690827833982601E-003
   28.00000     -2.354351115202177E-003
   29.00000     -2.046059110973768E-003
   30.00000     -1.764849464162173E-003
   31.00000     -1.509604663193485E-003
   32.00000     -1.279192033887589E-003
   33.00000     -1.072463779037233E-003
   34.00000     -8.882570748312323E-004
   35.00000     -7.253942361307920E-004
   36.00000     -5.826829673424633E-004
   37.00000     -4.589167237480893E-004
   38.00000     -3.528752228522251E-004
   39.00000     -2.633251735598716E-004
   40.00000     -1.890213490684856E-004
   41.00000     -1.287082586239635E-004
   42.00000     -8.112299149921495E-005
   43.00000     -4.500070233246582E-005
   44.00000     -1.908726855976979E-005
   45.00000     -2.178127051106870E-006
