  0.0000000E+00 -2.244694589233392E-002
   1.000000     -2.103676305812383E-002
   2.000000     -1.968007092329992E-002
   3.000000     -1.837607833951168E-002
   4.000000     -1.712390543113219E-002
   5.000000     -1.592385952494789E-002
   6.000000     -1.477696617071860E-002
   7.000000     -1.367344909109024E-002
   8.000000     -1.260020511287150E-002
   9.000000     -1.159998350050673E-002
   10.00000     -1.075089338366906E-002
   11.00000     -9.889515735647409E-003
   12.00000     -8.916327585982816E-003
   13.00000     -7.930629158998472E-003
   14.00000     -6.993100973375962E-003
   15.00000     -6.351653407006996E-003
   16.00000     -6.036971801091893E-003
   17.00000     -5.247919502569650E-003
   18.00000     -4.497697123169917E-003
   19.00000     -3.811619478374399E-003
   20.00000     -3.189636868351251E-003
   21.00000     -2.629302228362039E-003
   22.00000     -2.127443568859893E-003
   23.00000     -1.680631756940619E-003
   24.00000     -1.285395889070254E-003
   25.00000     -9.383449770069618E-004
   26.00000     -6.362443315624132E-004
   27.00000     -3.760694136868798E-004
   28.00000     -1.550534060013220E-004
