  0.0000000E+00 -1.882225551444227E-002
   1.000000     -1.746712759189651E-002
   2.000000     -1.616626022781033E-002
   3.000000     -1.491893843114070E-002
   4.000000     -1.372429281900195E-002
   5.000000     -1.258152872060598E-002
   6.000000     -1.149192751032347E-002
   7.000000     -1.045638709983486E-002
   8.000000     -9.462606424277643E-003
   9.000000     -8.496656902071662E-003
   10.00000     -7.591624588120120E-003
   11.00000     -6.835798436739707E-003
   12.00000     -6.131620936322624E-003
   13.00000     -5.326270741507570E-003
   14.00000     -4.502451835936516E-003
   15.00000     -3.718000669646030E-003
   16.00000     -2.992552470418948E-003
   17.00000     -2.341734313548902E-003
   18.00000     -2.046586408331625E-003
   19.00000     -1.703320827213596E-003
   20.00000     -1.176044723312277E-003
   21.00000     -7.019135694189335E-004
   22.00000     -2.848753232892484E-004
