     0   -0.1241942380E-01
     1   -0.1211822534E-01
     2   -0.1182167306E-01
     3   -0.1152973872E-01
     4   -0.1124239397E-01
     5   -0.1095961028E-01
     6   -0.1068135897E-01
     7   -0.1040761123E-01
     8   -0.1013833807E-01
     9   -0.9873510345E-02
    10   -0.9613098766E-02
    11   -0.9357073873E-02
    12   -0.9105406046E-02
    13   -0.8858065503E-02
    14   -0.8615022295E-02
    15   -0.8376246309E-02
    16   -0.8141707264E-02
    17   -0.7911374707E-02
    18   -0.7685218017E-02
    19   -0.7463206397E-02
    20   -0.7245308879E-02
    21   -0.7031494315E-02
    22   -0.6821731383E-02
    23   -0.6615988578E-02
    24   -0.6414234218E-02
    25   -0.6216436434E-02
    26   -0.6022563176E-02
    27   -0.5832582204E-02
    28   -0.5646461095E-02
    29   -0.5464167232E-02
    30   -0.5285667809E-02
    31   -0.5110929826E-02
    32   -0.4939920089E-02
    33   -0.4772605208E-02
    34   -0.4608951593E-02
    35   -0.4448925456E-02
    36   -0.4292492806E-02
    37   -0.4139619449E-02
    38   -0.3990270987E-02
    39   -0.3844412815E-02
    40   -0.3702010117E-02
    41   -0.3563027871E-02
    42   -0.3427430840E-02
    43   -0.3295183575E-02
    44   -0.3166250411E-02
    45   -0.3040595467E-02
    46   -0.2918182643E-02
    47   -0.2798975619E-02
    48   -0.2682937855E-02
    49   -0.2570032585E-02
    50   -0.2460222820E-02
    51   -0.2353471346E-02
    52   -0.2249740718E-02
    53   -0.2148993264E-02
    54   -0.2051191082E-02
    55   -0.1956296036E-02
    56   -0.1864269759E-02
    57   -0.1775073649E-02
    58   -0.1688668866E-02
    59   -0.1605016335E-02
    60   -0.1524076743E-02
    61   -0.1445810538E-02
    62   -0.1370177926E-02
    63   -0.1297138874E-02
    64   -0.1226653105E-02
    65   -0.1158680102E-02
    66   -0.1093179102E-02
    67   -0.1030109099E-02
    68   -0.9694288417E-03
    69   -0.9110968349E-03
    70   -0.8550713374E-03
    71   -0.8013103622E-03
    72   -0.7497716771E-03
    73   -0.7004128041E-03
    74   -0.6531910198E-03
    75   -0.6080633555E-03
    76   -0.5649865982E-03
    77   -0.5239172905E-03
    78   -0.4848117319E-03
    79   -0.4476259798E-03
    80   -0.4123158504E-03
    81   -0.3788369202E-03
    82   -0.3471445279E-03
    83   -0.3171937759E-03
    84   -0.2889395327E-03
    85   -0.2623364354E-03
    86   -0.2373388925E-03
    87   -0.2139010871E-03
    88   -0.1919769804E-03
    89   -0.1715203163E-03
    90   -0.1524846258E-03
    91   -0.1348232329E-03
    92   -0.1184892606E-03
    93   -0.1034356388E-03
    94   -0.8961511307E-04
    95   -0.7698025545E-04
    96   -0.6548347782E-04
    97   -0.5507704851E-04
    98   -0.4571311368E-04
    99   -0.3734372574E-04
   100   -0.2992088209E-04
   101   -0.2339658010E-04
   102   -0.1772289848E-04
   103   -0.1285212371E-04
   104   -0.8736958725E-05
   105   -0.5330893606E-05
   106   -0.2588932453E-05
   107   -0.4692361276E-06
   108    0.1062168527E-05
   109    0.2010641133E-05
