     0   -0.1033406975E-01
     1   -0.1004589930E-01
     2   -0.9762443732E-02
     3   -0.9483675617E-02
     4   -0.9209567376E-02
     5   -0.8940091296E-02
     6   -0.8675219526E-02
     7   -0.8414924077E-02
     8   -0.8159176822E-02
     9   -0.7907949491E-02
    10   -0.7661213674E-02
    11   -0.7418940818E-02
    12   -0.7181102227E-02
    13   -0.6947669061E-02
    14   -0.6718612333E-02
    15   -0.6493902913E-02
    16   -0.6273511523E-02
    17   -0.6057408736E-02
    18   -0.5845564981E-02
    19   -0.5637950534E-02
    20   -0.5434535524E-02
    21   -0.5235289930E-02
    22   -0.5040183581E-02
    23   -0.4849186154E-02
    24   -0.4662267178E-02
    25   -0.4479396028E-02
    26   -0.4300541930E-02
    27   -0.4125673959E-02
    28   -0.3954761038E-02
    29   -0.3787771943E-02
    30   -0.3624675297E-02
    31   -0.3465439576E-02
    32   -0.3310033109E-02
    33   -0.3158424077E-02
    34   -0.3010580517E-02
    35   -0.2866470324E-02
    36   -0.2726061251E-02
    37   -0.2589320913E-02
    38   -0.2456216791E-02
    39   -0.2326716235E-02
    40   -0.2200786467E-02
    41   -0.2078394588E-02
    42   -0.1959507583E-02
    43   -0.1844092327E-02
    44   -0.1732115592E-02
    45   -0.1623544058E-02
    46   -0.1518344321E-02
    47   -0.1416482905E-02
    48   -0.1317926278E-02
    49   -0.1222640863E-02
    50   -0.1130593060E-02
    51   -0.1041749264E-02
    52   -0.9560758920E-03
    53   -0.8735394096E-03
    54   -0.7941063651E-03
    55   -0.7177434291E-03
    56   -0.6444174402E-03
    57   -0.5740954612E-03
    58   -0.5067448447E-03
    59   -0.4423333134E-03
    60   -0.3808290562E-03
    61   -0.3222008469E-03
    62   -0.2664181903E-03
    63   -0.2134515046E-03
    64   -0.1632723516E-03
    65   -0.1158537313E-03
    66   -0.7117046570E-04
    67   -0.2919970569E-04
    68    0.1007838255E-04
    69    0.4667966679E-04
    70    0.8061469092E-04
    71    0.1118866639E-03
    72    0.1404883428E-03
    73    0.1663969079E-03
    74    0.1895648457E-03
    75    0.2099017851E-03
    76    0.2272311873E-03
    77    0.2411429103E-03
