     0   -0.1147218800E-01
     1   -0.1117683385E-01
     2   -0.1088615542E-01
     3   -0.1060012479E-01
     4   -0.1031871390E-01
     5   -0.1004189454E-01
     6   -0.9769638342E-02
     7   -0.9501916801E-02
     8   -0.9238701255E-02
     9   -0.8979962890E-02
    10   -0.8725672738E-02
    11   -0.8475801678E-02
    12   -0.8230320428E-02
    13   -0.7989199552E-02
    14   -0.7752409453E-02
    15   -0.7519920370E-02
    16   -0.7291702384E-02
    17   -0.7067725409E-02
    18   -0.6847959194E-02
    19   -0.6632373321E-02
    20   -0.6420937204E-02
    21   -0.6213620087E-02
    22   -0.6010391042E-02
    23   -0.5811218968E-02
    24   -0.5616072591E-02
    25   -0.5424920458E-02
    26   -0.5237730943E-02
    27   -0.5054472238E-02
    28   -0.4875112356E-02
    29   -0.4699619128E-02
    30   -0.4527960202E-02
    31   -0.4360103043E-02
    32   -0.4196014928E-02
    33   -0.4035662948E-02
    34   -0.3879014007E-02
    35   -0.3726034817E-02
    36   -0.3576691900E-02
    37   -0.3430951587E-02
    38   -0.3288780015E-02
    39   -0.3150143127E-02
    40   -0.3015006670E-02
    41   -0.2883336196E-02
    42   -0.2755097060E-02
    43   -0.2630254419E-02
    44   -0.2508773232E-02
    45   -0.2390618259E-02
    46   -0.2275754061E-02
    47   -0.2164145000E-02
    48   -0.2055755236E-02
    49   -0.1950548735E-02
    50   -0.1848489259E-02
    51   -0.1749540375E-02
    52   -0.1653665452E-02
    53   -0.1560827661E-02
    54   -0.1470989982E-02
    55   -0.1384115200E-02
    56   -0.1300165912E-02
    57   -0.1219104527E-02
    58   -0.1140893271E-02
    59   -0.1065494192E-02
    60   -0.9928691665E-03
    61   -0.9229799015E-03
    62   -0.8557879466E-03
    63   -0.7912547012E-03
    64   -0.7293414252E-03
    65   -0.6700092517E-03
    66   -0.6132192026E-03
    67   -0.5589322060E-03
    68   -0.5071091180E-03
    69   -0.4577107486E-03
    70   -0.4106978930E-03
    71   -0.3660313693E-03
    72   -0.3236720648E-03
    73   -0.2835809935E-03
    74   -0.2457193667E-03
    75   -0.2100486821E-03
    76   -0.1765308374E-03
    77   -0.1451282756E-03
    78   -0.1158041758E-03
    79   -0.8852270703E-04
    80   -0.6324937264E-04
    81   -0.3995149086E-04
    82   -0.1859888367E-04
    83    0.8350980883E-06
    84    0.1837197976E-04
    85    0.3402553279E-04
    86    0.4779708779E-04
    87    0.5966620594E-04
    88    0.6956858397E-04
    89    0.7732270583E-04
