  0.0000000E+00 -7.160486212875518E-002
   1.000000     -7.063627581891348E-002
   2.000000     -7.049540813426700E-002
   3.000000     -6.838375640082046E-002
   4.000000     -6.668194697792826E-002
   5.000000     -6.537558134290548E-002
   6.000000     -6.190470095139044E-002
   7.000000     -5.860055496708540E-002
   8.000000     -5.820502426447690E-002
   9.000000     -5.443761573593302E-002
   10.00000     -5.071142442411587E-002
   11.00000     -4.709838278508665E-002
   12.00000     -4.443679768295010E-002
   13.00000     -4.364397577302657E-002
   14.00000     -4.037496622760112E-002
   15.00000     -3.730494304455159E-002
   16.00000     -3.443835854823071E-002
   17.00000     -3.177342735788539E-002
   18.00000     -2.930421970642864E-002
   19.00000     -2.702216261978329E-002
   20.00000     -2.491711039426513E-002
   21.00000     -2.297810137577770E-002
   22.00000     -2.155713890525511E-002
   23.00000     -2.119388587356751E-002
   24.00000     -1.955329069664708E-002
   25.00000     -1.804545802176857E-002
   26.00000     -1.666000403981528E-002
   27.00000     -1.538711119053098E-002
   28.00000     -1.421757773682413E-002
   29.00000     -1.314283619156481E-002
   30.00000     -1.215495039774823E-002
   31.00000     -1.124659826895259E-002
   32.00000     -1.041104526394324E-002
   33.00000     -9.642112247068863E-003
   34.00000     -8.934140338977617E-003
   35.00000     -8.281954592250559E-003
   36.00000     -7.680827761786754E-003
   37.00000     -7.126445026964763E-003
   38.00000     -6.614870222356001E-003
   39.00000     -6.142513916855759E-003
   40.00000     -5.706103525828498E-003
   41.00000     -5.302655531105364E-003
   42.00000     -4.929449807422374E-003
   43.00000     -4.584006002220854E-003
   44.00000     -4.264061882004244E-003
   45.00000     -3.967553537721492E-003
   46.00000     -3.692597330259454E-003
   47.00000     -3.437473452360368E-003
   48.00000     -3.200610983129514E-003
   49.00000     -2.980574314283987E-003
   50.00000     -2.776050832338308E-003
   51.00000     -2.585839747238191E-003
   52.00000     -2.408841964975705E-003
   53.00000     -2.244050909045185E-003
   54.00000     -2.090544202947838E-003
   55.00000     -1.947476133131905E-003
   56.00000     -1.814070818639628E-003
   57.00000     -1.689616020241691E-003
   58.00000     -1.573457527932222E-003
   59.00000     -1.464994071311759E-003
   60.00000     -1.363672702600992E-003
   61.00000     -1.268984606813445E-003
   62.00000     -1.180461297988479E-003
   63.00000     -1.097671164368787E-003
   64.00000     -1.020216329024898E-003
   65.00000     -9.477297957084721E-004
   66.00000     -8.798728526834817E-004
   67.00000     -8.163327099653220E-004
   68.00000     -7.568203478177077E-004
   69.00000     -7.010685565389077E-004
   70.00000     -6.488301495353102E-004
   71.00000     -5.998763334511846E-004
   72.00000     -5.539952207181787E-004
   73.00000     -5.109904713240502E-004
   74.00000     -4.706800518922068E-004
   75.00000     -4.328951013283041E-004
   76.00000     -3.974788933377957E-004
   77.00000     -3.642858870638274E-004
   78.00000     -3.331808579466784E-004
   79.00000     -3.040381016755594E-004
   80.00000     -2.767407047995871E-004
   81.00000     -2.511798761950550E-004
   82.00000     -2.272543341596646E-004
   83.00000     -2.048697444275456E-004
   84.00000     -1.839382048795498E-004
   85.00000     -1.643777731685908E-004
   86.00000     -1.461120338974931E-004
   87.00000     -1.290697023856185E-004
   88.00000     -1.131842624504191E-004
   89.00000     -9.839363602464332E-005
   90.00000     -8.463988284590513E-005
   91.00000     -7.186892891826671E-005
   92.00000     -6.003032299156309E-005
   93.00000     -4.907702099102534E-005
   94.00000     -3.896519924866898E-005
   95.00000     -2.965409869230728E-005
   96.00000     -2.110590410339337E-005
   97.00000     -1.328566564107983E-005
   98.00000     -6.161274955843561E-006
