  0.0000000E+00 -7.226780644732034E-002
   1.000000     -7.129563214199344E-002
   2.000000     -7.116329084599275E-002
   3.000000     -6.899823411701604E-002
   4.000000     -6.739935037361779E-002
   5.000000     -6.596769747306913E-002
   6.000000     -6.247569466291561E-002
   7.000000     -5.934782704161616E-002
   8.000000     -5.875602301445597E-002
   9.000000     -5.496964144304131E-002
   10.00000     -5.122544719278282E-002
   11.00000     -4.759530155238673E-002
   12.00000     -4.521580795135917E-002
   13.00000     -4.412463059670534E-002
   14.00000     -4.084014205025392E-002
   15.00000     -3.775537596013192E-002
   16.00000     -3.487473836257615E-002
   17.00000     -3.219640145823980E-002
   18.00000     -2.971439627845204E-002
   19.00000     -2.742011356988762E-002
   20.00000     -2.530337401367115E-002
   21.00000     -2.335318479563134E-002
   22.00000     -2.236994005843884E-002
   23.00000     -2.155826731935107E-002
   24.00000     -1.990742109371389E-002
   25.00000     -1.838976365380191E-002
   26.00000     -1.699488768711474E-002
   27.00000     -1.571295384216141E-002
   28.00000     -1.453474003871554E-002
   29.00000     -1.345165977757040E-002
   30.00000     -1.245575911628480E-002
   31.00000     -1.153969931477188E-002
   32.00000     -1.069673022343584E-002
   33.00000     -9.920658064630100E-003
   34.00000     -9.205810211210764E-003
   35.00000     -8.546998796120009E-003
   36.00000     -7.939484422241480E-003
   37.00000     -7.378940829026968E-003
   38.00000     -6.861421072197988E-003
   39.00000     -6.383325555967307E-003
   40.00000     -5.941372101999359E-003
   41.00000     -5.532568129608921E-003
   42.00000     -5.154184945481866E-003
   43.00000     -4.803734089566041E-003
   44.00000     -4.478945650080196E-003
   45.00000     -4.177748439888322E-003
   46.00000     -3.898251915122299E-003
   47.00000     -3.638729712186994E-003
   48.00000     -3.397604679149960E-003
   49.00000     -3.173435280517869E-003
   50.00000     -2.964903259461555E-003
   51.00000     -2.770802447879032E-003
   52.00000     -2.590028621719122E-003
   53.00000     -2.421570306324553E-003
   54.00000     -2.264500443910824E-003
   55.00000     -2.117968842484128E-003
   56.00000     -1.981195332393348E-003
   57.00000     -1.853463563226820E-003
   58.00000     -1.734115379862774E-003
   59.00000     -1.622545722141701E-003
   60.00000     -1.518197997848977E-003
   61.00000     -1.420559883485039E-003
   62.00000     -1.329159511677406E-003
   63.00000     -1.243562008074257E-003
   64.00000     -1.163366344180383E-003
   65.00000     -1.088202475877402E-003
   66.00000     -1.017728740339395E-003
   67.00000     -9.516294867369851E-004
   68.00000     -8.896129185436539E-004
   69.00000     -8.314091274403364E-004
   70.00000     -7.767683007804956E-004
   71.00000     -7.254590863484213E-004
   72.00000     -6.772670997373351E-004
   73.00000     -6.319935611076927E-004
   74.00000     -5.894540493770446E-004
   75.00000     -5.494773630531812E-004
   76.00000     -5.119044779673068E-004
   77.00000     -4.765875931035732E-004
   78.00000     -4.433892565672571E-004
   79.00000     -4.121815644952063E-004
   80.00000     -3.828454263975163E-004
   81.00000     -3.552698910370425E-004
   82.00000     -3.293515275092727E-004
   83.00000     -3.049938566867039E-004
   84.00000     -2.821068286437194E-004
   85.00000     -2.606063420861159E-004
   86.00000     -2.404138021774051E-004
   87.00000     -2.214557134868664E-004
   88.00000     -2.036633050849922E-004
   89.00000     -1.869721850841708E-004
   90.00000     -1.713220221691070E-004
   91.00000     -1.566562518851661E-004
   92.00000     -1.429218056564332E-004
   93.00000     -1.300688606905202E-004
   94.00000     -1.180506090969123E-004
   95.00000     -1.068230447013653E-004
   96.00000     -9.634476618309951E-005
   97.00000     -8.657679529608292E-005
   98.00000     -7.748240906305426E-005
   99.00000     -6.902698495367412E-005
   100.0000     -6.117785817955808E-005
   101.0000     -5.390419036317909E-005
   102.0000     -4.717684897048766E-005
   103.0000     -4.096829704703762E-005
   104.0000     -3.525249297704036E-005
   105.0000     -3.000480021395620E-005
   106.0000     -2.520190724232420E-005
   107.0000     -2.082175847774128E-005
   108.0000     -1.684349749052142E-005
   109.0000     -1.324742502169937E-005
   110.0000     -1.001497607875791E-005
   111.0000     -7.128723619745362E-006
   112.0000     -4.572422392886763E-006
   113.0000     -2.331118731735869E-006
   114.0000     -3.913790864000209E-007
