  0.0000000E+00 -7.247876569774937E-002
   1.000000     -7.190325665164803E-002
   2.000000     -7.133064426234859E-002
   3.000000     -7.076092281830422E-002
   4.000000     -7.019408659810623E-002
   5.000000     -6.963012987044860E-002
   6.000000     -6.906904689407874E-002
   7.000000     -6.851083191799909E-002
   8.000000     -6.795547918166972E-002
   9.000000     -6.740298289662554E-002
   10.00000     -6.685333738898609E-002
   11.00000     -6.630653679653484E-002
   12.00000     -6.576257277346584E-002
   13.00000     -6.522145566835699E-002
   14.00000     -6.468315188146050E-002
   15.00000     -6.414753636589715E-002
   16.00000     -6.361548769270037E-002
   17.00000     -6.308517494553660E-002
   18.00000     -6.255515064292448E-002
   19.00000     -6.204482469583613E-002
   20.00000     -6.151209242350070E-002
   21.00000     -6.096680602421039E-002
   22.00000     -6.057155267376339E-002
   23.00000     -5.995540302934885E-002
   24.00000     -5.931266029760050E-002
   25.00000     -5.910972426037450E-002
   26.00000     -5.831467156412646E-002
   27.00000     -5.745625480363893E-002
   28.00000     -5.733705020032871E-002
   29.00000     -5.655683259731949E-002
   30.00000     -5.565145696808963E-002
   31.00000     -5.498836255805861E-002
   32.00000     -5.473316821664462E-002
   33.00000     -5.380843090297855E-002
   34.00000     -5.287829028009938E-002
   35.00000     -5.220988382198000E-002
   36.00000     -5.194527364622985E-002
   37.00000     -5.101219666941622E-002
   38.00000     -5.008033499135481E-002
   39.00000     -4.915146648673619E-002
   40.00000     -4.899411011778630E-002
   41.00000     -4.822664534131794E-002
   42.00000     -4.730748570822068E-002
   43.00000     -4.639489723402527E-002
   44.00000     -4.548986379594680E-002
   45.00000     -4.531143895120402E-002
   46.00000     -4.459308978101166E-002
   47.00000     -4.370546216203147E-002
   48.00000     -4.282755373608167E-002
   49.00000     -4.195992665148691E-002
   50.00000     -4.112443384425994E-002
   51.00000     -4.110287759478988E-002
   52.00000     -4.025736704696126E-002
   53.00000     -3.942322065733453E-002
   54.00000     -3.860091023259857E-002
   55.00000     -3.779068792684177E-002
   56.00000     -3.699276059869003E-002
   57.00000     -3.638952867635516E-002
   58.00000     -3.620727609403097E-002
   59.00000     -3.543439910720395E-002
   60.00000     -3.467419335917610E-002
   61.00000     -3.392672859084430E-002
   62.00000     -3.319204015855350E-002
   63.00000     -3.247013806711307E-002
   64.00000     -3.176100986554225E-002
   65.00000     -3.106478636363371E-002
   66.00000     -3.105884693550889E-002
   67.00000     -3.038091815505548E-002
   68.00000     -2.970983895133115E-002
   69.00000     -2.905129654404329E-002
   70.00000     -2.840519500663118E-002
   71.00000     -2.777142632070940E-002
   72.00000     -2.714987193723869E-002
   73.00000     -2.654040403099966E-002
   74.00000     -2.594288666769135E-002
   75.00000     -2.535717747938343E-002
   76.00000     -2.507928777821013E-002
   77.00000     -2.478312166397441E-002
   78.00000     -2.422057330057713E-002
   79.00000     -2.366936784214290E-002
   80.00000     -2.312934278020764E-002
   81.00000     -2.260033175482958E-002
   82.00000     -2.208216572059059E-002
   83.00000     -2.157467353493322E-002
   84.00000     -2.107768246223223E-002
   85.00000     -2.059101862731299E-002
   86.00000     -2.011450742713052E-002
   87.00000     -1.964797390682167E-002
   88.00000     -1.919124311353803E-002
   89.00000     -1.874414054156780E-002
   90.00000     -1.839152605197378E-002
   91.00000     -1.830648826531729E-002
   92.00000     -1.787812182852997E-002
   93.00000     -1.745886164196882E-002
   94.00000     -1.704853847464199E-002
   95.00000     -1.664698275984008E-002
   96.00000     -1.625402643765275E-002
   97.00000     -1.586950315027881E-002
   98.00000     -1.549324837650908E-002
   99.00000     -1.512509954461940E-002
   100.0000     -1.476489612983755E-002
   101.0000     -1.441247973858808E-002
   102.0000     -1.406769418087357E-002
   103.0000     -1.373038553187552E-002
   104.0000     -1.340040218371903E-002
   105.0000     -1.307759488826564E-002
   106.0000     -1.276181679173178E-002
   107.0000     -1.245292346190924E-002
   108.0000     -1.215077290881666E-002
   109.0000     -1.185522559997153E-002
   110.0000     -1.156614447348013E-002
   111.0000     -1.128339496859676E-002
   112.0000     -1.100684564505519E-002
   113.0000     -1.093119775463116E-002
   114.0000     -1.073636364231715E-002
   115.0000     -1.047182593114449E-002
   116.0000     -1.021310574412576E-002
   117.0000     -9.960080853232843E-003
   118.0000     -9.712631307385923E-003
   119.0000     -9.470639519741158E-003
   120.0000     -9.233990255675078E-003
   121.0000     -9.002570609711305E-003
   122.0000     -8.776269978906038E-003
   123.0000     -8.554980034197720E-003
   124.0000     -8.338594690242182E-003
   125.0000     -8.127010074013600E-003
   126.0000     -7.920124492375067E-003
   127.0000     -7.717838398788772E-003
   128.0000     -7.520054359302678E-003
   129.0000     -7.326677017951389E-003
   130.0000     -7.137613061684681E-003
   131.0000     -6.952771184929473E-003
   132.0000     -6.772062053885192E-003
   133.0000     -6.595398270637530E-003
   134.0000     -6.422694337173492E-003
   135.0000     -6.253866619367247E-003
   136.0000     -6.088833311008167E-003
   137.0000     -5.927514397923167E-003
   138.0000     -5.769831622256015E-003
   139.0000     -5.615708446945934E-003
   140.0000     -5.465070020451676E-003
   141.0000     -5.317843141762158E-003
   142.0000     -5.173956225725250E-003
   143.0000     -5.033339268729710E-003
   144.0000     -4.895923814764711E-003
   145.0000     -4.761642921886414E-003
   146.0000     -4.630431129105730E-003
   147.0000     -4.502224423725423E-003
   148.0000     -4.376960209133632E-003
   149.0000     -4.254577273075877E-003
   150.0000     -4.135015756411436E-003
   151.0000     -4.018217122367445E-003
   152.0000     -3.904124126297382E-003
   153.0000     -3.792680785952500E-003
   154.0000     -3.683832352268861E-003
   155.0000     -3.577525280677373E-003
   156.0000     -3.473707202937402E-003
   157.0000     -3.372326899502940E-003
   158.0000     -3.273334272422950E-003
   159.0000     -3.176680318794640E-003
   160.0000     -3.082317104804886E-003
   161.0000     -2.990197740475286E-003
   162.0000     -2.900276355507013E-003
   163.0000     -2.812508078100220E-003
   164.0000     -2.726849031246586E-003
   165.0000     -2.643256974150107E-003
   166.0000     -2.627670463520944E-003
   167.0000     -2.561687023484078E-003
   168.0000     -2.482101476111071E-003
   169.0000     -2.404458616465679E-003
   170.0000     -2.328719112072413E-003
   171.0000     -2.254844406197273E-003
   172.0000     -2.182796748844120E-003
   173.0000     -2.112539182714048E-003
   174.0000     -2.044035524893545E-003
   175.0000     -1.977250348014403E-003
   176.0000     -1.912148961572067E-003
   177.0000     -1.848697393572884E-003
   178.0000     -1.786862372563322E-003
   179.0000     -1.726611310052764E-003
   180.0000     -1.667912283332513E-003
   181.0000     -1.610734018687648E-003
   182.0000     -1.555045874995431E-003
   183.0000     -1.500817827703618E-003
   184.0000     -1.448020453182604E-003
   185.0000     -1.396624913441660E-003
   186.0000     -1.346602941205549E-003
   187.0000     -1.297926825339659E-003
   188.0000     -1.250569396620293E-003
   189.0000     -1.204504013839444E-003
   190.0000     -1.159704550238714E-003
   191.0000     -1.116145380264557E-003
   192.0000     -1.073801366637353E-003
   193.0000     -1.032647847727428E-003
   194.0000     -9.926606252306967E-004
   195.0000     -9.538159521381201E-004
   196.0000     -9.160905209902410E-004
   197.0000     -8.794614524117488E-004
   198.0000     -8.439062839190616E-004
   199.0000     -8.094029589935122E-004
   200.0000     -7.759298164149675E-004
   201.0000     -7.434655798490062E-004
   202.0000     -7.119893476812333E-004
   203.0000     -6.814805830932883E-004
   204.0000     -6.519191043741208E-004
   205.0000     -6.232850754606658E-004
   206.0000     -5.955589967027378E-004
   207.0000     -5.687216958456161E-004
   208.0000     -5.427543192258726E-004
   209.0000     -5.176383231739484E-004
   210.0000     -4.933554656189543E-004
   211.0000     -4.698877978904225E-004
   212.0000     -4.472176567114912E-004
   213.0000     -4.253276563789172E-004
   214.0000     -4.042006811249796E-004
   215.0000     -3.838198776562763E-004
   216.0000     -3.641686478653634E-004
   217.0000     -3.452306417096373E-004
   218.0000     -3.269897502540087E-004
   219.0000     -3.094300988723703E-004
   220.0000     -2.925360406038368E-004
   221.0000     -2.762921496593268E-004
   222.0000     -2.606832150746939E-004
   223.0000     -2.456942345061589E-004
   224.0000     -2.313104081642528E-004
   225.0000     -2.175171328821918E-004
   226.0000     -2.042999963154210E-004
   227.0000     -1.916447712680468E-004
   228.0000     -1.795374101429854E-004
   229.0000     -1.679640395122802E-004
   230.0000     -1.569109548038428E-004
   231.0000     -1.463646151017752E-004
   232.0000     -1.363116380564418E-004
   233.0000     -1.267387949016163E-004
   234.0000     -1.176330055750285E-004
   235.0000     -1.089813339398154E-004
   236.0000     -1.007709831035132E-004
   237.0000     -9.298929083175900E-005
   238.0000     -8.562372505406207E-005
   239.0000     -7.866187945864913E-005
   240.0000     -7.209146917391094E-005
   241.0000     -6.590032653384250E-005
   242.0000     -6.007639692489289E-005
   243.0000     -5.460773471206854E-005
   244.0000     -4.948249924188886E-005
   245.0000     -4.468895092022323E-005
   246.0000     -4.021544736298799E-005
   247.0000     -3.605043961817317E-005
   248.0000     -3.218246845770608E-005
   249.0000     -2.860016073814118E-005
   250.0000     -2.529222582961408E-005
   251.0000     -2.224745211334833E-005
   252.0000     -1.945470354856126E-005
   253.0000     -1.690291631134635E-005
   254.0000     -1.458109550974667E-005
   255.0000     -1.247831198215906E-005
   256.0000     -1.058369919048176E-005
   257.0000     -8.886450225867695E-006
   258.0000     -7.375814955499372E-006
   259.0000     -6.041097355482126E-006
   260.0000     -4.871653103455923E-006
   261.0000     -3.856887553655445E-006
   262.0000     -2.986254306622201E-006
   263.0000     -2.249254755617491E-006
   264.0000     -1.635439334971355E-006
   265.0000     -1.134411939167137E-006
   266.0000     -7.358407472787578E-007
   267.0000     -4.294834143059637E-007
   268.0000     -2.052495768871188E-007
   269.0000     -5.338560842696866E-008
