  0.0000000E+00 -6.891019069490359E-002
   1.000000     -6.842801631283126E-002
   2.000000     -6.794797374852252E-002
   3.000000     -6.747005368170986E-002
   4.000000     -6.699425433842338E-002
   5.000000     -6.652057205147129E-002
   6.000000     -6.604900314707508E-002
   7.000000     -6.557954393575278E-002
   8.000000     -6.511219090553770E-002
   9.000000     -6.464693942876774E-002
   10.00000     -6.418378709412285E-002
   11.00000     -6.372274943259867E-002
   12.00000     -6.326368562409204E-002
   13.00000     -6.280702423794496E-002
   14.00000     -6.235271768292280E-002
   15.00000     -6.189644257391404E-002
   16.00000     -6.145676367532826E-002
   17.00000     -6.100394197885321E-002
   18.00000     -6.052594535357095E-002
   19.00000     -6.019911514158808E-002
   20.00000     -5.963778971242080E-002
   21.00000     -5.913667910447256E-002
   22.00000     -5.888755888696148E-002
   23.00000     -5.812895192119237E-002
   24.00000     -5.751812570204855E-002
   25.00000     -5.731794117411816E-002
   26.00000     -5.648666715116041E-002
   27.00000     -5.563474985305487E-002
   28.00000     -5.553730444996168E-002
   29.00000     -5.476547892372762E-002
   30.00000     -5.388631890480620E-002
   31.00000     -5.319817418369693E-002
   32.00000     -5.299864659353291E-002
   33.00000     -5.210569121388052E-002
   34.00000     -5.120924917483533E-002
   35.00000     -5.047766631853740E-002
   36.00000     -5.031130395711720E-002
   37.00000     -4.941387235745728E-002
   38.00000     -4.851828883046595E-002
   39.00000     -4.762599909767584E-002
   40.00000     -4.734954861575549E-002
   41.00000     -4.673817109708618E-002
   42.00000     -4.585597562203302E-002
   43.00000     -4.498034075636092E-002
   44.00000     -4.411213186937359E-002
   45.00000     -4.378033094831143E-002
   46.00000     -4.325208287672681E-002
   47.00000     -4.240089929047464E-002
   48.00000     -4.155914878299274E-002
   49.00000     -4.072734669932615E-002
   50.00000     -3.990594464316684E-002
   51.00000     -3.973150264369384E-002
   52.00000     -3.909530342244030E-002
   53.00000     -3.829578059335083E-002
   54.00000     -3.750764100587385E-002
   55.00000     -3.673111664540324E-002
   56.00000     -3.596639692161634E-002
   57.00000     -3.521364513502377E-002
   58.00000     -3.516021631354772E-002
   59.00000     -3.447293568933541E-002
   60.00000     -3.374439734440938E-002
   61.00000     -3.302806925499575E-002
   62.00000     -3.232398112033897E-002
   63.00000     -3.163213881523263E-002
   64.00000     -3.095252689810030E-002
   65.00000     -3.028511137942095E-002
   66.00000     -3.001916124936552E-002
   67.00000     -2.962983562733082E-002
   68.00000     -2.898663869961086E-002
   69.00000     -2.835543522293323E-002
   70.00000     -2.773613139565077E-002
   71.00000     -2.712862191006226E-002
   72.00000     -2.653279151892122E-002
   73.00000     -2.594851620982557E-002
   74.00000     -2.537566426878381E-002
   75.00000     -2.481409730404601E-002
   76.00000     -2.426369785642527E-002
   77.00000     -2.425627965368695E-002
   78.00000     -2.372423436059413E-002
   79.00000     -2.319563636043828E-002
   80.00000     -2.267771821599854E-002
   81.00000     -2.217031962018227E-002
   82.00000     -2.167327772722664E-002
   83.00000     -2.118642773257318E-002
   84.00000     -2.070960335190970E-002
   85.00000     -2.024263725145111E-002
   86.00000     -1.978536143814381E-002
   87.00000     -1.933760761416742E-002
   88.00000     -1.889920750004738E-002
   89.00000     -1.846999313656957E-002
   90.00000     -1.804979728128564E-002
   91.00000     -1.781470136100430E-002
   92.00000     -1.763845191130341E-002
   93.00000     -1.723579397120907E-002
   94.00000     -1.684165743819085E-002
   95.00000     -1.645587957676235E-002
   96.00000     -1.607829893689548E-002
   97.00000     -1.570875571491034E-002
   98.00000     -1.534709188817994E-002
   99.00000     -1.499315132322881E-002
   100.0000     -1.464677986853842E-002
   101.0000     -1.430782543468364E-002
   102.0000     -1.397613806316004E-002
   103.0000     -1.365156998493920E-002
   104.0000     -1.333397566964636E-002
   105.0000     -1.302321186617148E-002
   106.0000     -1.271913763545678E-002
   107.0000     -1.242161437614884E-002
   108.0000     -1.213050584376572E-002
   109.0000     -1.184567816401748E-002
   110.0000     -1.156699984101421E-002
   111.0000     -1.129434176168171E-002
   112.0000     -1.102757720201754E-002
   113.0000     -1.076658191976229E-002
   114.0000     -1.063203093840605E-002
   115.0000     -1.051123300303503E-002
   116.0000     -1.026141235866761E-002
   117.0000     -1.001700171309558E-002
   118.0000     -9.777886213219273E-003
   119.0000     -9.543953173284462E-003
   120.0000     -9.315092170094843E-003
   121.0000     -9.091195027023989E-003
   122.0000     -8.872155789402791E-003
   123.0000     -8.657870697233684E-003
   124.0000     -8.448238156307677E-003
   125.0000     -8.243158708109493E-003
   126.0000     -8.042534998728567E-003
   127.0000     -7.846271746943868E-003
   128.0000     -7.654275711622990E-003
   129.0000     -7.466455658559501E-003
   130.0000     -7.282722326861417E-003
   131.0000     -7.102988394992694E-003
   132.0000     -6.927168446559486E-003
   133.0000     -6.755178935925433E-003
   134.0000     -6.586938153734017E-003
   135.0000     -6.422366192405117E-003
   136.0000     -6.261384911670212E-003
   137.0000     -6.103917904204169E-003
   138.0000     -5.949890461403045E-003
   139.0000     -5.799229539356880E-003
   140.0000     -5.651863725057816E-003
   141.0000     -5.507723202880850E-003
   142.0000     -5.366739721373436E-003
   143.0000     -5.228846560380685E-003
   144.0000     -5.093978498534501E-003
   145.0000     -4.962071781130509E-003
   146.0000     -4.833064088412137E-003
   147.0000     -4.706894504280554E-003
   148.0000     -4.583503485446665E-003
   149.0000     -4.462832831037211E-003
   150.0000     -4.344825652667444E-003
   151.0000     -4.229426344988779E-003
   152.0000     -4.116580556721046E-003
   153.0000     -4.006235162173299E-003
   154.0000     -3.898338233258846E-003
   155.0000     -3.792839012009714E-003
   156.0000     -3.689687883589690E-003
   157.0000     -3.588836349809959E-003
   158.0000     -3.490237003147979E-003
   159.0000     -3.393843501267324E-003
   160.0000     -3.299610542042753E-003
   161.0000     -3.207493839090312E-003
   162.0000     -3.117450097811437E-003
   163.0000     -3.029436991978315E-003
   164.0000     -2.943413140952145E-003
   165.0000     -2.859338087908771E-003
   166.0000     -2.777172281201545E-003
   167.0000     -2.696877084737582E-003
   168.0000     -2.640189617652321E-003
   169.0000     -2.618414103444453E-003
   170.0000     -2.541747572407375E-003
   171.0000     -2.466840404451979E-003
   172.0000     -2.393657431559016E-003
   173.0000     -2.322164074809919E-003
   174.0000     -2.252326504270871E-003
   175.0000     -2.184111628492075E-003
   176.0000     -2.117487077860627E-003
   177.0000     -2.052421187348922E-003
   178.0000     -1.988882979420441E-003
   179.0000     -1.926842147251478E-003
   180.0000     -1.866269038314760E-003
   181.0000     -1.807134638330894E-003
   182.0000     -1.749410555591926E-003
   183.0000     -1.693069005647870E-003
   184.0000     -1.638082796354354E-003
   185.0000     -1.584425313272511E-003
   186.0000     -1.532070505415163E-003
   187.0000     -1.480992871333272E-003
   188.0000     -1.431167445534037E-003
   189.0000     -1.382569785225439E-003
   190.0000     -1.335175957379373E-003
   191.0000     -1.288962526107453E-003
   192.0000     -1.243906540342466E-003
   193.0000     -1.199985521818570E-003
   194.0000     -1.157177453344968E-003
   195.0000     -1.115460767365497E-003
   196.0000     -1.074814334798690E-003
   197.0000     -1.035217454152439E-003
   198.0000     -9.966498409065248E-004
   199.0000     -9.590916171579644E-004
   200.0000     -9.225233015234419E-004
   201.0000     -8.869257992928562E-004
   202.0000     -8.522803928290625E-004
   203.0000     -8.185687322088785E-004
   204.0000     -7.857728260992021E-004
   205.0000     -7.538750328652179E-004
   206.0000     -7.228580519039098E-004
   207.0000     -6.927049152002319E-004
   208.0000     -6.633989791004506E-004
   209.0000     -6.349239162990525E-004
   210.0000     -6.072637080353389E-004
   211.0000     -5.804026364961659E-004
   212.0000     -5.543252774210412E-004
   213.0000     -5.290164929068647E-004
   214.0000     -5.044614244095581E-004
   215.0000     -4.806454859397348E-004
   216.0000     -4.575543574507678E-004
   217.0000     -4.351739784168469E-004
   218.0000     -4.134905416005738E-004
   219.0000     -3.924904870088101E-004
   220.0000     -3.721604960363673E-004
   221.0000     -3.524874857985896E-004
   222.0000     -3.334586036533649E-004
   223.0000     -3.150612219147043E-004
   224.0000     -2.972829327608655E-004
   225.0000     -2.801115433414048E-004
   226.0000     -2.635350710876461E-004
   227.0000     -2.475417392344832E-004
   228.0000     -2.321199725617477E-004
   229.0000     -2.172583933662844E-004
   230.0000     -2.029458176783123E-004
   231.0000     -1.891712517389863E-004
   232.0000     -1.759238887599656E-004
   233.0000     -1.631931059902524E-004
   234.0000     -1.509684621219204E-004
   235.0000     -1.392396950732052E-004
   236.0000     -1.279967201969876E-004
   237.0000     -1.172296289736492E-004
   238.0000     -1.069286882623722E-004
   239.0000     -9.708434020337736E-005
   240.0000     -8.768720288793965E-005
   241.0000     -7.872807194448591E-005
   242.0000     -7.019792323117144E-005
   243.0000     -6.208791688089763E-005
   244.0000     -5.438940302054291E-005
   245.0000     -4.709392959021808E-005
   246.0000     -4.019325283286352E-005
   247.0000     -3.367935123047256E-005
   248.0000     -2.754444395976317E-005
   249.0000     -2.178101537906973E-005
   250.0000     -1.638184772099356E-005
   251.0000     -1.134006519545375E-005
   252.0000     -6.649194358881455E-006
   253.0000     -2.303248348519642E-006
