  0.0000000E+00 -6.779282092369086E-002
   1.000000     -6.731260091373531E-002
   2.000000     -6.683451522153970E-002
   3.000000     -6.635855491422983E-002
   4.000000     -6.588471809867189E-002
   5.000000     -6.541300111506569E-002
   6.000000     -6.494340029856442E-002
   7.000000     -6.447591196044727E-002
   8.000000     -6.401053257328967E-002
   9.000000     -6.354725804493482E-002
   10.00000     -6.308608266184934E-002
   11.00000     -6.262702953336041E-002
   12.00000     -6.216998471083383E-002
   13.00000     -6.171509182693527E-002
   14.00000     -6.126330257072241E-002
   15.00000     -6.080913242741499E-002
   16.00000     -6.036639452241206E-002
   17.00000     -5.993024995311161E-002
   18.00000     -5.943684136182265E-002
   19.00000     -5.910030637373906E-002
   20.00000     -5.861519045470783E-002
   21.00000     -5.797687425605910E-002
   22.00000     -5.784840750906283E-002
   23.00000     -5.714243813396073E-002
   24.00000     -5.635373869487697E-002
   25.00000     -5.628229223685263E-002
   26.00000     -5.552154202278085E-002
   27.00000     -5.467825917722259E-002
   28.00000     -5.429707786752104E-002
   29.00000     -5.381886954463944E-002
   30.00000     -5.294856027918345E-002
   31.00000     -5.206991415088807E-002
   32.00000     -5.194227740537197E-002
   33.00000     -5.118496440924931E-002
   34.00000     -5.029679166045024E-002
   35.00000     -4.940711463214698E-002
   36.00000     -4.920812563523141E-002
   37.00000     -4.851753376548415E-002
   38.00000     -4.762982301426814E-002
   39.00000     -4.674527508297664E-002
   40.00000     -4.606637448302264E-002
   41.00000     -4.586508323743177E-002
   42.00000     -4.499043731321917E-002
   43.00000     -4.412223265369234E-002
   44.00000     -4.326134912891623E-002
   45.00000     -4.248333821371600E-002
   46.00000     -4.240850719850139E-002
   47.00000     -4.156449012426621E-002
   48.00000     -4.072978503837343E-002
   49.00000     -3.990493748851999E-002
   50.00000     -3.909039638593905E-002
   51.00000     -3.842056449357526E-002
   52.00000     -3.828653389887440E-002
   53.00000     -3.749371457383995E-002
   54.00000     -3.671218870263911E-002
   55.00000     -3.594219679782990E-002
   56.00000     -3.518392988426221E-002
   57.00000     -3.443754064895553E-002
   58.00000     -3.383521235020185E-002
   59.00000     -3.370313867569197E-002
   60.00000     -3.298082814270391E-002
   61.00000     -3.227065040807914E-002
   62.00000     -3.157264018650723E-002
   63.00000     -3.088680475233188E-002
   64.00000     -3.021312989171467E-002
   65.00000     -2.955158213621371E-002
   66.00000     -2.890211152258404E-002
   67.00000     -2.867989574347550E-002
   68.00000     -2.826464654886968E-002
   69.00000     -2.763911367005332E-002
   70.00000     -2.702541622584266E-002
   71.00000     -2.642345028373924E-002
   72.00000     -2.583310169546175E-002
   73.00000     -2.525424749866719E-002
   74.00000     -2.468675699345918E-002
   75.00000     -2.413049271602106E-002
   76.00000     -2.358531135441985E-002
   77.00000     -2.305106526908652E-002
   78.00000     -2.290260745209104E-002
   79.00000     -2.252759800144127E-002
   80.00000     -2.201475798530199E-002
   81.00000     -2.151238343173941E-002
   82.00000     -2.102031254837479E-002
   83.00000     -2.053838143333899E-002
   84.00000     -2.006642467476224E-002
   85.00000     -1.960427579298227E-002
   86.00000     -1.915176763330326E-002
   87.00000     -1.870873272098132E-002
   88.00000     -1.827500358284623E-002
   89.00000     -1.785041303885444E-002
   90.00000     -1.743479446747893E-002
   91.00000     -1.702798205623950E-002
   92.00000     -1.662981120328596E-002
   93.00000     -1.644636091401684E-002
   94.00000     -1.624011677134894E-002
   95.00000     -1.585873890922838E-002
   96.00000     -1.548551546484697E-002
   97.00000     -1.512028752907300E-002
   98.00000     -1.476289780362108E-002
   99.00000     -1.441319085474785E-002
   100.0000     -1.407101321755128E-002
   101.0000     -1.373621347850977E-002
   102.0000     -1.340864234515276E-002
   103.0000     -1.308815270505946E-002
   104.0000     -1.277459967534727E-002
   105.0000     -1.246784064353602E-002
   106.0000     -1.216773530055557E-002
   107.0000     -1.187414566658740E-002
   108.0000     -1.158693611037400E-002
   109.0000     -1.130597336257939E-002
   110.0000     -1.103112652374214E-002
   111.0000     -1.076226706732853E-002
   112.0000     -1.049926883837207E-002
   113.0000     -1.024200804822122E-002
   114.0000     -9.990363266127797E-003
   115.0000     -9.744215409727338E-003
   116.0000     -9.503447748911967E-003
   117.0000     -9.267947317711450E-003
   118.0000     -9.248828914977613E-003
   119.0000     -9.037596975881400E-003
   120.0000     -8.812292239645450E-003
   121.0000     -8.591923454794719E-003
   122.0000     -8.376385231651318E-003
   123.0000     -8.165574335536540E-003
   124.0000     -7.959389686744258E-003
   125.0000     -7.757732334337077E-003
   126.0000     -7.560505426080279E-003
   127.0000     -7.367614176940375E-003
   128.0000     -7.178965836718997E-003
   129.0000     -6.994469657061958E-003
   130.0000     -6.814036857991356E-003
   131.0000     -6.637580594077501E-003
   132.0000     -6.465015920347499E-003
   133.0000     -6.296259758019023E-003
   134.0000     -6.131230860135973E-003
   135.0000     -5.969849777176834E-003
   136.0000     -5.812038822698517E-003
   137.0000     -5.657722039075681E-003
   138.0000     -5.506825163383341E-003
   139.0000     -5.359275593472979E-003
   140.0000     -5.215002354282596E-003
   141.0000     -5.073936064419726E-003
   142.0000     -4.936008903048631E-003
   143.0000     -4.801154577115498E-003
   144.0000     -4.669308288935015E-003
   145.0000     -4.540406704163944E-003
   146.0000     -4.414387920181935E-003
   147.0000     -4.291191434896808E-003
   148.0000     -4.170758115992828E-003
   149.0000     -4.053030170630981E-003
   150.0000     -3.937951115617596E-003
   151.0000     -3.825465748046774E-003
   152.0000     -3.715520116428462E-003
   153.0000     -3.608061492303628E-003
   154.0000     -3.503038342356861E-003
   155.0000     -3.400400301026156E-003
   156.0000     -3.300098143612792E-003
   157.0000     -3.202083759895134E-003
   158.0000     -3.106310128243269E-003
   159.0000     -3.012731290236193E-003
   160.0000     -2.921302325780023E-003
   161.0000     -2.831979328723952E-003
   162.0000     -2.744719382972129E-003
   163.0000     -2.659480539088604E-003
   164.0000     -2.576221791390702E-003
   165.0000     -2.494903055525962E-003
   166.0000     -2.415485146530178E-003
   167.0000     -2.337929757358733E-003
   168.0000     -2.262199437888202E-003
   169.0000     -2.188257574381225E-003
   170.0000     -2.116068369408977E-003
   171.0000     -2.045596822226127E-003
   172.0000     -1.976808709590867E-003
   173.0000     -1.909670567025091E-003
   174.0000     -1.844149670507462E-003
   175.0000     -1.780214018594894E-003
   176.0000     -1.717832314965174E-003
   177.0000     -1.656973951378178E-003
   178.0000     -1.597608991053536E-003
   179.0000     -1.539708152470089E-003
   180.0000     -1.483242793616488E-003
   181.0000     -1.428184896794148E-003
   182.0000     -1.374507054418862E-003
   183.0000     -1.322182458533668E-003
   184.0000     -1.271184933881093E-003
   185.0000     -1.241900662902155E-003
   186.0000     -1.221488284049340E-003
   187.0000     -1.173068353398218E-003
   188.0000     -1.125899930321619E-003
   189.0000     -1.079959070155288E-003
   190.0000     -1.035222243230901E-003
   191.0000     -9.916664135122780E-004
   192.0000     -9.492690325575952E-004
   193.0000     -9.080080290654641E-004
   194.0000     -8.678617979512608E-004
   195.0000     -8.288091895422779E-004
   196.0000     -7.908294990276847E-004
   197.0000     -7.539024562028934E-004
   198.0000     -7.180082155209385E-004
   199.0000     -6.831273464578889E-004
   200.0000     -6.492408241945099E-004
   201.0000     -6.163300206175128E-004
   202.0000     -5.843766956436425E-004
   203.0000     -5.533629888712369E-004
   204.0000     -5.232714115645742E-004
   205.0000     -4.940848389786759E-004
   206.0000     -4.657865030340437E-004
   207.0000     -4.383599853521696E-004
   208.0000     -4.117892106671738E-004
   209.0000     -3.860584406302714E-004
   210.0000     -3.611522680287461E-004
   211.0000     -3.370556114452505E-004
   212.0000     -3.137537103887520E-004
   213.0000     -2.912321209345781E-004
   214.0000     -2.694767119196045E-004
   215.0000     -2.484736617477620E-004
   216.0000     -2.282094558726756E-004
   217.0000     -2.086708850392434E-004
   218.0000     -1.898450443835754E-004
   219.0000     -1.717193335136305E-004
   220.0000     -1.542814577207579E-004
   221.0000     -1.375194305090982E-004
   222.0000     -1.214215776759469E-004
   223.0000     -1.059765432359943E-004
   224.0000     -9.117329756136397E-005
   225.0000     -7.700114821297076E-005
   226.0000     -6.344975407832969E-005
   227.0000     -5.050914361954356E-005
   228.0000     -3.816973829608889E-005
   229.0000     -2.642238259044847E-005
   230.0000     -1.525838258425349E-005
   231.0000     -4.669555785354396E-006
