  0.0000000E+00 -6.799886200687937E-002
   1.000000     -6.751828278556332E-002
   2.000000     -6.703983384796375E-002
   3.000000     -6.656351154373234E-002
   4.000000     -6.608931221701285E-002
   5.000000     -6.561723220661071E-002
   6.000000     -6.514726784602862E-002
   7.000000     -6.467941544585329E-002
   8.000000     -6.421367148500047E-002
   9.000000     -6.375003176602848E-002
   10.00000     -6.328849110441298E-002
   11.00000     -6.282907195496863E-002
   12.00000     -6.237165260361029E-002
   13.00000     -6.191643144364018E-002
   14.00000     -6.146420510155496E-002
   15.00000     -6.100954567784903E-002
   16.00000     -6.056751301759822E-002
   17.00000     -6.012851615332044E-002
   18.00000     -5.963623110068954E-002
   19.00000     -5.930486983910485E-002
   20.00000     -5.880408569741680E-002
   21.00000     -5.818405420236597E-002
   22.00000     -5.804715212462665E-002
   23.00000     -5.732446121443924E-002
   24.00000     -5.654407479684254E-002
   25.00000     -5.649784121754195E-002
   26.00000     -5.569959186284386E-002
   27.00000     -5.485459328905371E-002
   28.00000     -5.452597610548329E-002
   29.00000     -5.399349913823921E-002
   30.00000     -5.312154937447564E-002
   31.00000     -5.224153273793585E-002
   32.00000     -5.217365693765633E-002
   33.00000     -5.135481095916636E-002
   34.00000     -5.046511128221057E-002
   35.00000     -4.957396581775594E-002
   36.00000     -4.944225797062967E-002
   37.00000     -4.868287972602046E-002
   38.00000     -4.779371596302670E-002
   39.00000     -4.690773839228603E-002
   40.00000     -4.630307423269080E-002
   41.00000     -4.602614283743284E-002
   42.00000     -4.515010023273503E-002
   43.00000     -4.428052468233289E-002
   44.00000     -4.341828924026347E-002
   45.00000     -4.272257680860682E-002
   46.00000     -4.256413113347230E-002
   47.00000     -4.171877903784776E-002
   48.00000     -4.088277412260996E-002
   49.00000     -4.005664354275572E-002
   50.00000     -3.924083593067554E-002
   51.00000     -3.866238777049771E-002
   52.00000     -3.843572632628892E-002
   53.00000     -3.764166771357907E-002
   54.00000     -3.685892169769763E-002
   55.00000     -3.608772466190967E-002
   56.00000     -3.532826729610668E-002
   57.00000     -3.458070215760603E-002
   58.00000     -3.407963156369637E-002
   59.00000     -3.384514026171326E-002
   60.00000     -3.312167928296948E-002
   61.00000     -3.241036688816466E-002
   62.00000     -3.171123538585334E-002
   63.00000     -3.102429124653485E-002
   64.00000     -3.034952160858399E-002
   65.00000     -2.968689121835771E-002
   66.00000     -2.903635205577827E-002
   67.00000     -2.892694267342052E-002
   68.00000     -2.839782741135769E-002
   69.00000     -2.777124829421448E-002
   70.00000     -2.715651652783940E-002
   71.00000     -2.655352785665804E-002
   72.00000     -2.596216792494313E-002
   73.00000     -2.538231357528451E-002
   74.00000     -2.481383391887466E-002
   75.00000     -2.425659131038070E-002
   76.00000     -2.371044228612540E-002
   77.00000     -2.317524549719150E-002
   78.00000     -2.315231164921829E-002
   79.00000     -2.265082475388484E-002
   80.00000     -2.213704776524742E-002
   81.00000     -2.163374625985684E-002
   82.00000     -2.114075820500603E-002
   83.00000     -2.065791952847309E-002
   84.00000     -2.018506465645745E-002
   85.00000     -1.972202695120274E-002
   86.00000     -1.926863910290467E-002
   87.00000     -1.882473348445609E-002
   88.00000     -1.839014247304621E-002
   89.00000     -1.796469874201937E-002
   90.00000     -1.754823552806564E-002
   91.00000     -1.714058689727762E-002
   92.00000     -1.674158960277584E-002
   93.00000     -1.669877139042773E-002
   94.00000     -1.635107385095048E-002
   95.00000     -1.596888394582229E-002
   96.00000     -1.559485643036452E-002
   97.00000     -1.522883214896745E-002
   98.00000     -1.487065366409647E-002
   99.00000     -1.452016541152393E-002
   100.0000     -1.417721379895436E-002
   101.0000     -1.384164728760500E-002
   102.0000     -1.351331646160497E-002
   103.0000     -1.319207408687716E-002
   104.0000     -1.287777516055647E-002
   105.0000     -1.257027695180155E-002
   106.0000     -1.226943903475716E-002
   107.0000     -1.197512331435510E-002
   108.0000     -1.168719404558760E-002
   109.0000     -1.140551784683671E-002
   110.0000     -1.112996370780493E-002
   111.0000     -1.086040299256540E-002
   112.0000     -1.059670943825626E-002
   113.0000     -1.033875915006726E-002
   114.0000     -1.008643059390091E-002
   115.0000     -9.839604593745445E-003
   116.0000     -9.598164475670511E-003
   117.0000     -9.503983999815684E-003
   118.0000     -9.361994624657624E-003
   119.0000     -9.130984370050494E-003
   120.0000     -8.905022868457369E-003
   121.0000     -8.684002466417569E-003
   122.0000     -8.467817647012892E-003
   123.0000     -8.256365074807712E-003
   124.0000     -8.049543573534825E-003
   125.0000     -7.847254097430765E-003
   126.0000     -7.649399700641277E-003
   127.0000     -7.455885505548843E-003
   128.0000     -7.266618670332384E-003
   129.0000     -7.081508355931564E-003
   130.0000     -6.900465692546001E-003
   131.0000     -6.723403745779580E-003
   132.0000     -6.550237482524479E-003
   133.0000     -6.380883736671047E-003
   134.0000     -6.215261174721071E-003
   135.0000     -6.053290261373433E-003
   136.0000     -5.894893225148051E-003
   137.0000     -5.739994024101656E-003
   138.0000     -5.588518311691194E-003
   139.0000     -5.440393402828439E-003
   140.0000     -5.295548240170398E-003
   141.0000     -5.153913360680145E-003
   142.0000     -5.015420862496390E-003
   143.0000     -4.880004372136707E-003
   144.0000     -4.747599012064282E-003
   145.0000     -4.618141368642262E-003
   146.0000     -4.491569460493842E-003
   147.0000     -4.367822707288155E-003
   148.0000     -4.246841898967547E-003
   149.0000     -4.128569165428773E-003
   150.0000     -4.012947946670217E-003
   151.0000     -3.899922963415127E-003
   152.0000     -3.789440188217225E-003
   153.0000     -3.681446589176572E-003
   154.0000     -3.575891241430378E-003
   155.0000     -3.472723020940465E-003
   156.0000     -3.371892856382873E-003
   157.0000     -3.273352563337809E-003
   158.0000     -3.177055046261126E-003
   159.0000     -3.082954273080417E-003
   160.0000     -2.991005250286698E-003
   161.0000     -2.901163998527089E-003
   162.0000     -2.813387528691295E-003
   163.0000     -2.727633818490091E-003
   164.0000     -2.643861789522055E-003
   165.0000     -2.562031284822402E-003
   166.0000     -2.482103046892799E-003
   167.0000     -2.404038696202512E-003
   168.0000     -2.327800710159304E-003
   169.0000     -2.253352402542863E-003
   170.0000     -2.180657903394333E-003
   171.0000     -2.109682139358403E-003
   172.0000     -2.040390814470207E-003
   173.0000     -1.972750391384818E-003
   174.0000     -1.906728073044830E-003
   175.0000     -1.842291784792811E-003
   176.0000     -1.779410156946071E-003
   177.0000     -1.718052507918700E-003
   178.0000     -1.658188828222042E-003
   179.0000     -1.599789767217594E-003
   180.0000     -1.542826643980305E-003
   181.0000     -1.499837744352171E-003
   182.0000     -1.487270755304354E-003
   183.0000     -1.433095988226867E-003
   184.0000     -1.380274357900654E-003
   185.0000     -1.328779811242173E-003
   186.0000     -1.278586613210959E-003
   187.0000     -1.229669569181969E-003
   188.0000     -1.182004020247392E-003
   189.0000     -1.135565831673521E-003
   190.0000     -1.090331380618972E-003
   191.0000     -1.046277543923805E-003
   192.0000     -1.003381686141738E-003
   193.0000     -9.616216478611016E-004
   194.0000     -9.209757343283426E-004
   195.0000     -8.814227043770425E-004
   196.0000     -8.429417596611246E-004
   197.0000     -8.055125341913666E-004
   198.0000     -7.691150841721714E-004
   199.0000     -7.337298781377272E-004
   200.0000     -6.993377873854914E-004
   201.0000     -6.659200767059601E-004
   202.0000     -6.334583954091505E-004
   203.0000     -6.019347686477351E-004
   204.0000     -5.713315890385080E-004
   205.0000     -5.416316085854153E-004
   206.0000     -5.128179309066132E-004
   207.0000     -4.848740037720234E-004
   208.0000     -4.577836119577682E-004
   209.0000     -4.315308704259728E-004
   210.0000     -4.061002178414668E-004
   211.0000     -3.814764104385655E-004
   212.0000     -3.576445162548558E-004
   213.0000     -3.345899097524197E-004
   214.0000     -3.122982668507878E-004
   215.0000     -2.907555604022893E-004
   216.0000     -2.699480561455964E-004
   217.0000     -2.498623091814398E-004
   218.0000     -2.304851610242147E-004
   219.0000     -2.118037372939045E-004
   220.0000     -1.938054461276614E-004
   221.0000     -1.764779774075573E-004
   222.0000     -1.598093029238991E-004
   223.0000     -1.437876776207730E-004
   224.0000     -1.284016421074461E-004
   225.0000     -1.136400266643341E-004
   226.0000     -9.949195703354315E-005
   227.0000     -8.594686236193180E-005
   228.0000     -7.299448577074116E-005
   229.0000     -6.062489816654768E-005
   230.0000     -4.882851610206792E-005
   231.0000     -3.759612476273294E-005
   232.0000     -2.691890753230513E-005
   233.0000     -1.678848413230436E-005
   234.0000     -7.196960123346215E-006
