  0.0000000E+00 -6.866517739381547E-002
   1.000000     -6.818343103680569E-002
   2.000000     -6.770381669638670E-002
   3.000000     -6.722632565492732E-002
   4.000000     -6.675095593971658E-002
   5.000000     -6.627770388514895E-002
   6.000000     -6.580656581939376E-002
   7.000000     -6.533753805251809E-002
   8.000000     -6.487061707346840E-002
   9.000000     -6.440579836107020E-002
   10.00000     -6.394307870453408E-002
   11.00000     -6.348247613332564E-002
   12.00000     -6.302385222079024E-002
   13.00000     -6.256757743199043E-002
   14.00000     -6.211385157910345E-002
   15.00000     -6.165791784771442E-002
   16.00000     -6.121776520927475E-002
   17.00000     -6.076877774071797E-002
   18.00000     -6.028548006819270E-002
   19.00000     -5.996046897405480E-002
   20.00000     -5.941384661030776E-002
   21.00000     -5.887750394900645E-002
   22.00000     -5.866509604934815E-002
   23.00000     -5.791274976476191E-002
   24.00000     -5.725059673810176E-002
   25.00000     -5.710328816307163E-002
   26.00000     -5.627512977363452E-002
   27.00000     -5.542482705064117E-002
   28.00000     -5.526572335200958E-002
   29.00000     -5.455799457858049E-002
   30.00000     -5.368076709404836E-002
   31.00000     -5.292306427653413E-002
   32.00000     -5.279489587495445E-002
   33.00000     -5.190387209177882E-002
   34.00000     -5.100924099326033E-002
   35.00000     -5.019948474175930E-002
   36.00000     -5.011300919437643E-002
   37.00000     -4.921739715353195E-002
   38.00000     -4.832353857245172E-002
   39.00000     -4.743294315396641E-002
   40.00000     -4.706827964054253E-002
   41.00000     -4.654679345939795E-002
   42.00000     -4.566625030401119E-002
   43.00000     -4.479224383849884E-002
   44.00000     -4.392563961271764E-002
   45.00000     -4.349602677023629E-002
   46.00000     -4.306717656763256E-002
   47.00000     -4.221755832076607E-002
   48.00000     -4.137735196766536E-002
   49.00000     -4.054707413555102E-002
   50.00000     -3.972717403582468E-002
   51.00000     -3.944414733686175E-002
   52.00000     -3.891802174262321E-002
   53.00000     -3.811996692994712E-002
   54.00000     -3.733327691909246E-002
   55.00000     -3.655818434202365E-002
   56.00000     -3.579487891924402E-002
   57.00000     -3.504351467076935E-002
   58.00000     -3.486978242929822E-002
   59.00000     -3.430419548707567E-002
   60.00000     -3.357702145098552E-002
   61.00000     -3.286204137979316E-002
   62.00000     -3.215928539655870E-002
   63.00000     -3.146875966881221E-002
   64.00000     -3.079044901345157E-002
   65.00000     -3.012431931675683E-002
   66.00000     -2.972559622626980E-002
   67.00000     -2.947031507940410E-002
   68.00000     -2.882837563722014E-002
   69.00000     -2.819841496176996E-002
   70.00000     -2.758033990254772E-002
   71.00000     -2.697404541031441E-002
   72.00000     -2.637941647483740E-002
   73.00000     -2.579632931241274E-002
   74.00000     -2.522465242855210E-002
   75.00000     -2.466424761449726E-002
   76.00000     -2.411497153922559E-002
   77.00000     -2.395957590252083E-002
   78.00000     -2.357667129913000E-002
   79.00000     -2.304919831280120E-002
   80.00000     -2.253239306324399E-002
   81.00000     -2.202609552823681E-002
   82.00000     -2.153014306692653E-002
   83.00000     -2.104437106973811E-002
   84.00000     -2.056861344269166E-002
   85.00000     -2.010270303866253E-002
   86.00000     -1.964647204783661E-002
   87.00000     -1.919975235213027E-002
   88.00000     -1.876237584742969E-002
   89.00000     -1.833417473971150E-002
   90.00000     -1.791498184842210E-002
   91.00000     -1.751477061197673E-002
   92.00000     -1.750462103307451E-002
   93.00000     -1.710295502219783E-002
   94.00000     -1.670979213360036E-002
   95.00000     -1.632497837279748E-002
   96.00000     -1.594835247703937E-002
   97.00000     -1.557975480328265E-002
   98.00000     -1.521902748410787E-002
   99.00000     -1.486601453825700E-002
   100.0000     -1.452056196399181E-002
   101.0000     -1.418251781942686E-002
   102.0000     -1.385173229145978E-002
   103.0000     -1.352805775439703E-002
   104.0000     -1.321134881918954E-002
   105.0000     -1.290146237409278E-002
   106.0000     -1.259825761749721E-002
   107.0000     -1.230159608361314E-002
   108.0000     -1.201134166165037E-002
   109.0000     -1.172736060909847E-002
   110.0000     -1.144952155972304E-002
   111.0000     -1.117769552704594E-002
   112.0000     -1.091175590501040E-002
   113.0000     -1.065157847532748E-002
   114.0000     -1.039704169815952E-002
   115.0000     -1.032883330076342E-002
   116.0000     -1.014802452794999E-002
   117.0000     -9.904411765292817E-003
   118.0000     -9.666087602061488E-003
   119.0000     -9.432939522813648E-003
   120.0000     -9.204857227166588E-003
   121.0000     -8.981732655214417E-003
   122.0000     -8.763459966650664E-003
   123.0000     -8.549935514224144E-003
   124.0000     -8.341057815081342E-003
   125.0000     -8.136727520766288E-003
   126.0000     -7.936847386185913E-003
   127.0000     -7.741322237735139E-003
   128.0000     -7.550058940726807E-003
   129.0000     -7.362966366259327E-003
   130.0000     -7.179955357631621E-003
   131.0000     -7.000938696410469E-003
   132.0000     -6.825831068240980E-003
   133.0000     -6.654549028487312E-003
   134.0000     -6.487010967777554E-003
   135.0000     -6.323137077523105E-003
   136.0000     -6.162849315476424E-003
   137.0000     -6.006071371385105E-003
   138.0000     -5.852728632790863E-003
   139.0000     -5.702748151022567E-003
   140.0000     -5.556058607426469E-003
   141.0000     -5.412590279866427E-003
   142.0000     -5.272275009533277E-003
   143.0000     -5.135046168089762E-003
   144.0000     -5.000838625179856E-003
   145.0000     -4.869588716323477E-003
   146.0000     -4.741234211220139E-003
   147.0000     -4.615714282477215E-003
   148.0000     -4.492969474780333E-003
   149.0000     -4.372941674517804E-003
   150.0000     -4.255574079870750E-003
   151.0000     -4.140811171379537E-003
   152.0000     -4.028598682992112E-003
   153.0000     -3.918883573603968E-003
   154.0000     -3.811613999089442E-003
   155.0000     -3.706739047891312E-003
   156.0000     -3.604209898760272E-003
   157.0000     -3.503977424868091E-003
   158.0000     -3.405994537258946E-003
   159.0000     -3.310214974675683E-003
   160.0000     -3.216593515533462E-003
   161.0000     -3.125085953453591E-003
   162.0000     -3.035649073290273E-003
   163.0000     -2.948240627653501E-003
   164.0000     -2.862819313926914E-003
   165.0000     -2.779344751785579E-003
   166.0000     -2.697777461240819E-003
   167.0000     -2.618078841292102E-003
   168.0000     -2.540211149530820E-003
   169.0000     -2.464137484606425E-003
   170.0000     -2.389821793359442E-003
   171.0000     -2.333685071292386E-003
   172.0000     -2.317228161703851E-003
   173.0000     -2.246323472128392E-003
   174.0000     -2.177072855464813E-003
   175.0000     -2.109443559977135E-003
   176.0000     -2.043403305027508E-003
   177.0000     -1.978920503637502E-003
   178.0000     -1.915964254102157E-003
   179.0000     -1.854504324682390E-003
   180.0000     -1.794511137593764E-003
   181.0000     -1.735955753116631E-003
   182.0000     -1.678809853998635E-003
   183.0000     -1.623045730196492E-003
   184.0000     -1.568636263966220E-003
   185.0000     -1.515554915303103E-003
   186.0000     -1.463775707726597E-003
   187.0000     -1.413273214405402E-003
   188.0000     -1.364022544616398E-003
   189.0000     -1.315999330530266E-003
   190.0000     -1.269179714319025E-003
   191.0000     -1.223540335577715E-003
   192.0000     -1.179058319054372E-003
   193.0000     -1.135711262682110E-003
   194.0000     -1.093477225906797E-003
   195.0000     -1.052334718305276E-003
   196.0000     -1.012262688486661E-003
   197.0000     -9.732405132730216E-004
   198.0000     -9.352479871517944E-004
   199.0000     -8.982653119968582E-004
   200.0000     -8.622730870505649E-004
   201.0000     -8.272522991640208E-004
   202.0000     -7.931843132896710E-004
   203.0000     -7.600508632216105E-004
   204.0000     -7.278340425797534E-004
   205.0000     -6.965162960336565E-004
   206.0000     -6.660804107622626E-004
   207.0000     -6.365095081458506E-004
   208.0000     -6.077870356872490E-004
   209.0000     -5.798967591596010E-004
   210.0000     -5.528227549783144E-004
   211.0000     -5.265494027946792E-004
   212.0000     -5.010613783104382E-004
   213.0000     -4.763436463119104E-004
   214.0000     -4.523814539234475E-004
   215.0000     -4.291603240804804E-004
   216.0000     -4.066660492234615E-004
   217.0000     -3.848846852146025E-004
   218.0000     -3.638025454804617E-004
   219.0000     -3.434061953846744E-004
   220.0000     -3.236824468364723E-004
   221.0000     -3.046183531422615E-004
   222.0000     -2.862012041093102E-004
   223.0000     -2.684185214133745E-004
   224.0000     -2.512580542438842E-004
   225.0000     -2.347077752446958E-004
   226.0000     -2.187558767712195E-004
   227.0000     -2.033907674905141E-004
   228.0000     -1.886010693557611E-004
   229.0000     -1.743756149944402E-004
   230.0000     -1.607034455581072E-004
   231.0000     -1.475738090921918E-004
   232.0000     -1.349761594990305E-004
   233.0000     -1.229001561838429E-004
   234.0000     -1.113356644963801E-004
   235.0000     -1.002727571092953E-004
   236.0000     -8.970171651217854E-005
   237.0000     -7.961303884905278E-005
   238.0000     -6.999743939284209E-005
   239.0000     -6.084586003877521E-005
   240.0000     -5.214947931890687E-005
   241.0000     -4.389972560740650E-005
   242.0000     -3.608829442142346E-005
   243.0000     -2.870717106082872E-005
   244.0000     -2.174866032458287E-005
   245.0000     -1.520542578417499E-005
   246.0000     -9.070542236129872E-006
   247.0000     -3.337566765110830E-006
