  0.0000000E+00 -6.966063860682355E-002
   1.000000     -6.917715637204921E-002
   2.000000     -6.869580391034724E-002
   3.000000     -6.821657223110424E-002
   4.000000     -6.773945944408702E-002
   5.000000     -6.726446187734988E-002
   6.000000     -6.679157585126005E-002
   7.000000     -6.632079767962498E-002
   8.000000     -6.585212383028308E-002
   9.000000     -6.538554942131596E-002
   10.00000     -6.492107457209957E-002
   11.00000     -6.445870454518382E-002
   12.00000     -6.399830560634613E-002
   13.00000     -6.354045112482030E-002
   14.00000     -6.308429498087477E-002
   15.00000     -6.262741388462982E-002
   16.00000     -6.218819184459097E-002
   17.00000     -6.172380671306557E-002
   18.00000     -6.126748910316713E-002
   19.00000     -6.092211694229093E-002
   20.00000     -6.032364601513084E-002
   21.00000     -5.993368015110954E-002
   22.00000     -5.956323987005783E-002
   23.00000     -5.879085496523329E-002
   24.00000     -5.833877138669753E-002
   25.00000     -5.797326748992784E-002
   26.00000     -5.713427357958524E-002
   27.00000     -5.637253713380876E-002
   28.00000     -5.627365187089195E-002
   29.00000     -5.540069324303109E-002
   30.00000     -5.451563894189087E-002
   31.00000     -5.404063112745401E-002
   32.00000     -5.362226010669254E-002
   33.00000     -5.272358080718779E-002
   34.00000     -5.182160125967601E-002
   35.00000     -5.132951911038452E-002
   36.00000     -5.091824183834066E-002
   37.00000     -5.001540701460390E-002
   38.00000     -4.911454455555953E-002
   39.00000     -4.821786425758264E-002
   40.00000     -4.820990462186363E-002
   41.00000     -4.732410084399382E-002
   42.00000     -4.643684913080755E-002
   43.00000     -4.555622971193526E-002
   44.00000     -4.468318331665431E-002
   45.00000     -4.465069795091296E-002
   46.00000     -4.381820259213940E-002
   47.00000     -4.296222863870863E-002
   48.00000     -4.211575040803542E-002
   49.00000     -4.127928301851407E-002
   50.00000     -4.061131734314726E-002
   51.00000     -4.045325502032426E-002
   52.00000     -3.963808264226987E-002
   53.00000     -3.883406624037975E-002
   54.00000     -3.804148900627598E-002
   55.00000     -3.726058146157089E-002
   56.00000     -3.649153242686454E-002
   57.00000     -3.604947284370175E-002
   58.00000     -3.573448533643941E-002
   59.00000     -3.498956656122415E-002
   60.00000     -3.425685184996555E-002
   61.00000     -3.353639702276102E-002
   62.00000     -3.282823071730666E-002
   63.00000     -3.213235794064975E-002
   64.00000     -3.144876258054701E-002
   65.00000     -3.091796387846379E-002
   66.00000     -3.077740453309983E-002
   67.00000     -3.011824123873083E-002
   68.00000     -2.947119580036442E-002
   69.00000     -2.883618780942908E-002
   70.00000     -2.821312240994588E-002
   71.00000     -2.760189353548563E-002
   72.00000     -2.700238521990028E-002
   73.00000     -2.641447275736239E-002
   74.00000     -2.583802379402950E-002
   75.00000     -2.527290059017379E-002
   76.00000     -2.516479362149439E-002
   77.00000     -2.471895252900559E-002
   78.00000     -2.417603636060310E-002
   79.00000     -2.364399482249120E-002
   80.00000     -2.312267006207756E-002
   81.00000     -2.261190108922365E-002
   82.00000     -2.211152444622379E-002
   83.00000     -2.162137473544223E-002
   84.00000     -2.114128509190570E-002
   85.00000     -2.067108761215014E-002
   86.00000     -2.021061374439465E-002
   87.00000     -1.975969464519779E-002
   88.00000     -1.931816151768501E-002
   89.00000     -1.888584621807473E-002
   90.00000     -1.873301549146610E-002
   91.00000     -1.846257887322564E-002
   92.00000     -1.804819513935233E-002
   93.00000     -1.764252748517284E-002
   94.00000     -1.724541116647770E-002
   95.00000     -1.685668270364073E-002
   96.00000     -1.647618014132500E-002
   97.00000     -1.610374319392472E-002
   98.00000     -1.573921336719038E-002
   99.00000     -1.538243406391900E-002
   100.0000     -1.503325067600574E-002
   101.0000     -1.469151066422170E-002
   102.0000     -1.435706362680875E-002
   103.0000     -1.402976135785243E-002
   104.0000     -1.370945789630760E-002
   105.0000     -1.339600956648562E-002
   106.0000     -1.308927501076529E-002
   107.0000     -1.278911521528096E-002
   108.0000     -1.249539352947522E-002
   109.0000     -1.220797568124175E-002
   110.0000     -1.192672979621864E-002
   111.0000     -1.165152662069963E-002
   112.0000     -1.156031843476992E-002
   113.0000     -1.138223774934538E-002
   114.0000     -1.111874023398843E-002
   115.0000     -1.086091079446123E-002
   116.0000     -1.060862949142992E-002
   117.0000     -1.036177865467194E-002
   118.0000     -1.012024292740238E-002
   119.0000     -9.883909251768387E-003
   120.0000     -9.652666847334339E-003
   121.0000     -9.426407186746429E-003
   122.0000     -9.205023969475659E-003
   123.0000     -8.988413094010154E-003
   124.0000     -8.776472628735536E-003
   125.0000     -8.569102781693698E-003
   126.0000     -8.366205869384004E-003
   127.0000     -8.167686284753284E-003
   128.0000     -7.973450464508924E-003
   129.0000     -7.783406855876578E-003
   130.0000     -7.597465882910180E-003
   131.0000     -7.415539912460772E-003
   132.0000     -7.237543219889238E-003
   133.0000     -7.063391954614112E-003
   134.0000     -6.893004105563517E-003
   135.0000     -6.726299466607237E-003
   136.0000     -6.563199602027010E-003
   137.0000     -6.403627812086171E-003
   138.0000     -6.247509098744899E-003
   139.0000     -6.094770131574077E-003
   140.0000     -5.945339213904360E-003
   141.0000     -5.799146249250266E-003
   142.0000     -5.656122708043575E-003
   143.0000     -5.516201594703720E-003
   144.0000     -5.379317415074459E-003
   145.0000     -5.245406144247067E-003
   146.0000     -5.114405194794875E-003
   147.0000     -4.986253385432605E-003
   148.0000     -4.860890910120416E-003
   149.0000     -4.738259307622797E-003
   150.0000     -4.618301431536985E-003
   151.0000     -4.500961420799679E-003
   152.0000     -4.386184670681323E-003
   153.0000     -4.273917804281912E-003
   154.0000     -4.164108644540128E-003
   155.0000     -4.056706186793622E-003
   156.0000     -3.951660571983841E-003
   157.0000     -3.848923060884650E-003
   158.0000     -3.748446011439994E-003
   159.0000     -3.650182883794394E-003
   160.0000     -3.578603799579646E-003
   161.0000     -3.554087533080789E-003
   162.0000     -3.460116758304797E-003
   163.0000     -3.368226011325574E-003
   164.0000     -3.278372966292409E-003
   165.0000     -3.190516025760910E-003
   166.0000     -3.104614505910754E-003
   167.0000     -3.020628622986076E-003
   168.0000     -2.938519473142308E-003
   169.0000     -2.858249011683873E-003
   170.0000     -2.779780032497914E-003
   171.0000     -2.703076147858330E-003
   172.0000     -2.628101768644002E-003
   173.0000     -2.554822084983591E-003
   174.0000     -2.483203047325953E-003
   175.0000     -2.413211347934015E-003
   176.0000     -2.344814402793887E-003
   177.0000     -2.277980333936103E-003
   178.0000     -2.212677952158460E-003
   179.0000     -2.148876740146377E-003
   180.0000     -2.086546835982126E-003
   181.0000     -2.025659017035440E-003
   182.0000     -1.966184684228613E-003
   183.0000     -1.908095846669565E-003
   184.0000     -1.851365106643447E-003
   185.0000     -1.795965644957661E-003
   186.0000     -1.741871206631941E-003
   187.0000     -1.689056086926441E-003
   188.0000     -1.637495117700642E-003
   189.0000     -1.587163654096421E-003
   190.0000     -1.538037561537457E-003
   191.0000     -1.490093203039717E-003
   192.0000     -1.443307426823356E-003
   193.0000     -1.397657554222461E-003
   194.0000     -1.353121367884072E-003
   195.0000     -1.309677100249702E-003
   196.0000     -1.267303422314506E-003
   197.0000     -1.225979432656263E-003
   198.0000     -1.185684646728522E-003
   199.0000     -1.146398986411676E-003
   200.0000     -1.108102769815805E-003
   201.0000     -1.070776701329741E-003
   202.0000     -1.034401861909808E-003
   203.0000     -9.989596996034186E-004
   204.0000     -9.644320203008245E-004
   205.0000     -9.308009787107921E-004
   206.0000     -8.980490695533580E-004
   207.0000     -8.661591189656622E-004
   208.0000     -8.351142761148880E-004
   209.0000     -8.048980050135507E-004
   210.0000     -7.754940765316407E-004
   211.0000     -7.468865606018127E-004
   212.0000     -7.190598186115532E-004
   213.0000     -6.919984959787202E-004
   214.0000     -6.656875149049751E-004
   215.0000     -6.401120673034869E-004
   216.0000     -6.152576078957060E-004
   217.0000     -5.911098474739498E-004
   218.0000     -5.676547463241346E-004
   219.0000     -5.448785078062067E-004
   220.0000     -5.227675720869977E-004
   221.0000     -5.013086100222498E-004
   222.0000     -4.804885171837228E-004
   223.0000     -4.602944080278699E-004
   224.0000     -4.407136102019000E-004
   225.0000     -4.217336589846223E-004
   226.0000     -4.033422918574087E-004
   227.0000     -3.855274432028917E-004
   228.0000     -3.682772391272718E-004
   229.0000     -3.515799924036730E-004
   230.0000     -3.354241975328190E-004
   231.0000     -3.197985259181399E-004
   232.0000     -3.046918211523503E-004
   233.0000     -2.900930944126054E-004
   234.0000     -2.759915199608804E-004
   235.0000     -2.623764307473614E-004
   236.0000     -2.492373141136559E-004
   237.0000     -2.365638075933874E-004
   238.0000     -2.243456948073283E-004
   239.0000     -2.125729014507293E-004
   240.0000     -2.012354913701080E-004
   241.0000     -1.903236627272739E-004
   242.0000     -1.798277442479049E-004
   243.0000     -1.697381915528140E-004
   244.0000     -1.600455835689496E-004
   245.0000     -1.507406190186404E-004
   246.0000     -1.418141129843167E-004
   247.0000     -1.332569935467997E-004
   248.0000     -1.250602984953397E-004
   249.0000     -1.172151721068241E-004
   250.0000     -1.097128619926572E-004
   251.0000     -1.025447160111591E-004
   252.0000     -9.570217924369303E-005
   253.0000     -8.917679103248813E-005
   254.0000     -8.296018207865618E-005
   255.0000     -7.704407159836853E-005
   256.0000     -7.142026453572867E-005
   257.0000     -6.608064883041044E-005
   258.0000     -6.101719273872545E-005
   259.0000     -5.622194220635013E-005
   260.0000     -5.168701829123355E-005
   261.0000     -4.740461463537309E-005
   262.0000     -4.336699498373463E-005
   263.0000     -3.956649074930382E-005
   264.0000     -3.599549862274726E-005
   265.0000     -3.264647822563840E-005
   266.0000     -2.951194980611176E-005
   267.0000     -2.658449197587645E-005
   268.0000     -2.385673948794420E-005
   269.0000     -2.132138105431024E-005
   270.0000     -1.897115720323778E-005
   271.0000     -1.679885817621284E-005
   272.0000     -1.479732186483304E-005
   273.0000     -1.295943178886461E-005
   274.0000     -1.127811511740990E-005
   275.0000     -9.746340736468933E-006
   276.0000     -8.357117368245510E-006
   277.0000     -7.103491750310766E-006
   278.0000     -5.978546887352383E-006
   279.0000     -4.975400395250737E-006
   280.0000     -4.087202968704467E-006
   281.0000     -3.307137022662175E-006
   282.0000     -2.628415590829728E-006
   283.0000     -2.044281623817968E-006
   284.0000     -1.548007941268792E-006
   285.0000     -1.132898315554051E-006
   286.0000     -7.922906424305468E-007
   287.0000     -5.195642704242105E-007
   288.0000     -3.081564892187270E-007
   289.0000     -1.516021999193409E-007
   290.0000     -4.364644755034498E-008
