  0.0000000E+00 -6.772598647025027E-002
   1.000000     -6.724588537173948E-002
   2.000000     -6.676791523462432E-002
   3.000000     -6.629207241042225E-002
   4.000000     -6.581835324514899E-002
   5.000000     -6.534675407946032E-002
   6.000000     -6.487727124904369E-002
   7.000000     -6.440990106545756E-002
   8.000000     -6.394463999893707E-002
   9.000000     -6.348148399159098E-002
   10.00000     -6.302042716812162E-002
   11.00000     -6.256149277852004E-002
   12.00000     -6.210456961544501E-002
   13.00000     -6.164978360869174E-002
   14.00000     -6.119813325668044E-002
   15.00000     -6.074413064477974E-002
   16.00000     -6.030115606157518E-002
   17.00000     -5.986590406244718E-002
   18.00000     -5.937229539897055E-002
   19.00000     -5.903378273670616E-002
   20.00000     -5.855387235653951E-002
   21.00000     -5.791078361944606E-002
   22.00000     -5.778278882925014E-002
   23.00000     -5.708338217571619E-002
   24.00000     -5.629395826275289E-002
   25.00000     -5.621039491369310E-002
   26.00000     -5.546377892598351E-002
   27.00000     -5.462105637589899E-002
   28.00000     -5.422281834581727E-002
   29.00000     -5.376221633846480E-002
   30.00000     -5.289244037614062E-002
   31.00000     -5.201427752358398E-002
   32.00000     -5.186717660335625E-002
   33.00000     -5.112986406215927E-002
   34.00000     -5.024218683206637E-002
   35.00000     -4.935299037995793E-002
   36.00000     -4.913216638470101E-002
   37.00000     -4.846389364034490E-002
   38.00000     -4.757665435522333E-002
   39.00000     -4.669257029071655E-002
   40.00000     -4.598958739482337E-002
   41.00000     -4.581283249362941E-002
   42.00000     -4.493864098581668E-002
   43.00000     -4.407088108548007E-002
   44.00000     -4.321043617183503E-002
   45.00000     -4.240574033484977E-002
   46.00000     -4.235800728196853E-002
   47.00000     -4.151443724451351E-002
   48.00000     -4.068015385774312E-002
   49.00000     -3.985572255048451E-002
   50.00000     -3.904159234616593E-002
   51.00000     -3.834211741007771E-002
   52.00000     -3.823813285755943E-002
   53.00000     -3.744571714660754E-002
   54.00000     -3.666458711819219E-002
   55.00000     -3.589498618146104E-002
   56.00000     -3.513710547435471E-002
   57.00000     -3.439109774043784E-002
   58.00000     -3.375592126552943E-002
   59.00000     -3.365707100521401E-002
   60.00000     -3.293513473985531E-002
   61.00000     -3.222532511485320E-002
   62.00000     -3.152767865932946E-002
   63.00000     -3.084220273993202E-002
   64.00000     -3.016888321923960E-002
   65.00000     -2.950768669573673E-002
   66.00000     -2.885856307304777E-002
   67.00000     -2.859975087881236E-002
   68.00000     -2.822144151999622E-002
   69.00000     -2.759624808641664E-002
   70.00000     -2.698288620062893E-002
   71.00000     -2.638125205546773E-002
   72.00000     -2.579123157078890E-002
   73.00000     -2.521270184769538E-002
   74.00000     -2.464553224769467E-002
   75.00000     -2.408958536620020E-002
   76.00000     -2.354471794370004E-002
   77.00000     -2.301078215451669E-002
   78.00000     -2.282159823985026E-002
   79.00000     -2.248762233331162E-002
   80.00000     -2.197508631622493E-002
   81.00000     -2.147301249425438E-002
   82.00000     -2.098123916938957E-002
   83.00000     -2.049960249582094E-002
   84.00000     -2.002793711436269E-002
   85.00000     -1.956607659670300E-002
   86.00000     -1.911385383851108E-002
   87.00000     -1.867110141451669E-002
   88.00000     -1.823765190015241E-002
   89.00000     -1.781333816304409E-002
   90.00000     -1.739799362802480E-002
   91.00000     -1.699145252495137E-002
   92.00000     -1.659355022443796E-002
   93.00000     -1.636447601447819E-002
   94.00000     -1.620412177671857E-002
   95.00000     -1.582300744009853E-002
   96.00000     -1.545004487734208E-002
   97.00000     -1.508507531624253E-002
   98.00000     -1.472794150535084E-002
   99.00000     -1.437848805352283E-002
   100.0000     -1.403656153728426E-002
   101.0000     -1.370201058381545E-002
   102.0000     -1.337468594073442E-002
   103.0000     -1.305444053514187E-002
   104.0000     -1.274112952313337E-002
   105.0000     -1.243461033068217E-002
   106.0000     -1.213474268666177E-002
   107.0000     -1.184138864870091E-002
   108.0000     -1.155441262250509E-002
   109.0000     -1.127368137522830E-002
   110.0000     -1.099906404343429E-002
   111.0000     -1.073043213615422E-002
   112.0000     -1.046765953352008E-002
   113.0000     -1.021062248147127E-002
   114.0000     -9.959199583178360E-003
   115.0000     -9.713271788680830E-003
   116.0000     -9.472722391186883E-003
   117.0000     -9.237437249402422E-003
   118.0000     -9.166055871564950E-003
   119.0000     -9.007302923419105E-003
   120.0000     -8.782211345424796E-003
   121.0000     -8.562054028669780E-003
   122.0000     -8.346725645677717E-003
   123.0000     -8.136122995994961E-003
   124.0000     -7.930145031597438E-003
   125.0000     -7.728692832478760E-003
   126.0000     -7.531669576900926E-003
   127.0000     -7.338980509978185E-003
   128.0000     -7.150532911346747E-003
   129.0000     -6.966236062190342E-003
   130.0000     -6.786001211784206E-003
   131.0000     -6.609741543677492E-003
   132.0000     -6.437372141609434E-003
   133.0000     -6.268809955251578E-003
   134.0000     -6.103973765850595E-003
   135.0000     -5.942784151844153E-003
   136.0000     -5.785163454512743E-003
   137.0000     -5.631035743724404E-003
   138.0000     -5.480326783825519E-003
   139.0000     -5.332963999723613E-003
   140.0000     -5.188876443203969E-003
   141.0000     -5.047994759519534E-003
   142.0000     -4.910251154285186E-003
   143.0000     -4.775579360709086E-003
   144.0000     -4.643914607186477E-003
   145.0000     -4.515193585279950E-003
   146.0000     -4.389354418106128E-003
   147.0000     -4.266336629149846E-003
   148.0000     -4.146081111516424E-003
   149.0000     -4.028530097641012E-003
   150.0000     -3.913627129462836E-003
   151.0000     -3.801317029075718E-003
   152.0000     -3.691545869861717E-003
   153.0000     -3.584260948115172E-003
   154.0000     -3.479410755161404E-003
   155.0000     -3.376944949973791E-003
   156.0000     -3.276814332292767E-003
   157.0000     -3.178970816245348E-003
   158.0000     -3.083367404469173E-003
   159.0000     -2.989958162737231E-003
   160.0000     -2.898698195084314E-003
   161.0000     -2.809543619431892E-003
   162.0000     -2.722451543708697E-003
   163.0000     -2.637380042465258E-003
   164.0000     -2.554288133975832E-003
   165.0000     -2.473135757826269E-003
   166.0000     -2.393883752981655E-003
   167.0000     -2.316493836328319E-003
   168.0000     -2.240928581687088E-003
   169.0000     -2.167151399288848E-003
   170.0000     -2.095126515709981E-003
   171.0000     -2.024818954259100E-003
   172.0000     -1.956194515810841E-003
   173.0000     -1.889219760079041E-003
   174.0000     -1.823861987324444E-003
   175.0000     -1.760089220489262E-003
   176.0000     -1.697870187754488E-003
   177.0000     -1.637174305512222E-003
   178.0000     -1.577971661750305E-003
   179.0000     -1.520232999845535E-003
   180.0000     -1.463929702768388E-003
   181.0000     -1.409033777717299E-003
   182.0000     -1.355517841247454E-003
   183.0000     -1.303355105158258E-003
   184.0000     -1.252519364517456E-003
   185.0000     -1.202985001163267E-003
   186.0000     -1.158224412944637E-003
   187.0000     -1.154725560751537E-003
   188.0000     -1.107720208390848E-003
   189.0000     -1.061941464728117E-003
   190.0000     -1.017366859546547E-003
   191.0000     -9.739734016926399E-004
   192.0000     -9.317385750409900E-004
   193.0000     -8.906403391481680E-004
   194.0000     -8.506571199107048E-004
   195.0000     -8.117677991783254E-004
   196.0000     -7.739517043806974E-004
   197.0000     -7.371885983849566E-004
   198.0000     -7.014586696434487E-004
   199.0000     -6.667425226532632E-004
   200.0000     -6.330211687369172E-004
   201.0000     -6.002760171504503E-004
   202.0000     -5.684888665242729E-004
   203.0000     -5.376418966433151E-004
   204.0000     -5.077176605742489E-004
   205.0000     -4.786990771489343E-004
   206.0000     -4.505694238157081E-004
   207.0000     -4.233123298735903E-004
   208.0000     -3.969117701060767E-004
   209.0000     -3.713520588363305E-004
   210.0000     -3.466178444296401E-004
   211.0000     -3.226941042739767E-004
   212.0000     -2.995661402768498E-004
   213.0000     -2.772195749235777E-004
   214.0000     -2.556403479524973E-004
   215.0000     -2.348147137132605E-004
   216.0000     -2.147292392901264E-004
   217.0000     -1.953708034885952E-004
   218.0000     -1.767265968068786E-004
   219.0000     -1.587841225415035E-004
   220.0000     -1.415311992117858E-004
   221.0000     -1.249559645338926E-004
   222.0000     -1.090468812333589E-004
   223.0000     -9.379274506278404E-005
   224.0000     -7.918269549219726E-005
   225.0000     -6.520622967571010E-005
   226.0000     -5.185322048124350E-005
   227.0000     -3.911393962284712E-005
   228.0000     -2.697908728624166E-005
   229.0000     -1.543983013716639E-005
   230.0000     -4.487850324877507E-006
