  0.0000000E+00 -6.757485110454925E-002
   1.000000     -6.709501503050190E-002
   2.000000     -6.661731029447353E-002
   3.000000     -6.614173324902610E-002
   4.000000     -6.566828024122467E-002
   5.000000     -6.519694761275895E-002
   6.000000     -6.472773170052677E-002
   7.000000     -6.426062881681104E-002
   8.000000     -6.379563542608671E-002
   9.000000     -6.333274754783100E-002
   10.00000     -6.287195895974998E-002
   11.00000     -6.241329310250227E-002
   12.00000     -6.195664533281700E-002
   13.00000     -6.150210182697090E-002
   14.00000     -6.105076030822183E-002
   15.00000     -6.059715163797781E-002
   16.00000     -6.015363146960351E-002
   17.00000     -5.972033245829730E-002
   18.00000     -5.922656047397194E-002
   19.00000     -5.888306558786770E-002
   20.00000     -5.841512014997305E-002
   21.00000     -5.776341586639636E-002
   22.00000     -5.763225144580412E-002
   23.00000     -5.694981328117223E-002
   24.00000     -5.616003146362709E-002
   25.00000     -5.604651963375158E-002
   26.00000     -5.533314177306791E-002
   27.00000     -5.449169200934673E-002
   28.00000     -5.405487456902527E-002
   29.00000     -5.363408960108221E-002
   30.00000     -5.276552216111651E-002
   31.00000     -5.188847713785135E-002
   32.00000     -5.169730796361938E-002
   33.00000     -5.100525175029551E-002
   34.00000     -5.011869548400273E-002
   35.00000     -4.923058961159588E-002
   36.00000     -4.896037766479537E-002
   37.00000     -4.834258401834404E-002
   38.00000     -4.745641116678966E-002
   39.00000     -4.657337627829093E-002
   40.00000     -4.581593553195530E-002
   41.00000     -4.569465991726002E-002
   42.00000     -4.482150149909353E-002
   43.00000     -4.395474749208546E-002
   44.00000     -4.309529457219528E-002
   45.00000     -4.224408802124009E-002
   46.00000     -4.222996135030001E-002
   47.00000     -4.140124074988859E-002
   48.00000     -4.056791109357099E-002
   49.00000     -3.974442116134821E-002
   50.00000     -3.893122026481670E-002
   51.00000     -3.816472174163068E-002
   52.00000     -3.812865432014297E-002
   53.00000     -3.733716925247734E-002
   54.00000     -3.655693446787259E-002
   55.00000     -3.578821774115765E-002
   56.00000     -3.503121047566379E-002
   57.00000     -3.428606556073558E-002
   58.00000     -3.357662000735764E-002
   59.00000     -3.355286877422631E-002
   60.00000     -3.283179760082282E-002
   61.00000     -3.212282049800728E-002
   62.00000     -3.142599673381991E-002
   63.00000     -3.074133389101389E-002
   64.00000     -3.006881800601137E-002
   65.00000     -2.940841583172564E-002
   66.00000     -2.876007715212394E-002
   67.00000     -2.841850061801045E-002
   68.00000     -2.812373200714324E-002
   69.00000     -2.749930633928523E-002
   70.00000     -2.688670335745067E-002
   71.00000     -2.628581960793656E-002
   72.00000     -2.569654116670231E-002
   73.00000     -2.511874527867699E-002
   74.00000     -2.455230144443776E-002
   75.00000     -2.399707239383316E-002
   76.00000     -2.345291498952989E-002
   77.00000     -2.291968126925070E-002
   78.00000     -2.263839447717658E-002
   79.00000     -2.239721640523924E-002
   80.00000     -2.188536799642910E-002
   81.00000     -2.138397432586010E-002
   82.00000     -2.089287397514838E-002
   83.00000     -2.041190322735487E-002
   84.00000     -1.994089684277860E-002
   85.00000     -1.947968850936787E-002
   86.00000     -1.902811123678041E-002
   87.00000     -1.858599771171390E-002
   88.00000     -1.815318061961415E-002
   89.00000     -1.772949293607332E-002
   90.00000     -1.731476819122708E-002
   91.00000     -1.690884071350966E-002
   92.00000     -1.651154589736206E-002
   93.00000     -1.617929076007307E-002
   94.00000     -1.612271822159220E-002
   95.00000     -1.574220061598448E-002
   96.00000     -1.536982810991140E-002
   97.00000     -1.500544293170454E-002
   98.00000     -1.464888794148651E-002
   99.00000     -1.430000784515637E-002
   100.0000     -1.395864931315102E-002
   101.0000     -1.362466106482743E-002
   102.0000     -1.329789393857391E-002
   103.0000     -1.297820095097002E-002
   104.0000     -1.266543734636295E-002
   105.0000     -1.235946063779193E-002
   106.0000     -1.206013064004610E-002
   107.0000     -1.176730949555080E-002
   108.0000     -1.148086169371672E-002
   109.0000     -1.120065408433769E-002
   110.0000     -1.092655588557312E-002
   111.0000     -1.065843868701996E-002
   112.0000     -1.039617644834248E-002
   113.0000     -1.013964549392623E-002
   114.0000     -9.888724504074797E-003
   115.0000     -9.643294503609748E-003
   116.0000     -9.403238850916547E-003
   117.0000     -9.168443256761756E-003
   118.0000     -8.978859344410504E-003
   119.0000     -8.938794543426113E-003
   120.0000     -8.714185627932920E-003
   121.0000     -8.494506700979960E-003
   122.0000     -8.279653022113021E-003
   123.0000     -8.069521476070200E-003
   124.0000     -7.864011087654915E-003
   125.0000     -7.663023007226599E-003
   126.0000     -7.466460482273098E-003
   127.0000     -7.274228826309133E-003
   128.0000     -7.086235386649223E-003
   129.0000     -6.902389511485404E-003
   130.0000     -6.722602516461451E-003
   131.0000     -6.546787650878162E-003
   132.0000     -6.374860063630382E-003
   133.0000     -6.206736768967616E-003
   134.0000     -6.042336612154003E-003
   135.0000     -5.881580235101311E-003
   136.0000     -5.724390042037571E-003
   137.0000     -5.570690165267480E-003
   138.0000     -5.420406431079935E-003
   139.0000     -5.273466325846320E-003
   140.0000     -5.129798962353698E-003
   141.0000     -4.989335046409287E-003
   142.0000     -4.852006843751106E-003
   143.0000     -4.717748147295142E-003
   144.0000     -4.586494244744336E-003
   145.0000     -4.458181886584672E-003
   146.0000     -4.332749254488375E-003
   147.0000     -4.210135930142050E-003
   148.0000     -4.090282864516587E-003
   149.0000     -3.973132347592351E-003
   150.0000     -3.858627978548726E-003
   151.0000     -3.746714636432171E-003
   152.0000     -3.637338451305656E-003
   153.0000     -3.530446775889910E-003
   154.0000     -3.425988157700061E-003
   155.0000     -3.323912311679310E-003
   156.0000     -3.224170093336720E-003
   157.0000     -3.126713472384490E-003
   158.0000     -3.031495506881224E-003
   159.0000     -2.938470317876587E-003
   160.0000     -2.847593064557116E-003
   161.0000     -2.758819919891948E-003
   162.0000     -2.672108046775123E-003
   163.0000     -2.587415574661486E-003
   164.0000     -2.504701576692636E-003
   165.0000     -2.423926047307951E-003
   166.0000     -2.345049880337167E-003
   167.0000     -2.268034847569069E-003
   168.0000     -2.192843577790504E-003
   169.0000     -2.119439536291703E-003
   170.0000     -2.047787004830466E-003
   171.0000     -1.977851062050451E-003
   172.0000     -1.909597564347826E-003
   173.0000     -1.842993127177976E-003
   174.0000     -1.778005106800230E-003
   175.0000     -1.714601582449212E-003
   176.0000     -1.652751338931252E-003
   177.0000     -1.592423849636659E-003
   178.0000     -1.533589259963736E-003
   179.0000     -1.476218371147428E-003
   180.0000     -1.420282624488360E-003
   181.0000     -1.365754085977139E-003
   182.0000     -1.312605431311800E-003
   183.0000     -1.260809931309498E-003
   184.0000     -1.210341437725433E-003
   185.0000     -1.161174369527056E-003
   186.0000     -1.113283699804091E-003
   187.0000     -1.066644944176374E-003
   188.0000     -1.021234157411423E-003
   189.0000     -9.770282354890287E-004
   190.0000     -9.689832965877696E-004
   191.0000     -9.340029029192630E-004
   192.0000     -8.921373136673768E-004
   193.0000     -8.514088211009868E-004
   194.0000     -8.117959556966668E-004
   195.0000     -7.732776788471506E-004
   196.0000     -7.358333958838613E-004
   197.0000     -6.994429488512044E-004
   198.0000     -6.640866074774026E-004
   199.0000     -6.297450600501201E-004
   200.0000     -5.963994045165673E-004
   201.0000     -5.640311398954928E-004
   202.0000     -5.326221580360018E-004
   203.0000     -5.021547357415134E-004
   204.0000     -4.726115272762576E-004
   205.0000     -4.439755572702827E-004
   206.0000     -4.162302140421195E-004
   207.0000     -3.893592433621473E-004
   208.0000     -3.633467426827468E-004
   209.0000     -3.381771558682626E-004
   210.0000     -3.138352684633481E-004
   211.0000     -2.903062035467295E-004
   212.0000     -2.675754182269233E-004
   213.0000     -2.456287008487660E-004
   214.0000     -2.244521689931882E-004
   215.0000     -2.040322683723620E-004
   216.0000     -1.843557727434538E-004
   217.0000     -1.654097849935708E-004
   218.0000     -1.471817395837998E-004
   219.0000     -1.296594065868507E-004
   220.0000     -1.128308976112946E-004
   221.0000     -9.668467398309417E-005
   222.0000     -8.120955765650560E-005
   223.0000     -6.639474546155096E-005
   224.0000     -5.222982747806309E-005
   225.0000     -3.870481057572578E-005
   226.0000     -2.581014850673833E-005
   227.0000     -1.353678042741333E-005
   228.0000     -1.876180431453937E-006
