  0.0000000E+00 -6.844036704376276E-002
   1.000000     -6.795901340455528E-002
   2.000000     -6.747979268011642E-002
   3.000000     -6.700269563526824E-002
   4.000000     -6.652772047179965E-002
   5.000000     -6.605486352557693E-002
   6.000000     -6.558412112656541E-002
   7.000000     -6.511548958471763E-002
   8.000000     -6.464896538754233E-002
   9.000000     -6.418454411865961E-002
   10.00000     -6.372222186306947E-002
   11.00000     -6.326201853635507E-002
   12.00000     -6.280379977244607E-002
   13.00000     -6.234787966884144E-002
   14.00000     -6.189467358493869E-002
   15.00000     -6.143911455106042E-002
   16.00000     -6.099841293936621E-002
   17.00000     -6.055289343679601E-002
   18.00000     -6.006565252323063E-002
   19.00000     -5.974033779943459E-002
   20.00000     -5.920826768596633E-002
   21.00000     -5.864098671740667E-002
   22.00000     -5.845940017469036E-002
   23.00000     -5.771432148803379E-002
   24.00000     -5.700598392891969E-002
   25.00000     -5.690535945739958E-002
   26.00000     -5.608099020347373E-002
   27.00000     -5.523240765378226E-002
   28.00000     -5.501624981620171E-002
   29.00000     -5.436757734278185E-002
   30.00000     -5.349212660799648E-002
   31.00000     -5.267076513827829E-002
   32.00000     -5.260773157642001E-002
   33.00000     -5.171865738496474E-002
   34.00000     -5.082568904390659E-002
   35.00000     -4.994489075249885E-002
   36.00000     -4.993033033157312E-002
   37.00000     -4.903708759551335E-002
   38.00000     -4.814481236938944E-002
   39.00000     -4.725577379165267E-002
   40.00000     -4.681014995093935E-002
   41.00000     -4.637116210629769E-002
   42.00000     -4.549213594458725E-002
   43.00000     -4.461962403483233E-002
   44.00000     -4.375449317094245E-002
   45.00000     -4.323511550543348E-002
   46.00000     -4.289748440642396E-002
   47.00000     -4.204930335496792E-002
   48.00000     -4.121051419211121E-002
   49.00000     -4.038163528381092E-002
   50.00000     -3.956311521137777E-002
   51.00000     -3.918043401723358E-002
   52.00000     -3.875532758058624E-002
   53.00000     -3.795862024342858E-002
   54.00000     -3.717326060336909E-002
   55.00000     -3.639948206181830E-002
   56.00000     -3.563747464789996E-002
   57.00000     -3.488739118599538E-002
   58.00000     -3.460323887488145E-002
   59.00000     -3.414934043474957E-002
   60.00000     -3.342341860317641E-002
   61.00000     -3.270967569630024E-002
   62.00000     -3.200814231241756E-002
   63.00000     -3.131882489270863E-002
   64.00000     -3.064170849797281E-002
   65.00000     -2.997675910464390E-002
   66.00000     -2.945618725017819E-002
   67.00000     -2.932392066490491E-002
   68.00000     -2.868313621588476E-002
   69.00000     -2.805431616181395E-002
   70.00000     -2.743736883648503E-002
   71.00000     -2.683218943768479E-002
   72.00000     -2.623866317404743E-002
   73.00000     -2.565666647246604E-002
   74.00000     -2.508606804168787E-002
   75.00000     -2.452672985663804E-002
   76.00000     -2.397850827695364E-002
   77.00000     -2.368726244494419E-002
   78.00000     -2.344125201823637E-002
   79.00000     -2.291481171000683E-002
   80.00000     -2.239902788633887E-002
   81.00000     -2.189374091464569E-002
   82.00000     -2.139878834715948E-002
   83.00000     -2.091400575414221E-002
   84.00000     -2.043922721664636E-002
   85.00000     -1.997428575910912E-002
   86.00000     -1.951901374014508E-002
   87.00000     -1.907324320700027E-002
   88.00000     -1.863680621739206E-002
   89.00000     -1.820953513320454E-002
   90.00000     -1.779126290041765E-002
   91.00000     -1.738182360036359E-002
   92.00000     -1.723950084520130E-002
   93.00000     -1.698105006139679E-002
   94.00000     -1.658878092313154E-002
   95.00000     -1.620485210291986E-002
   96.00000     -1.582910256296310E-002
   97.00000     -1.546137281143294E-002
   98.00000     -1.510150512422535E-002
   99.00000     -1.474934366019686E-002
   100.0000     -1.440473455538191E-002
   101.0000     -1.406752600358320E-002
   102.0000     -1.373756832541968E-002
   103.0000     -1.341471402702542E-002
   104.0000     -1.309881784934130E-002
   105.0000     -1.278973680882374E-002
   106.0000     -1.248733023031713E-002
   107.0000     -1.219145977277498E-002
   108.0000     -1.190198944846461E-002
   109.0000     -1.161878563624951E-002
   110.0000     -1.134171708952019E-002
   111.0000     -1.107065493938156E-002
   112.0000     -1.080547269396469E-002
   113.0000     -1.054604623638301E-002
   114.0000     -1.029225384105087E-002
   115.0000     -1.005058982701852E-002
   116.0000     -1.004397048377292E-002
   117.0000     -9.801095319759166E-003
   118.0000     -9.563497774004018E-003
   119.0000     -9.331070453321898E-003
   120.0000     -9.103703188242940E-003
   121.0000     -8.881288028785544E-003
   122.0000     -8.663719240623591E-003
   123.0000     -8.450893280635925E-003
   124.0000     -8.242708768726119E-003
   125.0000     -8.039066457980845E-003
   126.0000     -7.839869203709340E-003
   127.0000     -7.645021931613316E-003
   128.0000     -7.454431605250771E-003
   129.0000     -7.268007192932344E-003
   130.0000     -7.085659634162661E-003
   131.0000     -6.907301805731653E-003
   132.0000     -6.732848487550194E-003
   133.0000     -6.562216328311485E-003
   134.0000     -6.395323811059478E-003
   135.0000     -6.232091218729606E-003
   136.0000     -6.072440599728363E-003
   137.0000     -5.916295733606757E-003
   138.0000     -5.763582096880677E-003
   139.0000     -5.614226829044472E-003
   140.0000     -5.468158698819281E-003
   141.0000     -5.325308070674328E-003
   142.0000     -5.185606871654877E-003
   143.0000     -5.048988558545577E-003
   144.0000     -4.915388085399115E-003
   145.0000     -4.784741871449156E-003
   146.0000     -4.656987769432226E-003
   147.0000     -4.532065034334553E-003
   148.0000     -4.409914292579692E-003
   149.0000     -4.290477511671397E-003
   150.0000     -4.173697970301650E-003
   151.0000     -4.059520228934155E-003
   152.0000     -3.947890100871513E-003
   153.0000     -3.838754623811089E-003
   154.0000     -3.732062031895949E-003
   155.0000     -3.627761728262474E-003
   156.0000     -3.525804258088534E-003
   157.0000     -3.426141282143255E-003
   158.0000     -3.328725550836895E-003
   159.0000     -3.233510878773700E-003
   160.0000     -3.140452119801546E-003
   161.0000     -3.049505142560560E-003
   162.0000     -2.960626806526018E-003
   163.0000     -2.873774938541643E-003
   164.0000     -2.788908309841956E-003
   165.0000     -2.705986613557634E-003
   166.0000     -2.624970442702846E-003
   167.0000     -2.545821268643165E-003
   168.0000     -2.468501420047243E-003
   169.0000     -2.392974062344882E-003
   170.0000     -2.319203177767177E-003
   171.0000     -2.247153546279661E-003
   172.0000     -2.176790729107772E-003
   173.0000     -2.108081073020995E-003
   174.0000     -2.052400758647872E-003
   175.0000     -2.040990907000271E-003
   176.0000     -1.975489758495773E-003
   177.0000     -1.911544634692419E-003
   178.0000     -1.849125089022514E-003
   179.0000     -1.788200976500582E-003
   180.0000     -1.728742794127409E-003
   181.0000     -1.670721674820868E-003
   182.0000     -1.614109373416947E-003
   183.0000     -1.558878251852326E-003
   184.0000     -1.505001264428120E-003
   185.0000     -1.452451943344757E-003
   186.0000     -1.401204384553033E-003
   187.0000     -1.351233233936949E-003
   188.0000     -1.302513673826108E-003
   189.0000     -1.255021409836637E-003
   190.0000     -1.208732658034102E-003
   191.0000     -1.163624132414099E-003
   192.0000     -1.119673032694263E-003
   193.0000     -1.076857032411996E-003
   194.0000     -1.035154267322363E-003
   195.0000     -9.945433240908465E-004
   196.0000     -9.550032292750113E-004
   197.0000     -9.165134385904902E-004
   198.0000     -8.790538264563589E-004
   199.0000     -8.426046758144841E-004
   200.0000     -8.071466682193697E-004
   201.0000     -7.726608741934390E-004
   202.0000     -7.391287438445974E-004
   203.0000     -7.065320977421198E-004
   204.0000     -6.748531180476869E-004
   205.0000     -6.440743398990520E-004
   206.0000     -6.141786430440240E-004
   207.0000     -5.851492437224970E-004
   208.0000     -5.569696867958396E-004
   209.0000     -5.296238381227321E-004
   210.0000     -5.030958771811677E-004
   211.0000     -4.773702899384546E-004
   212.0000     -4.524318619694292E-004
   213.0000     -4.282656718272675E-004
   214.0000     -4.048570846698313E-004
   215.0000     -3.821917461471819E-004
   216.0000     -3.602555765572571E-004
   217.0000     -3.390347652785736E-004
   218.0000     -3.185157654910106E-004
   219.0000     -2.986852891982369E-004
   220.0000     -2.795303025687316E-004
   221.0000     -2.610380216158600E-004
   222.0000     -2.431959082421168E-004
   223.0000     -2.259916666777893E-004
   224.0000     -2.094132403516030E-004
   225.0000     -1.934488092381254E-004
   226.0000     -1.780867877374463E-004
   227.0000     -1.633158231552142E-004
   228.0000     -1.491247948659656E-004
   229.0000     -1.355028142634245E-004
   230.0000     -1.224392256260365E-004
   231.0000     -1.099236080585067E-004
   232.0000     -9.794577871216333E-005
   233.0000     -8.649579754188458E-005
   234.0000     -7.556397393030164E-005
   235.0000     -6.514087560784149E-005
   236.0000     -5.521734043046544E-005
   237.0000     -4.578449176014771E-005
   238.0000     -3.683375845132769E-005
   239.0000     -2.835690081359494E-005
   240.0000     -2.034604445657879E-005
   241.0000     -1.279372471997429E-005
   242.0000     -5.692945608804405E-006
