  0.0000000E+00 -6.940705406610183E-002
   1.000000     -6.892401517719715E-002
   2.000000     -6.844310312155498E-002
   3.000000     -6.796431423959462E-002
   4.000000     -6.748764486619944E-002
   5.000000     -6.701309133101301E-002
   6.000000     -6.654064995635658E-002
   7.000000     -6.607031705463105E-002
   8.000000     -6.560208910352580E-002
   9.000000     -6.513596129276382E-002
   10.00000     -6.467193288646279E-002
   11.00000     -6.421001302312611E-002
   12.00000     -6.375006305175533E-002
   13.00000     -6.329261414694719E-002
   14.00000     -6.283709248489187E-002
   15.00000     -6.238034281443761E-002
   16.00000     -6.194115051094111E-002
   17.00000     -6.148058619295674E-002
   18.00000     -6.101616669194068E-002
   19.00000     -6.067908863550881E-002
   20.00000     -6.009181713072474E-002
   21.00000     -5.966421342831968E-002
   22.00000     -5.933556063874818E-002
   23.00000     -5.856723132352689E-002
   24.00000     -5.806142594856890E-002
   25.00000     -5.775202526854145E-002
   26.00000     -5.691549145348129E-002
   27.00000     -5.609324641354984E-002
   28.00000     -5.605492769210586E-002
   29.00000     -5.518609527677756E-002
   30.00000     -5.430302824240122E-002
   31.00000     -5.375600547009873E-002
   32.00000     -5.341159049589126E-002
   33.00000     -5.251483278714333E-002
   34.00000     -5.161472265589648E-002
   35.00000     -5.104172101345905E-002
   36.00000     -5.071320033397046E-002
   37.00000     -4.981218336866917E-002
   38.00000     -4.891310398328425E-002
   39.00000     -4.801740857362261E-002
   40.00000     -4.791973832612534E-002
   41.00000     -4.712614878175388E-002
   42.00000     -4.624060495100395E-002
   43.00000     -4.536166934554899E-002
   44.00000     -4.449021653754207E-002
   45.00000     -4.435669107824298E-002
   46.00000     -4.362694271098840E-002
   47.00000     -4.277258690201979E-002
   48.00000     -4.192770624264838E-002
   49.00000     -4.109281440440856E-002
   50.00000     -4.031410696779721E-002
   51.00000     -4.026832044617315E-002
   52.00000     -3.945470768186348E-002
   53.00000     -3.865220927579657E-002
   54.00000     -3.786113119522082E-002
   55.00000     -3.708170440387550E-002
   56.00000     -3.631411781950916E-002
   57.00000     -3.574905070658903E-002
   58.00000     -3.555851468154730E-002
   59.00000     -3.481502520814798E-002
   60.00000     -3.408372135992951E-002
   61.00000     -3.336466065228866E-002
   62.00000     -3.265787205926249E-002
   63.00000     -3.196336087629130E-002
   64.00000     -3.128111118294891E-002
   65.00000     -3.061443114898829E-002
   66.00000     -3.061096373389956E-002
   67.00000     -2.995323514985377E-002
   68.00000     -2.930748976521042E-002
   69.00000     -2.867376702016011E-002
   70.00000     -2.805197236038074E-002
   71.00000     -2.744199997231330E-002
   72.00000     -2.684373413170153E-002
   73.00000     -2.625705036552542E-002
   74.00000     -2.568181652693875E-002
   75.00000     -2.511789407466295E-002
   76.00000     -2.485786784425841E-002
   77.00000     -2.456513569840271E-002
   78.00000     -2.402339562192493E-002
   79.00000     -2.349251733683229E-002
   80.00000     -2.297234336561166E-002
   81.00000     -2.246271293648733E-002
   82.00000     -2.196346279692798E-002
   83.00000     -2.147442774915983E-002
   84.00000     -2.099544112406342E-002
   85.00000     -2.052633521032252E-002
   86.00000     -2.006694164446103E-002
   87.00000     -1.961709176622604E-002
   88.00000     -1.917661694741027E-002
   89.00000     -1.874534895595923E-002
   90.00000     -1.842276940599183E-002
   91.00000     -1.832311842589837E-002
   92.00000     -1.790976198793484E-002
   93.00000     -1.750511089251806E-002
   94.00000     -1.710900108692105E-002
   95.00000     -1.672126927530993E-002
   96.00000     -1.634175366893535E-002
   97.00000     -1.597029414405661E-002
   98.00000     -1.560673236529798E-002
   99.00000     -1.525091189177613E-002
   100.0000     -1.490267826932336E-002
   101.0000     -1.456187911036172E-002
   102.0000     -1.422836416256769E-002
   103.0000     -1.390198536730117E-002
   104.0000     -1.358259690867956E-002
   105.0000     -1.327005525409886E-002
   106.0000     -1.296421918695600E-002
   107.0000     -1.266494983228234E-002
   108.0000     -1.237211067602135E-002
   109.0000     -1.208556757890518E-002
   110.0000     -1.180518878730572E-002
   111.0000     -1.153084495731176E-002
   112.0000     -1.126241133746558E-002
   113.0000     -1.124670008480931E-002
   114.0000     -1.099975601592545E-002
   115.0000     -1.074276448014347E-002
   116.0000     -1.049131404588243E-002
   117.0000     -1.024528719658226E-002
   118.0000     -1.000456870199549E-002
   119.0000     -9.769045625999421E-003
   120.0000     -9.538607307626018E-003
   121.0000     -9.313145337285595E-003
   122.0000     -9.092553530694441E-003
   123.0000     -8.876727901150466E-003
   124.0000     -8.665566630465129E-003
   125.0000     -8.458970038761371E-003
   126.0000     -8.256840553306081E-003
   127.0000     -8.059082676530138E-003
   128.0000     -7.865602953369783E-003
   129.0000     -7.676309938049448E-003
   130.0000     -7.491114160417816E-003
   131.0000     -7.309928091940440E-003
   132.0000     -7.132666111437152E-003
   133.0000     -6.959244470651297E-003
   134.0000     -6.789581259725825E-003
   135.0000     -6.623596372655366E-003
   136.0000     -6.461211472779246E-003
   137.0000     -6.302349958369998E-003
   138.0000     -6.146936928370565E-003
   139.0000     -5.994899148325903E-003
   140.0000     -5.846165016552557E-003
   141.0000     -5.700664530579935E-003
   142.0000     -5.558329253903569E-003
   143.0000     -5.419092283071011E-003
   144.0000     -5.282888215136852E-003
   145.0000     -5.149653115502847E-003
   146.0000     -5.019324486167494E-003
   147.0000     -4.891841234402294E-003
   148.0000     -4.767143641869136E-003
   149.0000     -4.645173334194940E-003
   150.0000     -4.525873251011217E-003
   151.0000     -4.409187616472359E-003
   152.0000     -4.295061910256432E-003
   153.0000     -4.183442839060199E-003
   154.0000     -4.074278308588978E-003
   155.0000     -3.967517396053537E-003
   156.0000     -3.863110323179248E-003
   157.0000     -3.761008198538301E-003
   158.0000     -3.661164147728590E-003
   159.0000     -3.563530976164108E-003
   160.0000     -3.468063457662661E-003
   161.0000     -3.374717162613687E-003
   162.0000     -3.283448889564351E-003
   163.0000     -3.261565933336936E-003
   164.0000     -3.194215087130903E-003
   165.0000     -3.106975585505843E-003
   166.0000     -3.021689157046458E-003
   167.0000     -2.938316131398843E-003
   168.0000     -2.856817684671918E-003
   169.0000     -2.777155847390482E-003
   170.0000     -2.699293487059272E-003
   171.0000     -2.623194288657503E-003
   172.0000     -2.548822735072979E-003
   173.0000     -2.476144087833417E-003
   174.0000     -2.405124368220502E-003
   175.0000     -2.335730338788835E-003
   176.0000     -2.267929485294959E-003
   177.0000     -2.201689999032380E-003
   178.0000     -2.136980759569092E-003
   179.0000     -2.073771317879480E-003
   180.0000     -2.012031879865962E-003
   181.0000     -1.951733290261344E-003
   182.0000     -1.892847016905895E-003
   183.0000     -1.835345135390991E-003
   184.0000     -1.779200314063491E-003
   185.0000     -1.724385799381745E-003
   186.0000     -1.670875401617496E-003
   187.0000     -1.618643480896117E-003
   188.0000     -1.567664933567162E-003
   189.0000     -1.517915178899777E-003
   190.0000     -1.469370146094673E-003
   191.0000     -1.422006261606776E-003
   192.0000     -1.375800436770185E-003
   193.0000     -1.330730055721068E-003
   194.0000     -1.286772963609332E-003
   195.0000     -1.243907455094669E-003
   196.0000     -1.202112263119249E-003
   197.0000     -1.161366547950746E-003
   198.0000     -1.121649886490678E-003
   199.0000     -1.082942261840021E-003
   200.0000     -1.045224053118245E-003
   201.0000     -1.008476025528056E-003
   202.0000     -9.726793206606242E-004
   203.0000     -9.378154470366782E-004
   204.0000     -9.038662708758906E-004
   205.0000     -8.708140070908187E-004
   206.0000     -8.386412104991804E-004
   207.0000     -8.073307672495384E-004
   208.0000     -7.768658864552770E-004
   209.0000     -7.472300920312159E-004
   210.0000     -7.184072147292013E-004
   211.0000     -6.903813843668734E-004
   212.0000     -6.631370222449229E-004
   213.0000     -6.366588337492341E-004
   214.0000     -6.109318011321173E-004
   215.0000     -5.859411764695896E-004
   216.0000     -5.616724747891927E-004
   217.0000     -5.381114673655923E-004
   218.0000     -5.152441751785013E-004
   219.0000     -4.930568625304383E-004
   220.0000     -4.715360308191989E-004
   221.0000     -4.506684124627988E-004
   222.0000     -4.304409649717913E-004
   223.0000     -4.108408651669038E-004
   224.0000     -3.918555035378328E-004
   225.0000     -3.734724787403392E-004
   226.0000     -3.556795922286151E-004
   227.0000     -3.384648430199070E-004
   228.0000     -3.218164225886895E-004
   229.0000     -3.057227098878364E-004
   230.0000     -2.901722664942844E-004
   231.0000     -2.751538318768271E-004
   232.0000     -2.606563187844557E-004
   233.0000     -2.466688087525262E-004
   234.0000     -2.331805477259947E-004
   235.0000     -2.201809417980097E-004
   236.0000     -2.076595530626144E-004
   237.0000     -1.956060955812157E-004
   238.0000     -1.840104314622213E-004
   239.0000     -1.728625670539983E-004
   240.0000     -1.621526492521119E-004
   241.0000     -1.518709619213876E-004
   242.0000     -1.420079224357049E-004
   243.0000     -1.325540783376083E-004
   244.0000     -1.235001041221802E-004
   245.0000     -1.148367981499079E-004
   246.0000     -1.065550796959543E-004
   247.0000     -9.864598614380015E-005
   248.0000     -9.110067033495014E-005
   249.0000     -8.391039808844051E-005
   250.0000     -7.706654590822654E-005
   251.0000     -7.056059890112298E-005
   252.0000     -6.438414893411996E-005
   253.0000     -5.852889306817664E-005
   254.0000     -5.298663231576347E-005
   255.0000     -4.774927078367150E-005
   256.0000     -4.280881528107938E-005
   257.0000     -3.815737549799824E-005
   258.0000     -3.378716489429201E-005
   259.0000     -2.969050248749184E-005
   260.0000     -2.585981579650528E-005
   261.0000     -2.228764529733977E-005
   262.0000     -1.896665089293813E-005
   263.0000     -1.588962111929676E-005
   264.0000     -1.304948615031845E-005
   265.0000     -1.043933620564458E-005
   266.0000     -8.052447858987421E-006
   267.0000     -5.882322275485280E-006
   268.0000     -3.922742159299236E-006
   269.0000     -2.167859431975798E-006
   270.0000     -6.123363650934764E-007
