  0.0000000E+00 -6.903159256915319E-002
   1.000000     -6.854920626295265E-002
   2.000000     -6.806895164829259E-002
   3.000000     -6.759081914917388E-002
   4.000000     -6.711480707582163E-002
   5.000000     -6.664091176026428E-002
   6.000000     -6.616912952776353E-002
   7.000000     -6.569945668918145E-002
   8.000000     -6.523188973109567E-002
   9.000000     -6.476642397670793E-002
   10.00000     -6.430305741972893E-002
   11.00000     -6.384180418791281E-002
   12.00000     -6.338252310221786E-002
   13.00000     -6.292566989509690E-002
   14.00000     -6.247107067111884E-002
   15.00000     -6.201465267599286E-002
   16.00000     -6.157515455587958E-002
   17.00000     -6.112042709456821E-002
   18.00000     -6.064542016867460E-002
   19.00000     -6.031687478452002E-002
   20.00000     -5.974872598340536E-002
   21.00000     -5.926542008623054E-002
   22.00000     -5.899733218914373E-002
   23.00000     -5.823605760803255E-002
   24.00000     -5.765082452322151E-002
   25.00000     -5.742410789568900E-002
   26.00000     -5.659146337501738E-002
   27.00000     -5.573906559914314E-002
   28.00000     -5.567153055106566E-002
   29.00000     -5.486826832031513E-002
   30.00000     -5.398815218363787E-002
   31.00000     -5.333448720180053E-002
   32.00000     -5.309956756849163E-002
   33.00000     -5.220567527021245E-002
   34.00000     -5.130833642365167E-002
   35.00000     -5.061550165101618E-002
   36.00000     -5.040952250141037E-002
   37.00000     -4.951120932811707E-002
   38.00000     -4.861477136949662E-002
   39.00000     -4.772164375220900E-002
   40.00000     -4.748889453004380E-002
   41.00000     -4.683298273842242E-002
   42.00000     -4.594996886776905E-002
   43.00000     -4.507352732476561E-002
   44.00000     -4.420452399981671E-002
   45.00000     -4.392117979948824E-002
   46.00000     -4.334368867924225E-002
   47.00000     -4.249172976927965E-002
   48.00000     -4.164921429809569E-002
   49.00000     -4.081665711388589E-002
   50.00000     -3.999451313123953E-002
   51.00000     -3.987386270682197E-002
   52.00000     -3.918313208866983E-002
   53.00000     -3.838288205200181E-002
   54.00000     -3.759402434671057E-002
   55.00000     -3.681679068180541E-002
   56.00000     -3.605137032567238E-002
   57.00000     -3.530424244540615E-002
   58.00000     -3.529779112313522E-002
   59.00000     -3.455653292759066E-002
   60.00000     -3.382731872804658E-002
   61.00000     -3.311032283287479E-002
   62.00000     -3.240557475209615E-002
   63.00000     -3.171308021726021E-002
   64.00000     -3.103282366272140E-002
   65.00000     -3.036477139728683E-002
   66.00000     -3.016459846679943E-002
   67.00000     -2.970886537517600E-002
   68.00000     -2.906504560279039E-002
   69.00000     -2.843322645242460E-002
   70.00000     -2.781331390153727E-002
   71.00000     -2.720520251706903E-002
   72.00000     -2.660877693481432E-002
   73.00000     -2.602391302939814E-002
   74.00000     -2.545047897915761E-002
   75.00000     -2.488833631445858E-002
   76.00000     -2.440331570900886E-002
   77.00000     -2.433733666013378E-002
   78.00000     -2.379734056380540E-002
   79.00000     -2.326818527327126E-002
   80.00000     -2.274971582283510E-002
   81.00000     -2.224177178380810E-002
   82.00000     -2.174419021021677E-002
   83.00000     -2.125680620119027E-002
   84.00000     -2.077945337825691E-002
   85.00000     -2.031196431526360E-002
   86.00000     -1.985417092849550E-002
   87.00000     -1.940590483128313E-002
   88.00000     -1.896699765783552E-002
   89.00000     -1.853728137063902E-002
   90.00000     -1.811658881819983E-002
   91.00000     -1.796329646900155E-002
   92.00000     -1.770475145403762E-002
   93.00000     -1.730160629723148E-002
   94.00000     -1.690698747844261E-002
   95.00000     -1.652073205377507E-002
   96.00000     -1.614267848766876E-002
   97.00000     -1.577266689773167E-002
   98.00000     -1.541053918470954E-002
   99.00000     -1.505613913986749E-002
   100.0000     -1.470931253760812E-002
   101.0000     -1.436990721552965E-002
   102.0000     -1.403777314320965E-002
   103.0000     -1.371276248072733E-002
   104.0000     -1.339472962781424E-002
   105.0000     -1.308353126444265E-002
   106.0000     -1.277902638359276E-002
   107.0000     -1.248107631689310E-002
   108.0000     -1.218954475379144E-002
   109.0000     -1.190429775492589E-002
   110.0000     -1.162520376055668E-002
   111.0000     -1.135213359607340E-002
   112.0000     -1.108496048707179E-002
   113.0000     -1.082356069790674E-002
   114.0000     -1.078223942858109E-002
   115.0000     -1.056780956420955E-002
   116.0000     -1.031759042967211E-002
   117.0000     -1.007278467197701E-002
   118.0000     -9.833277286510029E-003
   119.0000     -9.598955522934705E-003
   120.0000     -9.369708899212775E-003
   121.0000     -9.145429181451867E-003
   122.0000     -8.926010358627851E-003
   123.0000     -8.711348615124129E-003
   124.0000     -8.501342301784922E-003
   125.0000     -8.295891905786886E-003
   126.0000     -8.094900019528509E-003
   127.0000     -7.898271308697285E-003
   128.0000     -7.705912479654780E-003
   129.0000     -7.517732246259446E-003
   130.0000     -7.333641296242675E-003
   131.0000     -7.153552257237471E-003
   132.0000     -6.977379662552612E-003
   133.0000     -6.805039916777025E-003
   134.0000     -6.636451261289696E-003
   135.0000     -6.471533739745784E-003
   136.0000     -6.310209163601154E-003
   137.0000     -6.152401077733228E-003
   138.0000     -5.998034726208568E-003
   139.0000     -5.847037018245460E-003
   140.0000     -5.699336494411934E-003
   141.0000     -5.554863293097810E-003
   142.0000     -5.413549117292995E-003
   143.0000     -5.275327201704968E-003
   144.0000     -5.140132280237675E-003
   145.0000     -5.007900553859759E-003
   146.0000     -4.878569658879849E-003
   147.0000     -4.752078635647666E-003
   148.0000     -4.628367897697105E-003
   149.0000     -4.507379201344003E-003
   150.0000     -4.389055615750396E-003
   151.0000     -4.273341493464745E-003
   152.0000     -4.160182441444340E-003
   153.0000     -4.049525292569741E-003
   154.0000     -3.941318077651582E-003
   155.0000     -3.835509997937360E-003
   156.0000     -3.732051187608499E-003
   157.0000     -3.630893739838072E-003
   158.0000     -3.531989575709067E-003
   159.0000     -3.435292523830449E-003
   160.0000     -3.340757242821800E-003
   161.0000     -3.248339407381482E-003
   162.0000     -3.157995684416315E-003
   163.0000     -3.069683709905526E-003
   164.0000     -2.983362067235199E-003
   165.0000     -2.898990272292061E-003
   166.0000     -2.816528911101328E-003
   167.0000     -2.792037103722649E-003
   168.0000     -2.735938406109654E-003
   169.0000     -2.657182064722590E-003
   170.0000     -2.580222303070126E-003
   171.0000     -2.505022962756119E-003
   172.0000     -2.431548643748122E-003
   173.0000     -2.359764719288364E-003
   174.0000     -2.289637320562021E-003
   175.0000     -2.221133319008623E-003
   176.0000     -2.154220308507838E-003
   177.0000     -2.088866587826481E-003
   178.0000     -2.025041143417661E-003
   179.0000     -1.962713632595784E-003
   180.0000     -1.901854367092211E-003
   181.0000     -1.842434296988934E-003
   182.0000     -1.784424995025160E-003
   183.0000     -1.727798641270191E-003
   184.0000     -1.672528008157068E-003
   185.0000     -1.618586445867963E-003
   186.0000     -1.565947868067222E-003
   187.0000     -1.514586737971743E-003
   188.0000     -1.464478054755420E-003
   189.0000     -1.415597340276331E-003
   190.0000     -1.367920626124504E-003
   191.0000     -1.321424440979844E-003
   192.0000     -1.276085798274953E-003
   193.0000     -1.231882184156777E-003
   194.0000     -1.188791545739740E-003
   195.0000     -1.146792279643663E-003
   196.0000     -1.105863220811705E-003
   197.0000     -1.065983631600624E-003
   198.0000     -1.027133191137753E-003
   199.0000     -9.892919849398539E-004
   200.0000     -9.524404947858775E-004
   201.0000     -9.165595888403003E-004
   202.0000     -8.816305120200630E-004
   203.0000     -8.476348765999744E-004
   204.0000     -8.145546530519033E-004
   205.0000     -7.823721611116499E-004
   206.0000     -7.510700610698429E-004
   207.0000     -7.206313452810251E-004
   208.0000     -6.910393298863454E-004
   209.0000     -6.622776467464641E-004
   210.0000     -6.343302355788328E-004
   211.0000     -6.071813362965383E-004
   212.0000     -5.808154815439554E-004
   213.0000     -5.552174894260900E-004
   214.0000     -5.303724564278053E-004
   215.0000     -5.062657505192861E-004
   216.0000     -4.828830044458821E-004
   217.0000     -4.602101091979321E-004
   218.0000     -4.382332076599186E-004
   219.0000     -4.169386884352332E-004
   220.0000     -3.963131798457530E-004
   221.0000     -3.763435441045085E-004
   222.0000     -3.570168716603461E-004
   223.0000     -3.383204757146171E-004
   224.0000     -3.202418869095019E-004
   225.0000     -3.027688481889262E-004
   226.0000     -2.858893098338098E-004
   227.0000     -2.695914246737345E-004
   228.0000     -2.538635434785543E-004
   229.0000     -2.386942105345711E-004
   230.0000     -2.240721594111542E-004
   231.0000     -2.099863089255929E-004
   232.0000     -1.964257593158100E-004
   233.0000     -1.833797886327327E-004
   234.0000     -1.708378493678461E-004
   235.0000     -1.587895653336512E-004
   236.0000     -1.472247288206565E-004
   237.0000     -1.361332980585170E-004
   238.0000     -1.255053950166482E-004
   239.0000     -1.153313035873683E-004
   240.0000     -1.056014682056464E-004
   241.0000     -9.630649297296710E-005
   242.0000     -8.743714137002815E-005
   243.0000     -7.898433666612818E-005
   244.0000     -7.093916316218977E-005
   245.0000     -6.329286844451094E-005
   246.0000     -5.603686687875048E-005
   247.0000     -4.916274464628996E-005
   248.0000     -4.266226672469724E-005
   249.0000     -3.652738635396627E-005
   250.0000     -3.075025773036204E-005
   251.0000     -2.532325296090910E-005
   252.0000     -2.023898474568885E-005
   253.0000     -1.549033691764269E-005
   254.0000     -1.107050601071121E-005
   255.0000     -6.973058716960483E-006
   256.0000     -3.192012943305353E-006
