  0.0000000E+00 -6.882341548492975E-002
   1.000000     -6.834139446695639E-002
   2.000000     -6.786150170289428E-002
   3.000000     -6.738373353690794E-002
   4.000000     -6.690808630763856E-002
   5.000000     -6.643455634845369E-002
   6.000000     -6.596313998626274E-002
   7.000000     -6.549383353138694E-002
   8.000000     -6.502663347248727E-002
   9.000000     -6.456153521856652E-002
   10.00000     -6.409853607202383E-002
   11.00000     -6.363765250048582E-002
   12.00000     -6.317874428039801E-002
   13.00000     -6.272221986808243E-002
   14.00000     -6.226812056610827E-002
   15.00000     -6.181195827994313E-002
   16.00000     -6.137212764917459E-002
   17.00000     -6.092066740513567E-002
   18.00000     -6.044067812719406E-002
   19.00000     -6.011474607613722E-002
   20.00000     -5.955848665864982E-002
   21.00000     -5.904476967244581E-002
   22.00000     -5.880892856471673E-002
   23.00000     -5.805238718028097E-002
   24.00000     -5.742331943175495E-002
   25.00000     -5.724199098404679E-002
   26.00000     -5.641175373004974E-002
   27.00000     -5.556035245903177E-002
   28.00000     -5.544118188588459E-002
   29.00000     -5.469200050147761E-002
   30.00000     -5.381352447233714E-002
   31.00000     -5.310073809874003E-002
   32.00000     -5.292649830987241E-002
   33.00000     -5.203421867045088E-002
   34.00000     -5.113841785282307E-002
   35.00000     -5.037914139060875E-002
   36.00000     -5.024108856078408E-002
   37.00000     -4.934429220330732E-002
   38.00000     -4.844931951039138E-002
   39.00000     -4.755762945002464E-002
   40.00000     -4.724994041929699E-002
   41.00000     -4.667039618424339E-002
   42.00000     -4.578878580061004E-002
   43.00000     -4.491372760218922E-002
   44.00000     -4.404608686311239E-002
   45.00000     -4.367964680616068E-002
   46.00000     -4.318659968598951E-002
   47.00000     -4.233597039213381E-002
   48.00000     -4.149476672386462E-002
   49.00000     -4.066350443046580E-002
   50.00000     -3.984263389932943E-002
   51.00000     -3.962973879561182E-002
   52.00000     -3.903252035891221E-002
   53.00000     -3.823351739186687E-002
   54.00000     -3.744589115258234E-002
   55.00000     -3.666987383957850E-002
   56.00000     -3.590565496910025E-002
   57.00000     -3.515339172484264E-002
   58.00000     -3.505736410870167E-002
   59.00000     -3.441317747341027E-002
   60.00000     -3.368512227233306E-002
   61.00000     -3.296927156550818E-002
   62.00000     -3.226565519470375E-002
   63.00000     -3.157427913780659E-002
   64.00000     -3.089512804370751E-002
   65.00000     -3.022816783329024E-002
   66.00000     -2.991519733334056E-002
   67.00000     -2.957334246705476E-002
   68.00000     -2.893059081517301E-002
   69.00000     -2.829982745739169E-002
   70.00000     -2.768095878007216E-002
   71.00000     -2.707387956609646E-002
   72.00000     -2.647847465200324E-002
   73.00000     -2.589462010628451E-002
   74.00000     -2.532218429239620E-002
   75.00000     -2.476102888039589E-002
   76.00000     -2.421101239127354E-002
   77.00000     -2.415121903313591E-002
   78.00000     -2.367197572155485E-002
   79.00000     -2.314377611583098E-002
   80.00000     -2.262625208193387E-002
   81.00000     -2.211924340579035E-002
   82.00000     -2.162258731373722E-002
   83.00000     -2.113611907017222E-002
   84.00000     -2.065967245814433E-002
   85.00000     -2.019308020994042E-002
   86.00000     -1.973617439736325E-002
   87.00000     -1.928878678618966E-002
   88.00000     -1.885074915890019E-002
   89.00000     -1.842189361395678E-002
   90.00000     -1.800205291250629E-002
   91.00000     -1.770848025191967E-002
   92.00000     -1.759105904079575E-002
   93.00000     -1.718874954830220E-002
   94.00000     -1.679495780025400E-002
   95.00000     -1.640952134647542E-002
   96.00000     -1.603227880027772E-002
   97.00000     -1.566307041454873E-002
   98.00000     -1.530173822153694E-002
   99.00000     -1.494812614162413E-002
   100.0000     -1.460208007629622E-002
   101.0000     -1.426344798834156E-002
   102.0000     -1.393207997071258E-002
   103.0000     -1.360782830510506E-002
   104.0000     -1.329054751115588E-002
   105.0000     -1.298009438707131E-002
   106.0000     -1.267632804242905E-002
   107.0000     -1.237910992384065E-002
   108.0000     -1.208830383412124E-002
   109.0000     -1.180377594558792E-002
   110.0000     -1.152539480816657E-002
   111.0000     -1.125303135334889E-002
   112.0000     -1.098655889747461E-002
   113.0000     -1.072585317844474E-002
   114.0000     -1.052465637943054E-002
   115.0000     -1.047079119477188E-002
   116.0000     -1.022125573765179E-002
   117.0000     -9.977127598321384E-003
   118.0000     -9.738292295654549E-003
   119.0000     -9.504637194214540E-003
   120.0000     -9.276051913451194E-003
   121.0000     -9.052428317864961E-003
   122.0000     -8.833660493185621E-003
   123.0000     -8.619644719267409E-003
   124.0000     -8.410279441267456E-003
   125.0000     -8.205465239579209E-003
   126.0000     -8.005104798760602E-003
   127.0000     -7.809102875632374E-003
   128.0000     -7.617366266687655E-003
   129.0000     -7.429803774939760E-003
   130.0000     -7.246326176320091E-003
   131.0000     -7.066846185728354E-003
   132.0000     -6.891278422827708E-003
   133.0000     -6.719539377668820E-003
   134.0000     -6.551547376219605E-003
   135.0000     -6.387222545870399E-003
   136.0000     -6.226486780977685E-003
   137.0000     -6.069263708501475E-003
   138.0000     -5.915478653793372E-003
   139.0000     -5.765058606574131E-003
   140.0000     -5.617932187150551E-003
   141.0000     -5.474029612902900E-003
   142.0000     -5.333282665081752E-003
   143.0000     -5.195624655939295E-003
   144.0000     -5.060990396225790E-003
   145.0000     -4.929316163073155E-003
   146.0000     -4.800539668285354E-003
   147.0000     -4.674600027054512E-003
   148.0000     -4.551437727120182E-003
   149.0000     -4.430994598380681E-003
   150.0000     -4.313213782972407E-003
   151.0000     -4.198039705823893E-003
   152.0000     -4.085418045693769E-003
   153.0000     -3.975295706697097E-003
   154.0000     -3.867620790327762E-003
   155.0000     -3.762342567976791E-003
   156.0000     -3.659411453952136E-003
   157.0000     -3.558778978999694E-003
   158.0000     -3.460397764325826E-003
   159.0000     -3.364221496121412E-003
   160.0000     -3.270204900588583E-003
   161.0000     -3.178303719466668E-003
   162.0000     -3.088474686060996E-003
   163.0000     -3.000675501783123E-003
   164.0000     -2.914864813223096E-003
   165.0000     -2.831002189843574E-003
   166.0000     -2.749048102636504E-003
   167.0000     -2.668963905670881E-003
   168.0000     -2.590711842481448E-003
   169.0000     -2.531643300171266E-003
   170.0000     -2.514254333663697E-003
   171.0000     -2.439556640721418E-003
   172.0000     -2.366582307006513E-003
   173.0000     -2.295297032592317E-003
   174.0000     -2.225667025225143E-003
   175.0000     -2.157659222054458E-003
   176.0000     -2.091241280440006E-003
   177.0000     -2.026381561828815E-003
   178.0000     -1.963049114939083E-003
   179.0000     -1.901213659077734E-003
   180.0000     -1.840845567763793E-003
   181.0000     -1.781915852704228E-003
   182.0000     -1.724396148132917E-003
   183.0000     -1.668258695510513E-003
   184.0000     -1.613476328584305E-003
   185.0000     -1.560022458799507E-003
   186.0000     -1.507871061058204E-003
   187.0000     -1.456996659817137E-003
   188.0000     -1.407374315518809E-003
   189.0000     -1.358979611349214E-003
   190.0000     -1.311788640314761E-003
   191.0000     -1.265777992632723E-003
   192.0000     -1.220924743427454E-003
   193.0000     -1.177206440727544E-003
   194.0000     -1.134601093755844E-003
   195.0000     -1.093087161507584E-003
   196.0000     -1.052643541609478E-003
   197.0000     -1.013249559455055E-003
   198.0000     -9.748849576085042E-004
   199.0000     -9.375298854737546E-004
   200.0000     -9.011648892212345E-004
   201.0000     -8.657709019682694E-004
   202.0000     -8.313292342071673E-004
   203.0000     -7.978215644766287E-004
   204.0000     -7.652299302709693E-004
   205.0000     -7.335367191832772E-004
   206.0000     -7.027246602773838E-004
   207.0000     -6.727768156849899E-004
   208.0000     -6.436765724237358E-004
   209.0000     -6.154076344324405E-004
   210.0000     -5.879540148203008E-004
   211.0000     -5.613000283265402E-004
   212.0000     -5.354302839879294E-004
   213.0000     -5.103296780119668E-004
   214.0000     -4.859833868525287E-004
   215.0000     -4.623768604875992E-004
   216.0000     -4.394958158971846E-004
   217.0000     -4.173262307402361E-004
   218.0000     -3.958543372319675E-004
   219.0000     -3.750666162201352E-004
   220.0000     -3.549497914636143E-004
   221.0000     -3.354908241138208E-004
   222.0000     -3.166769074035069E-004
   223.0000     -2.984954615465140E-004
   224.0000     -2.809341288549662E-004
   225.0000     -2.639807690809844E-004
   226.0000     -2.476234549925501E-004
   227.0000     -2.318504681955695E-004
   228.0000     -2.166502952162003E-004
   229.0000     -2.020116238619835E-004
   230.0000     -1.879233398835233E-004
   231.0000     -1.743745239639596E-004
   232.0000     -1.613544490694017E-004
   233.0000     -1.488525782011991E-004
   234.0000     -1.368585626006565E-004
   235.0000     -1.253622404681768E-004
   236.0000     -1.143536362747941E-004
   237.0000     -1.038229607627294E-004
   238.0000     -9.376061175704094E-005
   239.0000     -8.415717594284181E-005
   240.0000     -7.500343180574306E-005
   241.0000     -6.629035398991658E-005
   242.0000     -5.800911940580852E-005
   243.0000     -5.015111552478627E-005
   244.0000     -4.270795144446014E-005
   245.0000     -3.567147251524511E-005
   246.0000     -2.903377961600841E-005
   247.0000     -2.278725460269864E-005
   248.0000     -1.692459410913228E-005
   249.0000     -1.143885488924201E-005
   250.0000     -6.323515495155044E-006
   251.0000     -1.572561726231885E-006
