  0.0000000E+00 -6.886738707319584E-002
   1.000000     -6.838528929164252E-002
   2.000000     -6.790531965650597E-002
   3.000000     -6.742747451166638E-002
   4.000000     -6.695175019547590E-002
   5.000000     -6.647814304101876E-002
   6.000000     -6.600664937485540E-002
   7.000000     -6.553726550740142E-002
   8.000000     -6.506998792704247E-002
   9.000000     -6.460481202404929E-002
   10.00000     -6.414173524550915E-002
   11.00000     -6.368077359143100E-002
   12.00000     -6.322178650097417E-002
   13.00000     -6.276519269104681E-002
   14.00000     -6.231098857710089E-002
   15.00000     -6.185476800822494E-002
   16.00000     -6.141501654687300E-002
   17.00000     -6.096286667320467E-002
   18.00000     -6.048387173254013E-002
   19.00000     -6.015751904627110E-002
   20.00000     -5.959867297503512E-002
   21.00000     -5.909132943750925E-002
   22.00000     -5.884879199528071E-002
   23.00000     -5.809118568938297E-002
   24.00000     -5.747135491704914E-002
   25.00000     -5.728048505990815E-002
   26.00000     -5.644971538441523E-002
   27.00000     -5.559804141590241E-002
   28.00000     -5.548990212936301E-002
   29.00000     -5.472923493917192E-002
   30.00000     -5.385041225143852E-002
   31.00000     -5.315011199620254E-002
   32.00000     -5.296305944265264E-002
   33.00000     -5.207043659648131E-002
   34.00000     -5.117431083185177E-002
   35.00000     -5.042906708794580E-002
   36.00000     -5.027667013731928E-002
   37.00000     -4.937955116632406E-002
   38.00000     -4.848426893441393E-002
   39.00000     -4.759227493642924E-002
   40.00000     -4.730041641947422E-002
   41.00000     -4.670474035773618E-002
   42.00000     -4.582283347759926E-002
   43.00000     -4.494748305705359E-002
   44.00000     -4.407955439370280E-002
   45.00000     -4.373066736558869E-002
   46.00000     -4.321978254812865E-002
   47.00000     -4.236887236570262E-002
   48.00000     -4.152739159130521E-002
   49.00000     -4.069585576363055E-002
   50.00000     -3.987471581202103E-002
   51.00000     -3.968130596362190E-002
   52.00000     -3.906433495230839E-002
   53.00000     -3.826506854801276E-002
   54.00000     -3.747718217419876E-002
   55.00000     -3.670090791955868E-002
   56.00000     -3.593643524580621E-002
   57.00000     -3.518392352923562E-002
   58.00000     -3.510948419754451E-002
   59.00000     -3.444345925256050E-002
   60.00000     -3.371515922182917E-002
   61.00000     -3.299906660570970E-002
   62.00000     -3.229521117288571E-002
   63.00000     -3.160359884892733E-002
   64.00000     -3.092421423671730E-002
   65.00000     -3.025702329377153E-002
   66.00000     -2.996787986470161E-002
   67.00000     -2.960196971239454E-002
   68.00000     -2.895899241664372E-002
   69.00000     -2.832800603227807E-002
   70.00000     -2.770891684641632E-002
   71.00000     -2.710161959592567E-002
   72.00000     -2.650599907486837E-002
   73.00000     -2.592193131073038E-002
   74.00000     -2.534928462767688E-002
   75.00000     -2.478792066393260E-002
   76.00000     -2.423770059062969E-002
   77.00000     -2.420446682428276E-002
   78.00000     -2.369845715468126E-002
   79.00000     -2.317005566457218E-002
   80.00000     -2.265233191788435E-002
   81.00000     -2.214512565262598E-002
   82.00000     -2.164827405854372E-002
   83.00000     -2.116161236507981E-002
   84.00000     -2.068497432114385E-002
   85.00000     -2.021819262553680E-002
   86.00000     -1.976109931719100E-002
   87.00000     -1.931352612964802E-002
   88.00000     -1.887530481397002E-002
   89.00000     -1.844626743925053E-002
   90.00000     -1.802624676085081E-002
   91.00000     -1.776230656126699E-002
   92.00000     -1.761507480008559E-002
   93.00000     -1.721258870691888E-002
   94.00000     -1.681862223987234E-002
   95.00000     -1.643301277873150E-002
   96.00000     -1.605559890442401E-002
   97.00000     -1.568622084113691E-002
   98.00000     -1.532472059330000E-002
   99.00000     -1.497094205399681E-002
   100.0000     -1.462473109784907E-002
   101.0000     -1.428593566118125E-002
   102.0000     -1.395440581086579E-002
   103.0000     -1.362999380288940E-002
   104.0000     -1.331255413154117E-002
   105.0000     -1.300194357003151E-002
   106.0000     -1.269802120328690E-002
   107.0000     -1.240064845360733E-002
   108.0000     -1.210968909983378E-002
   109.0000     -1.182500929065678E-002
   110.0000     -1.154647755276983E-002
   111.0000     -1.127396479503479E-002
   112.0000     -1.100734431306034E-002
   113.0000     -1.074649184682961E-002
   114.0000     -1.057906714522318E-002
   115.0000     -1.049128453818797E-002
   116.0000     -1.024160448906125E-002
   117.0000     -9.997333185804601E-003
   118.0000     -9.758355889781408E-003
   119.0000     -9.524559939419575E-003
   120.0000     -9.295834932481411E-003
   121.0000     -9.072072712603737E-003
   122.0000     -8.853167345031849E-003
   123.0000     -8.639015089415624E-003
   124.0000     -8.429514370954742E-003
   125.0000     -8.224565750316607E-003
   126.0000     -8.024071892556658E-003
   127.0000     -7.827937535208735E-003
   128.0000     -7.636069455690096E-003
   129.0000     -7.448376438143386E-003
   130.0000     -7.264769239829934E-003
   131.0000     -7.085160557175670E-003
   132.0000     -6.909464991561465E-003
   133.0000     -6.737599014942867E-003
   134.0000     -6.569480935376130E-003
   135.0000     -6.405030862518899E-003
   136.0000     -6.244170673169538E-003
   137.0000     -6.086823976902477E-003
   138.0000     -5.932916081849673E-003
   139.0000     -5.782373960676782E-003
   140.0000     -5.635126216795173E-003
   141.0000     -5.491103050846002E-003
   142.0000     -5.350236227493636E-003
   143.0000     -5.212459042553508E-003
   144.0000     -5.077706290484922E-003
   145.0000     -4.945914232271344E-003
   146.0000     -4.817020563707581E-003
   147.0000     -4.690964384112971E-003
   148.0000     -4.567686165486183E-003
   149.0000     -4.447127722114768E-003
   150.0000     -4.329232180650075E-003
   151.0000     -4.213943950659719E-003
   152.0000     -4.101208695660694E-003
   153.0000     -3.990973304643991E-003
   154.0000     -3.883185864093110E-003
   155.0000     -3.777795630500159E-003
   156.0000     -3.674753003382070E-003
   157.0000     -3.574009498799546E-003
   158.0000     -3.475517723376291E-003
   159.0000     -3.379231348822308E-003
   160.0000     -3.285105086957844E-003
   161.0000     -3.193094665241547E-003
   162.0000     -3.103156802804373E-003
   163.0000     -3.015249187006087E-003
   164.0000     -2.929330450560697E-003
   165.0000     -2.845360149406899E-003
   166.0000     -2.763298742145365E-003
   167.0000     -2.683107577217951E-003
   168.0000     -2.604749105026628E-003
   169.0000     -2.586647314173862E-003
   170.0000     -2.528185262747303E-003
   171.0000     -2.453381278042227E-003
   172.0000     -2.380301177362560E-003
   173.0000     -2.308910420025673E-003
   174.0000     -2.239175192077497E-003
   175.0000     -2.171062415761167E-003
   176.0000     -2.104539734633046E-003
   177.0000     -2.039575496649254E-003
   178.0000     -1.976138737164589E-003
   179.0000     -1.914199162190311E-003
   180.0000     -1.853727131992882E-003
   181.0000     -1.794693645056550E-003
   182.0000     -1.737070322412983E-003
   183.0000     -1.680829392334621E-003
   184.0000     -1.625943675387618E-003
   185.0000     -1.572386569837410E-003
   186.0000     -1.520132037400873E-003
   187.0000     -1.469154589338094E-003
   188.0000     -1.419429272876904E-003
   189.0000     -1.370931657963520E-003
   190.0000     -1.323637824332301E-003
   191.0000     -1.277524348888843E-003
   192.0000     -1.232568293397854E-003
   193.0000     -1.188747192472079E-003
   194.0000     -1.146039041853294E-003
   195.0000     -1.104422286980983E-003
   196.0000     -1.063875811841590E-003
   197.0000     -1.024378928092407E-003
   198.0000     -9.859113644550164E-004
   199.0000     -9.484532563713223E-004
   200.0000     -9.119851359176936E-004
   201.0000     -8.764879219714842E-004
   202.0000     -8.419429106238358E-004
   203.0000     -8.083317658352633E-004
   204.0000     -7.756365103275050E-004
   205.0000     -7.438395167080149E-004
   206.0000     -7.129234988219850E-004
   207.0000     -6.828715033275546E-004
   208.0000     -6.536669014903001E-004
   209.0000     -6.252933811930940E-004
   210.0000     -5.977349391572894E-004
   211.0000     -5.709758733722197E-004
   212.0000     -5.450007757299927E-004
   213.0000     -5.197945248617383E-004
   214.0000     -4.953422791747586E-004
   215.0000     -4.716294700858894E-004
   216.0000     -4.486417954521373E-004
   217.0000     -4.263652131950545E-004
   218.0000     -4.047859351192095E-004
   219.0000     -3.838904209246344E-004
   220.0000     -3.636653724132775E-004
   221.0000     -3.440977278909548E-004
   222.0000     -3.251746567669717E-004
   223.0000     -3.068835543541797E-004
   224.0000     -2.892120368742392E-004
   225.0000     -2.721479366732586E-004
   226.0000     -2.556792976553302E-004
   227.0000     -2.397943709427674E-004
   228.0000     -2.244816107750562E-004
   229.0000     -2.097296706599303E-004
   230.0000     -1.955273997944784E-004
   231.0000     -1.818638397776284E-004
   232.0000     -1.687282216401954E-004
   233.0000     -1.561099632248543E-004
   234.0000     -1.439986669560633E-004
   235.0000     -1.323841180487336E-004
   236.0000     -1.212562832167682E-004
   237.0000     -1.106053099571014E-004
   238.0000     -1.004215265041621E-004
   239.0000     -9.069544257414450E-005
   240.0000     -8.141775105073762E-005
   241.0000     -7.257933080637110E-005
   242.0000     -6.417125090952297E-005
   243.0000     -5.618477654525386E-005
   244.0000     -4.861137708092824E-005
   245.0000     -4.144273685471735E-005
   246.0000     -3.467076947118654E-005
   247.0000     -2.828763668547883E-005
   248.0000     -2.228577339542627E-005
   249.0000     -1.665792092101674E-005
   250.0000     -1.139717177169767E-005
   251.0000     -6.497030731837367E-006
   252.0000     -1.951499789443508E-006
