  0.0000000E+00 -6.919062584874201E-002
   1.000000     -6.870796250056758E-002
   2.000000     -6.822742982166297E-002
   3.000000     -6.774901918771842E-002
   4.000000     -6.727272859036532E-002
   5.000000     -6.679855436061731E-002
   6.000000     -6.632649282248460E-002
   7.000000     -6.585654028739581E-002
   8.000000     -6.538869323898419E-002
   9.000000     -6.492294694027816E-002
   10.00000     -6.445929992122905E-002
   11.00000     -6.399776431259320E-002
   12.00000     -6.353819932503672E-002
   13.00000     -6.308109434508885E-002
   14.00000     -6.262610734352632E-002
   15.00000     -6.216952859110596E-002
   16.00000     -6.173020846995282E-002
   17.00000     -6.127299236996028E-002
   18.00000     -6.080223693667668E-002
   19.00000     -6.047065685183742E-002
   20.00000     -5.989404089744514E-002
   21.00000     -5.943425808890003E-002
   22.00000     -5.914079610868497E-002
   23.00000     -5.837634466057683E-002
   24.00000     -5.782472043648303E-002
   25.00000     -5.756306672281621E-002
   26.00000     -5.672872522235871E-002
   27.00000     -5.587738202383882E-002
   28.00000     -5.584565850311062E-002
   29.00000     -5.500290261494509E-002
   30.00000     -5.412153542491255E-002
   31.00000     -5.351304126819613E-002
   32.00000     -5.323174654671907E-002
   33.00000     -5.233663627300224E-002
   34.00000     -5.143812315901519E-002
   35.00000     -5.079604796679175E-002
   36.00000     -5.053816465168350E-002
   37.00000     -4.963870348827363E-002
   38.00000     -4.874114650708275E-002
   39.00000     -4.784692449137418E-002
   40.00000     -4.767140862215113E-002
   41.00000     -4.695716928439995E-002
   42.00000     -4.607308361178072E-002
   43.00000     -4.519558552395695E-002
   44.00000     -4.432554265048572E-002
   45.00000     -4.410566481226623E-002
   46.00000     -4.346367631438679E-002
   47.00000     -4.261070199101871E-002
   48.00000     -4.176718458763118E-002
   49.00000     -4.093363839691007E-002
   50.00000     -4.011053480603884E-002
   51.00000     -4.006031626858006E-002
   52.00000     -3.929817254045452E-002
   53.00000     -3.849697004672681E-002
   54.00000     -3.770717175978337E-002
   55.00000     -3.692900905622314E-002
   56.00000     -3.616267103664116E-002
   57.00000     -3.549260292643833E-002
   58.00000     -3.540829674155033E-002
   59.00000     -3.466603110897471E-002
   60.00000     -3.393593169772016E-002
   61.00000     -3.321806111924028E-002
   62.00000     -3.251244864919101E-002
   63.00000     -3.181909983313722E-002
   64.00000     -3.113799894862350E-002
   65.00000     -3.046911355842899E-002
   66.00000     -3.035509509612903E-002
   67.00000     -2.981238108026630E-002
   68.00000     -2.916774556701563E-002
   69.00000     -2.853512002232093E-002
   70.00000     -2.791441017918089E-002
   71.00000     -2.730551044224909E-002
   72.00000     -2.670830529452235E-002
   73.00000     -2.612267046302258E-002
   74.00000     -2.554847398659163E-002
   75.00000     -2.498557731901642E-002
   76.00000     -2.459586486551662E-002
   77.00000     -2.443383350698958E-002
   78.00000     -2.389309781389182E-002
   79.00000     -2.336321262029402E-002
   80.00000     -2.284402109613233E-002
   81.00000     -2.233536266305779E-002
   82.00000     -2.183707424473254E-002
   83.00000     -2.134899081436515E-002
   84.00000     -2.087094587027459E-002
   85.00000     -2.040277186542815E-002
   86.00000     -1.994430059749115E-002
   87.00000     -1.949536356365954E-002
   88.00000     -1.905579228593336E-002
   89.00000     -1.862541863137691E-002
   90.00000     -1.820407673266807E-002
   91.00000     -1.815792917355643E-002
   92.00000     -1.779159369265814E-002
   93.00000     -1.738781053825800E-002
   94.00000     -1.699256007891402E-002
   95.00000     -1.660567919803337E-002
   96.00000     -1.622700625135889E-002
   97.00000     -1.585638125395610E-002
   98.00000     -1.549364600641152E-002
   99.00000     -1.513864420155318E-002
   100.0000     -1.479122151687120E-002
   101.0000     -1.445122569449191E-002
   102.0000     -1.411850660990738E-002
   103.0000     -1.379291633045728E-002
   104.0000     -1.347430916444568E-002
   105.0000     -1.316254170169963E-002
   106.0000     -1.285747284631456E-002
   107.0000     -1.255896384228418E-002
   108.0000     -1.226687829269348E-002
   109.0000     -1.198108217321490E-002
   110.0000     -1.170144384108761E-002
   111.0000     -1.142783404377615E-002
   112.0000     -1.116012597443357E-002
   113.0000     -1.097898845468847E-002
   114.0000     -1.089819421987545E-002
   115.0000     -1.064191849419702E-002
   116.0000     -1.039117765032667E-002
   117.0000     -1.014585451823271E-002
   118.0000     -9.905833984602734E-003
   119.0000     -9.671003218989503E-003
   120.0000     -9.441251663158212E-003
   121.0000     -9.216471008572041E-003
   122.0000     -8.996555170641218E-003
   123.0000     -8.781400261116816E-003
   124.0000     -8.570904559082907E-003
   125.0000     -8.364968480793126E-003
   126.0000     -8.163494548533835E-003
   127.0000     -7.966387358671325E-003
   128.0000     -7.773553549017138E-003
   129.0000     -7.584901765634080E-003
   130.0000     -7.400342629195476E-003
   131.0000     -7.219788700997180E-003
   132.0000     -7.043154448717627E-003
   133.0000     -6.870356212005551E-003
   134.0000     -6.701312167976673E-003
   135.0000     -6.535942296684234E-003
   136.0000     -6.374168346631041E-003
   137.0000     -6.215913800375046E-003
   138.0000     -6.061103840285504E-003
   139.0000     -5.909665314490718E-003
   140.0000     -5.761526703064838E-003
   141.0000     -5.616618084486408E-003
   142.0000     -5.474871102405268E-003
   143.0000     -5.336218932747543E-003
   144.0000     -5.200596251182805E-003
   145.0000     -5.067939200981347E-003
   146.0000     -4.938185361277714E-003
   147.0000     -4.811273715760452E-003
   148.0000     -4.687144621805417E-003
   149.0000     -4.565739780061820E-003
   150.0000     -4.447002204506542E-003
   151.0000     -4.330876192973693E-003
   152.0000     -4.217307298168190E-003
   153.0000     -4.106242299169352E-003
   154.0000     -3.997629173429877E-003
   155.0000     -3.891417069274337E-003
   156.0000     -3.787556278899798E-003
   157.0000     -3.685998211883252E-003
   158.0000     -3.586695369200756E-003
   159.0000     -3.489601317772191E-003
   160.0000     -3.394670665566341E-003
   161.0000     -3.301859037389727E-003
   162.0000     -3.211123051870349E-003
   163.0000     -3.122420302856621E-003
   164.0000     -3.035709397511684E-003
   165.0000     -2.990931763502332E-003
   166.0000     -2.950949221972067E-003
   167.0000     -2.868101103755259E-003
   168.0000     -2.787125677955167E-003
   169.0000     -2.707985128167086E-003
   170.0000     -2.630642394627819E-003
   171.0000     -2.555061228000491E-003
   172.0000     -2.481206175014121E-003
   173.0000     -2.409042560186661E-003
   174.0000     -2.338536467224692E-003
   175.0000     -2.269654720649749E-003
   176.0000     -2.202364867778155E-003
   177.0000     -2.136635161086707E-003
   178.0000     -2.072434540970639E-003
   179.0000     -2.009732618894660E-003
   180.0000     -1.948499660929065E-003
   181.0000     -1.888706571667282E-003
   182.0000     -1.830324878517618E-003
   183.0000     -1.773326716362141E-003
   184.0000     -1.717684812574960E-003
   185.0000     -1.663372472393495E-003
   186.0000     -1.610363564635944E-003
   187.0000     -1.558632507756817E-003
   188.0000     -1.508154256233943E-003
   189.0000     -1.458904287280517E-003
   190.0000     -1.410858587874146E-003
   191.0000     -1.363993642096995E-003
   192.0000     -1.318286418780050E-003
   193.0000     -1.273714359443805E-003
   194.0000     -1.230255366531297E-003
   195.0000     -1.187887791923860E-003
   196.0000     -1.146590425735681E-003
   197.0000     -1.106342485379685E-003
   198.0000     -1.067123604899200E-003
   199.0000     -1.028913824558816E-003
   200.0000     -9.916935806889358E-004
   201.0000     -9.554436957779443E-004
   202.0000     -9.201453688071768E-004
   203.0000     -8.857801658210502E-004
   204.0000     -8.523300107297055E-004
   205.0000     -8.197771763364989E-004
   206.0000     -7.881042755866825E-004
   207.0000     -7.572942530309678E-004
   208.0000     -7.273303765003827E-004
   209.0000     -6.981962289867425E-004
   210.0000     -6.698757007241202E-004
   211.0000     -6.423529814670801E-004
   212.0000     -6.156125529612687E-004
   213.0000     -5.896391816020737E-004
   214.0000     -5.644179112773163E-004
   215.0000     -5.399340563898477E-004
   216.0000     -5.161731950565119E-004
   217.0000     -4.931211624801719E-004
   218.0000     -4.707640444905932E-004
   219.0000     -4.490881712517171E-004
   220.0000     -4.280801111320727E-004
   221.0000     -4.077266647355058E-004
   222.0000     -3.880148590894783E-004
   223.0000     -3.689319419890158E-004
   224.0000     -3.504653764942935E-004
   225.0000     -3.326028355794480E-004
   226.0000     -3.153321969323175E-004
   227.0000     -2.986415379033249E-004
   228.0000     -2.825191306032395E-004
   229.0000     -2.669534371500632E-004
   230.0000     -2.519331050650285E-004
   231.0000     -2.374469628194434E-004
   232.0000     -2.234840155342438E-004
   233.0000     -2.100334408348222E-004
   234.0000     -1.970845848657542E-004
   235.0000     -1.846269584701397E-004
   236.0000     -1.726502335406125E-004
   237.0000     -1.611442395505134E-004
   238.0000     -1.500989602763261E-004
   239.0000     -1.395045307246377E-004
   240.0000     -1.293512342809668E-004
   241.0000     -1.196295001010418E-004
   242.0000     -1.103299007712831E-004
   243.0000     -1.014431502707834E-004
   244.0000     -9.296010227617182E-005
   245.0000     -8.487174886033187E-005
   246.0000     -7.716921965040529E-005
   247.0000     -6.984378152753312E-005
   248.0000     -6.288683897405396E-005
   249.0000     -5.628993520500978E-005
   250.0000     -5.004475426202380E-005
   251.0000     -4.414312430460984E-005
   252.0000     -3.857702241209938E-005
   253.0000     -3.333858132032274E-005
   254.0000     -2.842009867474987E-005
   255.0000     -2.381404961353168E-005
   256.0000     -1.951310383840429E-005
   257.0000     -1.551014886026754E-005
   258.0000     -1.179832193909480E-005
   259.0000     -8.371054594405219E-006
   260.0000     -5.222135859094460E-006
   261.0000     -2.345804517823470E-006
