  0.0000000E+00 -7.631725806713924E-002
   1.000000     -7.527040128420222E-002
   2.000000     -7.506127245674646E-002
   3.000000     -7.281328396003445E-002
   4.000000     -7.113221613213036E-002
   5.000000     -6.961288219201263E-002
   6.000000     -6.592383459275246E-002
   7.000000     -6.263330064398909E-002
   8.000000     -6.199396196222470E-002
   9.000000     -5.799359150765668E-002
   10.00000     -5.403777659510554E-002
   11.00000     -5.020245526393147E-002
   12.00000     -4.771066829034436E-002
   13.00000     -4.653561537434169E-002
   14.00000     -4.306547338779391E-002
   15.00000     -3.980632816804335E-002
   16.00000     -3.676283332307267E-002
   17.00000     -3.393305714787110E-002
   18.00000     -3.131069375615889E-002
   19.00000     -2.888664852170396E-002
   20.00000     -2.665016854337701E-002
   21.00000     -2.458964182682939E-002
   22.00000     -2.358440243542280E-002
   23.00000     -2.269315418447425E-002
   24.00000     -2.094887506270655E-002
   25.00000     -1.934530887794399E-002
   26.00000     -1.787146245039266E-002
   27.00000     -1.651694253301684E-002
   28.00000     -1.527200793330523E-002
   29.00000     -1.412758885079154E-002
   30.00000     -1.307528367871257E-002
   31.00000     -1.210734066971626E-002
   32.00000     -1.121662982384975E-002
   33.00000     -1.039660885489925E-002
   34.00000     -9.641285985222387E-003
   35.00000     -8.945181506080249E-003
   36.00000     -8.303289444031818E-003
   37.00000     -7.711040238010983E-003
   38.00000     -7.164265014636266E-003
   39.00000     -6.659161820256951E-003
   40.00000     -6.192264004290533E-003
   41.00000     -5.760410832520348E-003
   42.00000     -5.360720328526894E-003
   43.00000     -4.990564286888106E-003
   44.00000     -4.647545366192322E-003
   45.00000     -4.329476148045333E-003
   46.00000     -4.034360036250847E-003
   47.00000     -3.760373865329902E-003
   48.00000     -3.505852087406627E-003
   49.00000     -3.269272409658317E-003
   50.00000     -3.049242759872478E-003
   51.00000     -2.844489464338425E-003
   52.00000     -2.653846529731468E-003
   53.00000     -2.476245928396259E-003
   54.00000     -2.310708794209067E-003
   55.00000     -2.156337443790654E-003
   56.00000     -2.012308145121069E-003
   57.00000     -1.877864562491302E-003
   58.00000     -1.752311813167826E-003
   59.00000     -1.635011077125069E-003
   60.00000     -1.525374706714139E-003
   61.00000     -1.422861788195898E-003
   62.00000     -1.326974111688689E-003
   63.00000     -1.237252510291896E-003
   64.00000     -1.153273532970472E-003
   65.00000     -1.074646419251650E-003
   66.00000     -1.001010346920608E-003
   67.00000     -9.320319267346854E-004
   68.00000     -8.674029207317415E-004
   69.00000     -8.068381630130729E-004
   70.00000     -7.500736639569194E-004
   71.00000     -6.968648806882042E-004
   72.00000     -6.469851383126830E-004
   73.00000     -6.002241879371943E-004
   74.00000     -5.563868888600911E-004
   75.00000     -5.152920035410358E-004
   76.00000     -4.767710950615465E-004
   77.00000     -4.406675177797170E-004
   78.00000     -4.068354927745363E-004
   79.00000     -3.751392604792708E-004
   80.00000     -3.454523036259813E-004
   81.00000     -3.176566342753787E-004
   82.00000     -2.916421392931504E-004
   83.00000     -2.673059791634543E-004
   84.00000     -2.445520355081838E-004
   85.00000     -2.232904031120270E-004
   86.00000     -2.034369226437481E-004
   87.00000     -1.849127506172956E-004
   88.00000     -1.676439634569271E-004
   89.00000     -1.515611928220016E-004
   90.00000     -1.365992896132231E-004
   91.00000     -1.226970143259721E-004
   92.00000     -1.097967516418141E-004
   93.00000     -9.784424735956284E-005
   94.00000     -8.678836596641163E-005
   95.00000     -7.658086734245959E-005
   96.00000     -6.717620128399688E-005
   97.00000     -5.853131873077913E-005
   98.00000     -5.060549880103574E-005
   99.00000     -4.336019099330389E-005
   100.0000     -3.675887223370880E-005
   101.0000     -3.076691887688927E-005
   102.0000     -2.535149438728416E-005
   103.0000     -2.048145437590833E-005
   104.0000     -1.612727221030380E-005
   105.0000     -1.226099107330443E-005
   106.0000     -8.856213210486621E-006
   107.0000     -5.888146631237801E-006
   108.0000     -3.333749749865036E-006
   109.0000     -1.172062010502454E-006
