  0.0000000E+00 -7.483247088185045E-002
   1.000000     -7.379757820911152E-002
   2.000000     -7.356143182456043E-002
   3.000000     -7.143675932835687E-002
   4.000000     -6.952547949303804E-002
   5.000000     -6.828658450921768E-002
   6.000000     -6.464488756084683E-002
   7.000000     -6.095960439923678E-002
   8.000000     -6.075976682814231E-002
   9.000000     -5.680194282275990E-002
   10.00000     -5.288645477762217E-002
   11.00000     -4.908944577916221E-002
   12.00000     -4.596582776352623E-002
   13.00000     -4.545903467606575E-002
   14.00000     -4.202356649746461E-002
   15.00000     -3.879744467067113E-002
   16.00000     -3.578542822332439E-002
   17.00000     -3.298568054313404E-002
   18.00000     -3.039198360401705E-002
   19.00000     -2.799532408660156E-002
   20.00000     -2.578502442539288E-002
   21.00000     -2.374954244222438E-002
   22.00000     -2.187703145498193E-002
   23.00000     -2.176386759493193E-002
   24.00000     -2.015571412723710E-002
   25.00000     -1.857415807810969E-002
   26.00000     -1.712142015388418E-002
   27.00000     -1.578715599479871E-002
   28.00000     -1.456167004555968E-002
   29.00000     -1.343593516653432E-002
   30.00000     -1.240158967090589E-002
   31.00000     -1.145091920364099E-002
   32.00000     -1.057682882377975E-002
   33.00000     -9.772809148189003E-003
   34.00000     -9.032899308634618E-003
   35.00000     -8.351648660673835E-003
   36.00000     -7.724078586258265E-003
   37.00000     -7.145645295847497E-003
   38.00000     -6.612204218636768E-003
   39.00000     -6.119976340346203E-003
   40.00000     -5.665516683969273E-003
   41.00000     -5.245685012907986E-003
   42.00000     -4.857618755346570E-003
   43.00000     -4.498708094111380E-003
   44.00000     -4.166573130610122E-003
   45.00000     -3.859043009528155E-003
   46.00000     -3.574136878908099E-003
   47.00000     -3.310046555183565E-003
   48.00000     -3.065120762559516E-003
   49.00000     -2.837850819270023E-003
   50.00000     -2.626857648557179E-003
   51.00000     -2.430879998873977E-003
   52.00000     -2.248763765219841E-003
   53.00000     -2.079452311246193E-003
   54.00000     -1.921977699523254E-003
   55.00000     -1.775452744936533E-003
   56.00000     -1.639063813446804E-003
   57.00000     -1.512064295320266E-003
   58.00000     -1.393768688367260E-003
   59.00000     -1.283547232699893E-003
   60.00000     -1.180821044027375E-003
   61.00000     -1.085057697564280E-003
   62.00000     -9.957672192488676E-004
   63.00000     -9.124984451809441E-004
   64.00000     -8.348357140166422E-004
   65.00000     -7.623958605312738E-004
   66.00000     -6.948254817070252E-004
   67.00000     -6.317984495501654E-004
   68.00000     -5.730136474181068E-004
   69.00000     -5.181929089673714E-004
   70.00000     -4.670791409435448E-004
   71.00000     -4.194346129483417E-004
   72.00000     -3.750393990593132E-004
   73.00000     -3.336899577684667E-004
   74.00000     -2.951978381691456E-004
   75.00000     -2.593885016809549E-004
   76.00000     -2.261002498871627E-004
   77.00000     -1.951832502998987E-004
   78.00000     -1.664986531052163E-004
   79.00000     -1.399177932280320E-004
   80.00000     -1.153214734719615E-004
   81.00000     -9.259932614956673E-005
   82.00000     -7.164925270683765E-005
   83.00000     -5.237694366685839E-005
   84.00000     -3.469548529113671E-005
   85.00000     -1.852506561797565E-005
   86.00000     -3.792802741443338E-006
