  0.0000000E+00 -7.652205692966771E-002
   1.000000     -7.547568168806366E-002
   2.000000     -7.526590412237256E-002
   3.000000     -7.300311265921140E-002
   4.000000     -7.135379327657346E-002
   5.000000     -6.979578497624844E-002
   6.000000     -6.610020832428280E-002
   7.000000     -6.286411840570502E-002
   8.000000     -6.216415831946209E-002
   9.000000     -5.815792640647591E-002
   10.00000     -5.419655021878156E-002
   11.00000     -5.035594542773953E-002
   12.00000     -4.795129168667283E-002
   13.00000     -4.668408159484327E-002
   14.00000     -4.320915811857050E-002
   15.00000     -3.994545880136605E-002
   16.00000     -3.689762292202389E-002
   17.00000     -3.406370566320266E-002
   18.00000     -3.143738902278580E-002
   19.00000     -2.900956716244736E-002
   20.00000     -2.676947679301263E-002
   21.00000     -2.470549631301501E-002
   22.00000     -2.383546331977691E-002
   23.00000     -2.280570250331525E-002
   24.00000     -2.105825650674776E-002
   25.00000     -1.945165504030688E-002
   26.00000     -1.797489767564319E-002
   27.00000     -1.661758442667243E-002
   28.00000     -1.536996780870446E-002
   29.00000     -1.422297213960990E-002
   30.00000     -1.316819030913985E-002
   31.00000     -1.219786541527025E-002
   32.00000     -1.130486262543169E-002
   33.00000     -1.048263511841943E-002
   34.00000     -9.725186856891737E-003
   35.00000     -9.027034127257165E-003
   36.00000     -8.383167187332506E-003
   37.00000     -7.789012926228066E-003
   38.00000     -7.240399123865664E-003
   39.00000     -6.733520668503986E-003
   40.00000     -6.264907926708712E-003
   41.00000     -5.831397344334049E-003
   42.00000     -5.430104276594183E-003
   43.00000     -5.058397990776736E-003
   44.00000     -4.713878749566396E-003
   45.00000     -4.394356861092196E-003
   46.00000     -4.097833569815794E-003
   47.00000     -3.822483657372238E-003
   48.00000     -3.566639622339253E-003
   49.00000     -3.328777311088879E-003
   50.00000     -3.107502877222425E-003
   51.00000     -2.901540953779779E-003
   52.00000     -2.709723929846670E-003
   53.00000     -2.530982230936435E-003
   54.00000     -2.364335510297477E-003
   55.00000     -2.208884665892854E-003
   56.00000     -2.063804605079716E-003
   57.00000     -1.928337685901934E-003
   58.00000     -1.801787770352290E-003
   59.00000     -1.683514830940746E-003
   60.00000     -1.572930057420371E-003
   61.00000     -1.469491415582874E-003
   62.00000     -1.372699614659573E-003
   63.00000     -1.282094444074982E-003
   64.00000     -1.197251444125209E-003
   65.00000     -1.117778878619809E-003
   66.00000     -1.043314980662507E-003
   67.00000     -9.735254455788258E-004
   68.00000     -9.081011475559663E-004
   69.00000     -8.467560588644790E-004
   70.00000     -7.892253526083619E-004
   71.00000     -7.352636718192780E-004
   72.00000     -6.846435493936274E-004
   73.00000     -6.371539648851088E-004
   74.00000     -5.925990255275589E-004
   75.00000     -5.507967600882531E-004
   76.00000     -5.115780152540699E-004
   77.00000     -4.747854452445423E-004
   78.00000     -4.402725862381440E-004
   79.00000     -4.079030080013637E-004
   80.00000     -3.775495358326130E-004
   81.00000     -3.490935365842540E-004
   82.00000     -3.224242631122595E-004
   83.00000     -2.974382520312459E-004
   84.00000     -2.740387701290368E-004
   85.00000     -2.521353052242917E-004
   86.00000     -2.316430976382775E-004
   87.00000     -2.124827088018975E-004
   88.00000     -1.945796238346342E-004
   89.00000     -1.778638852180724E-004
   90.00000     -1.622697549443830E-004
   91.00000     -1.477354027540307E-004
   92.00000     -1.342026182881249E-004
   93.00000     -1.216165451726703E-004
   94.00000     -1.099254352252551E-004
   95.00000     -9.908042113256249E-005
   96.00000     -8.903530608995860E-005
   97.00000     -7.974636902454727E-005
   98.00000     -7.117218414145287E-005
   99.00000     -6.327345364119261E-005
   100.0000     -5.601285255468114E-005
   101.0000     -4.935488473313394E-005
   102.0000     -4.326574911387125E-005
   103.0000     -3.771321546094533E-005
   104.0000     -3.266650885311535E-005
   105.0000     -2.809620226258393E-005
   106.0000     -2.397411663853007E-005
   107.0000     -2.027322798307977E-005
   108.0000     -1.696758098946071E-005
   109.0000     -1.403220891158363E-005
   110.0000     -1.144305946678804E-005
   111.0000     -9.176926768090447E-006
   112.0000     -7.211389594803955E-006
   113.0000     -5.524756855731792E-006
   114.0000     -4.096022127302326E-006
   115.0000     -2.904831248839614E-006
   116.0000     -1.931471650990220E-006
   117.0000     -1.156903828576370E-006
   118.0000     -5.628894893343077E-007
   119.0000     -1.323952998907465E-007
