  0.0000000E+00 -7.350542527595913E-002
   1.000000     -7.249825030750058E-002
   2.000000     -7.220270032523489E-002
   3.000000     -7.020606675764797E-002
   4.000000     -6.808898726103138E-002
   5.000000     -6.710080388266888E-002
   6.000000     -6.350145360554373E-002
   7.000000     -5.965657434085567E-002
   8.000000     -5.946301790939881E-002
   9.000000     -5.573655833447903E-002
   10.00000     -5.185712446585954E-002
   11.00000     -4.809436851328851E-002
   12.00000     -4.449655828624099E-002
   13.00000     -4.440583408525540E-002
   14.00000     -4.109205806206982E-002
   15.00000     -3.789546066447053E-002
   16.00000     -3.491158734655774E-002
   17.00000     -3.213868653470086E-002
   18.00000     -2.957061876013815E-002
   19.00000     -2.719844340133178E-002
   20.00000     -2.501155025527867E-002
   21.00000     -2.299845962685011E-002
   22.00000     -2.114738120723639E-002
   23.00000     -2.013623643796886E-002
   24.00000     -1.944659668906247E-002
   25.00000     -1.788471913260449E-002
   26.00000     -1.645085357746546E-002
   27.00000     -1.513469947779600E-002
   28.00000     -1.392660209928177E-002
   29.00000     -1.281757246081704E-002
   30.00000     -1.179928458574228E-002
   31.00000     -1.086405757226127E-002
   32.00000     -1.000482784994510E-002
   33.00000     -9.215115482584763E-003
   34.00000     -8.488987270831319E-003
   35.00000     -7.821018594479322E-003
   36.00000     -7.206255337478033E-003
   37.00000     -6.640176802531645E-003
   38.00000     -6.118660204842700E-003
   39.00000     -5.637947105293171E-003
   40.00000     -5.194611979224870E-003
   41.00000     -4.785533000929845E-003
   42.00000     -4.407865043319458E-003
   43.00000     -4.059014837574907E-003
   44.00000     -3.736618201874474E-003
   45.00000     -3.438519226329898E-003
   46.00000     -3.162751289170125E-003
   47.00000     -2.907519774120060E-003
   48.00000     -2.671186358709522E-003
   49.00000     -2.452254746359593E-003
   50.00000     -2.249357720381639E-003
   51.00000     -2.061245404663807E-003
   52.00000     -1.886774623209298E-003
   53.00000     -1.724899258406745E-003
   54.00000     -1.574661515658971E-003
   55.00000     -1.435184009568177E-003
   56.00000     -1.305662594141990E-003
   57.00000     -1.185359866362066E-003
   58.00000     -1.073599278899830E-003
   59.00000     -9.697597696312328E-004
   60.00000     -8.732710941132078E-004
   61.00000     -7.836090968592485E-004
   62.00000     -7.002920727575417E-004
   63.00000     -6.228769857079697E-004
   64.00000     -5.509562263047072E-004
   65.00000     -4.841546385610622E-004
   66.00000     -4.221268219488960E-004
   67.00000     -3.645546839554988E-004
   68.00000     -3.111452212139870E-004
   69.00000     -2.616285099737018E-004
   70.00000     -2.157558893139170E-004
   71.00000     -1.732983231591811E-004
   72.00000     -1.340449299568295E-004
   73.00000     -9.780167201636976E-005
   74.00000     -6.439020028325265E-005
   75.00000     -3.364685520841164E-005
   76.00000     -5.421831202537518E-006
