  0.0000000E+00 -7.653936817533832E-002
   1.000000     -7.549305851283727E-002
   2.000000     -7.528317511266686E-002
   3.000000     -7.301915809242999E-002
   4.000000     -7.137252228233586E-002
   5.000000     -6.981124499648976E-002
   6.000000     -6.611511647836281E-002
   7.000000     -6.288362851142147E-002
   8.000000     -6.217854430723287E-002
   9.000000     -5.817181696786740E-002
   10.00000     -5.420997070840779E-002
   11.00000     -5.036891932823536E-002
   12.00000     -4.797163060588706E-002
   13.00000     -4.669663084083094E-002
   14.00000     -4.322130320566991E-002
   15.00000     -3.995721894921374E-002
   16.00000     -3.690901613997596E-002
   17.00000     -3.407474885229708E-002
   18.00000     -3.144809805996440E-002
   19.00000     -2.901995697694595E-002
   20.00000     -2.677956143602347E-002
   21.00000     -2.471528902423947E-002
   22.00000     -2.385668506191764E-002
   23.00000     -2.281521575689664E-002
   24.00000     -2.106750207798314E-002
   25.00000     -1.946064405190252E-002
   26.00000     -1.798364063799804E-002
   27.00000     -1.662609128058241E-002
   28.00000     -1.537824796312742E-002
   29.00000     -1.423103450636688E-002
   30.00000     -1.317604333488230E-002
   31.00000     -1.220551711096654E-002
   32.00000     -1.131232059359199E-002
   33.00000     -1.048990657825602E-002
   34.00000     -9.732278667591930E-003
   35.00000     -9.033952809528480E-003
   36.00000     -8.389918943364678E-003
   37.00000     -7.795603658202221E-003
   38.00000     -7.246834451129559E-003
   39.00000     -6.739805943520061E-003
   40.00000     -6.271048249873212E-003
   41.00000     -5.837397577755593E-003
   42.00000     -5.435969056912940E-003
   43.00000     -5.064131741098057E-003
   44.00000     -4.719485690576139E-003
   45.00000     -4.399841021415692E-003
   46.00000     -4.103198795676879E-003
   47.00000     -3.827733621604195E-003
   48.00000     -3.571777832795360E-003
   49.00000     -3.333807118496256E-003
   50.00000     -3.112427482519772E-003
   51.00000     -2.906363414975919E-003
   52.00000     -2.714447168434493E-003
   53.00000     -2.535609037893882E-003
   54.00000     -2.368868551705079E-003
   55.00000     -2.213326488194998E-003
   56.00000     -2.068157640014877E-003
   57.00000     -1.932604255125513E-003
   58.00000     -1.805970089773638E-003
   59.00000     -1.687615014794745E-003
   60.00000     -1.576950122092436E-003
   61.00000     -1.473433283204801E-003
   62.00000     -1.376565116492585E-003
   63.00000     -1.285885323695111E-003
   64.00000     -1.200969360424998E-003
   65.00000     -1.121425408639551E-003
   66.00000     -1.046891622262955E-003
   67.00000     -9.770336199667023E-004
   68.00000     -9.115422016725304E-004
   69.00000     -8.501312676467826E-004
   70.00000     -7.925359211319232E-004
   71.00000     -7.385107373301973E-004
   72.00000     -6.878281832375342E-004
   73.00000     -6.402771743395557E-004
   74.00000     -5.956617555439437E-004
   75.00000     -5.537998949486670E-004
   76.00000     -5.145223801478768E-004
   77.00000     -4.776718077690005E-004
   78.00000     -4.431016578267880E-004
   79.00000     -4.106754452833022E-004
   80.00000     -3.802659419254851E-004
   81.00000     -3.517544623230508E-004
   82.00000     -3.250302082156725E-004
   83.00000     -2.999896662069184E-004
   84.00000     -2.765360541183528E-004
   85.00000     -2.545788117870711E-004
   86.00000     -2.340331324772290E-004
   87.00000     -2.148195314260256E-004
   88.00000     -1.968634483604603E-004
   89.00000     -1.800948811067531E-004
   90.00000     -1.644480476722505E-004
   91.00000     -1.498610744132709E-004
   92.00000     -1.362757081135070E-004
   93.00000     -1.236370499890658E-004
   94.00000     -1.118933098095693E-004
   95.00000     -1.009955784820600E-004
   96.00000     -9.089761758705231E-005
   97.00000     -8.155566448572832E-005
   98.00000     -7.292825173488022E-005
   99.00000     -6.497603965342710E-005
   100.0000     -5.766166098175466E-005
   101.0000     -5.094957666410438E-005
   102.0000     -4.480594186553241E-005
   103.0000     -3.919848140938103E-005
   104.0000     -3.409637388988757E-005
   105.0000     -2.947014377809411E-005
   106.0000     -2.529156089888068E-005
   107.0000     -2.153354671398838E-005
   108.0000     -1.817008690191560E-005
   109.0000     -1.517614978340494E-005
   110.0000     -1.252761020486468E-005
   111.0000     -1.020117856886628E-005
   112.0000     -8.174334803792786E-006
   113.0000     -6.425267219010347E-006
   114.0000     -4.932816448555205E-006
   115.0000     -3.676425155243296E-006
   116.0000     -2.636095103611613E-006
   117.0000     -1.792355260421470E-006
   118.0000     -1.126249576310360E-006
   119.0000     -6.193670605285671E-007
   120.0000     -2.539842092872842E-007
   121.0000     -1.361355465722788E-008
