  0.0000000E+00 -7.275447045238011E-002
   1.000000     -7.176690780838231E-002
   2.000000     -7.142937543265906E-002
   3.000000     -6.950946149589905E-002
   4.000000     -6.727590985978092E-002
   5.000000     -6.642962081633109E-002
   6.000000     -6.285424854666176E-002
   7.000000     -5.903199870518271E-002
   8.000000     -5.861607072742307E-002
   9.000000     -5.513353117627505E-002
   10.00000     -5.127450474541666E-002
   11.00000     -4.753113671717094E-002
   12.00000     -4.395174255892951E-002
   13.00000     -4.352288584305836E-002
   14.00000     -4.056480743747712E-002
   15.00000     -3.738492146250695E-002
   16.00000     -3.441697771805255E-002
   17.00000     -3.165927277774920E-002
   18.00000     -2.910571164077396E-002
   19.00000     -2.674739483646923E-002
   20.00000     -2.457375029343255E-002
   21.00000     -2.257333369136861E-002
   22.00000     -2.073438753688575E-002
   23.00000     -1.921496737812184E-002
   24.00000     -1.904522342645892E-002
   25.00000     -1.749448517560189E-002
   26.00000     -1.607130194049196E-002
   27.00000     -1.476539871148155E-002
   28.00000     -1.356714387236736E-002
   29.00000     -1.246757004910386E-002
   30.00000     -1.145837148699558E-002
   31.00000     -1.053188623009885E-002
   32.00000     -9.681068476621656E-003
   33.00000     -8.899454972085634E-003
   34.00000     -8.181128194633649E-003
   35.00000     -7.520678273117220E-003
   36.00000     -6.913164981730929E-003
   37.00000     -6.354080718660741E-003
   38.00000     -5.839315058842912E-003
   39.00000     -5.365121241613428E-003
   40.00000     -4.928084789846540E-003
   41.00000     -4.525094341087193E-003
   42.00000     -4.153314690501258E-003
   43.00000     -3.810161990769213E-003
   44.00000     -3.493281018311493E-003
   45.00000     -3.200524393245416E-003
   46.00000     -2.929933628357994E-003
   47.00000     -2.679721877268292E-003
   48.00000     -2.448258251726095E-003
   49.00000     -2.234053581091917E-003
   50.00000     -2.035747492322429E-003
   51.00000     -1.852096695417960E-003
   52.00000     -1.681964366675401E-003
   53.00000     -1.524310529806310E-003
   54.00000     -1.378183342731124E-003
   55.00000     -1.242711205442000E-003
   56.00000     -1.117095611609546E-003
   57.00000     -1.000604673509372E-003
   58.00000     -8.925672563207352E-004
   59.00000     -7.923676638843153E-004
   60.00000     -6.994407941658924E-004
   61.00000     -6.132679233334748E-004
   62.00000     -5.333724579372882E-004
   63.00000     -4.593166475085227E-004
   64.00000     -3.906981935126041E-004
   65.00000     -3.271473428604714E-004
   66.00000     -2.683242336715681E-004
   67.00000     -2.139165000711073E-004
   68.00000     -1.636371170125079E-004
   69.00000     -1.172224699803825E-004
   70.00000     -7.443063878724745E-005
   71.00000     -3.503988995844558E-005
