  0.0000000E+00 -7.376016600307336E-002
   1.000000     -7.274685250110148E-002
   2.000000     -7.246443039523498E-002
   3.000000     -7.044234184043807E-002
   4.000000     -6.836477047020338E-002
   5.000000     -6.732845621659975E-002
   6.000000     -6.372097473041290E-002
   7.000000     -5.986846112873036E-002
   8.000000     -5.975024717787725E-002
   9.000000     -5.594109512831919E-002
   10.00000     -5.205473941491340E-002
   11.00000     -4.828540741207375E-002
   12.00000     -4.470544204029936E-002
   13.00000     -4.468122420969155E-002
   14.00000     -4.127089275320499E-002
   15.00000     -3.806862712799298E-002
   16.00000     -3.507935077105431E-002
   17.00000     -3.230129578059671E-002
   18.00000     -2.972830760559214E-002
   19.00000     -2.735143166723447E-002
   20.00000     -2.516004482942425E-002
   21.00000     -2.314265539954547E-002
   22.00000     -2.128746195667128E-002
   23.00000     -2.044871584200956E-002
   24.00000     -1.958273576227030E-002
   25.00000     -1.801708019538230E-002
   26.00000     -1.657959141072952E-002
   27.00000     -1.525996042697120E-002
   28.00000     -1.404852467099482E-002
   29.00000     -1.293628783442582E-002
   30.00000     -1.191491708324003E-002
   31.00000     -1.097672509133979E-002
   32.00000     -1.011464226356638E-002
   33.00000     -9.322183007966518E-003
   34.00000     -8.593408810440913E-003
   35.00000     -7.922890051369487E-003
   36.00000     -7.305667907067059E-003
   37.00000     -6.737217242726658E-003
   38.00000     -6.213411086220795E-003
   39.00000     -5.730487042892571E-003
   40.00000     -5.285015847350303E-003
   41.00000     -4.873872132244233E-003
   42.00000     -4.494207413374946E-003
   43.00000     -4.143425235828196E-003
   44.00000     -3.819158390133820E-003
   45.00000     -3.519248085492552E-003
   46.00000     -3.241724955028430E-003
   47.00000     -2.984791762939295E-003
   48.00000     -2.746807683213884E-003
   49.00000     -2.526274022698121E-003
   50.00000     -2.321821266587655E-003
   51.00000     -2.132197331065163E-003
   52.00000     -1.956256915193161E-003
   53.00000     -1.792951851890888E-003
   54.00000     -1.641322365569391E-003
   55.00000     -1.500489151571088E-003
   56.00000     -1.369646199823572E-003
   57.00000     -1.248054291991876E-003
   58.00000     -1.135035107850867E-003
   59.00000     -1.029965882581384E-003
   60.00000     -9.322745622178873E-004
   61.00000     -8.414354095540768E-004
   62.00000     -7.569650174651490E-004
   63.00000     -6.784186908585141E-004
   64.00000     -6.053871623467380E-004
   65.00000     -5.374936102811557E-004
   66.00000     -4.743909510250479E-004
   67.00000     -4.157593803179434E-004
   68.00000     -3.613041413259547E-004
   69.00000     -3.107534995298386E-004
   70.00000     -2.638569070217361E-004
   71.00000     -2.203833411225428E-004
   72.00000     -1.801198045730614E-004
   73.00000     -1.428699769997010E-004
   74.00000     -1.084530100652458E-004
   75.00000     -7.670246192782589E-005
   76.00000     -4.746537073173329E-005
   77.00000     -2.060147249299887E-005
