  0.0000000E+00 -8.862608820139724E-002
   1.000000     -8.723311260311128E-002
   2.000000     -8.642075083900820E-002
   3.000000     -8.438900916044748E-002
   4.000000     -8.127547613554907E-002
   5.000000     -8.063377356367497E-002
   6.000000     -7.624065214335350E-002
   7.000000     -7.152923808402503E-002
   8.000000     -7.037027005748131E-002
   9.000000     -6.671756070263059E-002
   10.00000     -6.195155472616511E-002
   11.00000     -5.732695476978046E-002
   12.00000     -5.290452552365616E-002
   13.00000     -5.140371121157693E-002
   14.00000     -4.872012930485754E-002
   15.00000     -4.479223517709570E-002
   16.00000     -4.112712523295116E-002
   17.00000     -3.772282708359985E-002
   18.00000     -3.457186016984216E-002
   19.00000     -3.166322467299536E-002
   20.00000     -2.898381895740666E-002
   21.00000     -2.651944180888469E-002
   22.00000     -2.425549260882746E-002
   23.00000     -2.217745228412312E-002
   24.00000     -2.090564834154558E-002
   25.00000     -2.027120059910167E-002
   26.00000     -1.852323841205103E-002
   27.00000     -1.692078864222143E-002
   28.00000     -1.545188157438322E-002
   29.00000     -1.410537299320372E-002
   30.00000     -1.287094215083540E-002
   31.00000     -1.173906986879364E-002
   32.00000     -1.070100428682177E-002
   33.00000     -9.748719122840806E-003
   34.00000     -8.874867895818943E-003
   35.00000     -8.072736541943277E-003
   36.00000     -7.336196107055276E-003
   37.00000     -6.659656652269896E-003
   38.00000     -6.038023112563353E-003
   39.00000     -5.466653561179509E-003
   40.00000     -4.941320127275066E-003
   41.00000     -4.458172668973107E-003
   42.00000     -4.013705203068776E-003
   43.00000     -3.604725024236062E-003
   44.00000     -3.228324401946714E-003
   45.00000     -2.881854627180586E-003
   46.00000     -2.562902875905068E-003
   47.00000     -2.269269865536823E-003
   48.00000     -1.998951249857548E-003
   49.00000     -1.750119416902675E-003
   50.00000     -1.521107920787009E-003
   51.00000     -1.310396237852486E-003
   52.00000     -1.116597323702127E-003
   53.00000     -9.384457212224932E-004
   54.00000     -7.747863133743065E-004
   55.00000     -6.245653585521858E-004
   56.00000     -4.868215539923004E-004
   57.00000     -3.606784105403877E-004
   58.00000     -2.453374413980574E-004
   59.00000     -1.400722034795338E-004
   60.00000     -4.422319607513233E-005
