  0.0000000E+00 -9.269734736656335E-002
   1.000000     -9.124809463537610E-002
   2.000000     -9.056902489102539E-002
   3.000000     -8.817438538360951E-002
   4.000000     -8.568448679610297E-002
   5.000000     -8.427812553817314E-002
   6.000000     -7.975315748986878E-002
   7.000000     -7.496897472003620E-002
   8.000000     -7.491564062321328E-002
   9.000000     -6.998998329698708E-002
   10.00000     -6.511316541419940E-002
   11.00000     -6.038330905503322E-002
   12.00000     -5.619513708306096E-002
   13.00000     -5.586073718384173E-002
   14.00000     -5.158115584832877E-002
   15.00000     -4.756253999914871E-002
   16.00000     -4.381095082929677E-002
   17.00000     -4.032415236922715E-002
   18.00000     -3.709442160043179E-002
   19.00000     -3.411053442830876E-002
   20.00000     -3.135918138276528E-002
   21.00000     -2.882596841771468E-002
   22.00000     -2.649611716300616E-002
   23.00000     -2.590492950394258E-002
   24.00000     -2.435493415678296E-002
   25.00000     -2.238815676478806E-002
   26.00000     -2.058212896607850E-002
   27.00000     -1.892394364989629E-002
   28.00000     -1.740150326697308E-002
   29.00000     -1.600354470221002E-002
   30.00000     -1.471963572128505E-002
   31.00000     -1.354015243029605E-002
   32.00000     -1.245624446847312E-002
   33.00000     -1.145979276259410E-002
   34.00000     -1.054336328621500E-002
   35.00000     -9.700159249062711E-003
   36.00000     -8.923973395571508E-003
   37.00000     -8.209141546034809E-003
   38.00000     -7.550498117077939E-003
   39.00000     -6.943334071509063E-003
   40.00000     -6.383357542405018E-003
   41.00000     -5.866657231216736E-003
   42.00000     -5.389668578887905E-003
   43.00000     -4.949142640668565E-003
   44.00000     -4.542117550703696E-003
   45.00000     -4.165892435057604E-003
   46.00000     -3.818003616759815E-003
   47.00000     -3.496202950135560E-003
   48.00000     -3.198438121464964E-003
   49.00000     -2.922834756950194E-003
   50.00000     -2.667680185628241E-003
   51.00000     -2.431408713214496E-003
   52.00000     -2.212588272150739E-003
   53.00000     -2.009908322829644E-003
   54.00000     -1.822168890707842E-003
   55.00000     -1.648270633548176E-003
   56.00000     -1.487205842187255E-003
   57.00000     -1.338050286905493E-003
   58.00000     -1.199955829633689E-003
   59.00000     -1.072143729845336E-003
   60.00000     -9.538985790663645E-004
   61.00000     -8.445628055169084E-004
   62.00000     -7.435316965293833E-004
   63.00000     -6.502488921325627E-004
   64.00000     -5.642023086412898E-004
   65.00000     -4.849204563640224E-004
   66.00000     -4.119691208003779E-004
   67.00000     -3.449483821841981E-004
   68.00000     -2.834899542916413E-004
   69.00000     -2.272548306469743E-004
   70.00000     -1.759312355627767E-004
   71.00000     -1.292328904868487E-004
   72.00000     -8.689762588598931E-005
   73.00000     -4.868640111959853E-005
   74.00000     -1.438285113076192E-005
