  0.0000000E+00 -9.398227166734281E-002
   1.000000     -9.252354093101009E-002
   2.000000     -9.186629535841277E-002
   3.000000     -8.936760185162460E-002
   4.000000     -8.707469916034359E-002
   5.000000     -8.542683493770688E-002
   6.000000     -8.086055927131858E-002
   7.000000     -7.641558849942258E-002
   8.000000     -7.598653734048945E-002
   9.000000     -7.102170012807058E-002
   10.00000     -6.610994768879455E-002
   11.00000     -6.134690758339169E-002
   12.00000     -5.770571255055275E-002
   13.00000     -5.679281269692708E-002
   14.00000     -5.248317278853157E-002
   15.00000     -4.843595537904970E-002
   16.00000     -4.465710202899831E-002
   17.00000     -4.114429392182337E-002
   18.00000     -3.788973164309721E-002
   19.00000     -3.488212042606079E-002
   20.00000     -3.210808532125549E-002
   21.00000     -2.955317162411051E-002
   22.00000     -2.748109498158416E-002
   23.00000     -2.720253576468694E-002
   24.00000     -2.504145709153832E-002
   25.00000     -2.305559852343484E-002
   26.00000     -2.123126722680474E-002
   27.00000     -1.955551324508626E-002
   28.00000     -1.801619910854952E-002
   29.00000     -1.660202433775565E-002
   30.00000     -1.530252167370115E-002
   31.00000     -1.410803434848589E-002
   32.00000     -1.300968110679844E-002
   33.00000     -1.199931380405267E-002
   34.00000     -1.106947102258614E-002
   35.00000     -1.021333012991154E-002
   36.00000     -9.424659456836348E-003
   37.00000     -8.697771727897197E-003
   38.00000     -8.027479479900752E-003
   39.00000     -7.409052917815289E-003
   40.00000     -6.838180452136280E-003
   41.00000     -6.310932016853740E-003
   42.00000     -5.823725166417750E-003
   43.00000     -5.373293881842258E-003
   44.00000     -4.956659971530442E-003
   45.00000     -4.571106925024851E-003
   46.00000     -4.214156062840664E-003
   47.00000     -3.883544819243614E-003
   48.00000     -3.577206994632821E-003
   49.00000     -3.293254818135502E-003
   50.00000     -3.029962667684244E-003
   51.00000     -2.785752303193295E-003
   52.00000     -2.559179477728472E-003
   53.00000     -2.348921801246183E-003
   54.00000     -2.153767741188050E-003
   55.00000     -1.972606653705969E-003
   56.00000     -1.804419748391332E-003
   57.00000     -1.648271897989319E-003
   58.00000     -1.503304212634184E-003
   59.00000     -1.368727305624776E-003
   60.00000     -1.243815184662609E-003
   61.00000     -1.127899708819725E-003
   62.00000     -1.020365557307138E-003
   63.00000     -9.206456614180726E-004
   64.00000     -8.282170558524500E-004
   65.00000     -7.425971100363468E-004
   66.00000     -6.633401040719247E-004
   67.00000     -5.900341176352977E-004
   68.00000     -5.222982035308907E-004
   69.00000     -4.597798207634533E-004
   70.00000     -4.021525049655559E-004
   71.00000     -3.491137568954044E-004
   72.00000     -3.003831325989664E-004
   73.00000     -2.557005218526782E-004
   74.00000     -2.148246048841517E-004
   75.00000     -1.775314814460341E-004
   76.00000     -1.436134716576691E-004
   77.00000     -1.128780956178104E-004
   78.00000     -8.514725043623911E-005
   79.00000     -6.025662252488703E-005
   80.00000     -3.805540687459858E-005
   81.00000     -1.840646930081868E-005
   82.00000     -1.187219716699760E-006
