  0.0000000E+00 -7.238423918326989E-002
   1.000000     -7.141232295902042E-002
   2.000000     -7.127929519987507E-002
   3.000000     -6.910596459743787E-002
   4.000000     -6.752519701300000E-002
   5.000000     -6.607149896083686E-002
   6.000000     -6.257578078306698E-002
   7.000000     -5.947894049687722E-002
   8.000000     -5.885259018808742E-002
   9.000000     -5.506287001130807E-002
   10.00000     -5.131550722457903E-002
   11.00000     -4.768235117489181E-002
   12.00000     -4.535251042972829E-002
   13.00000     -4.420881759775163E-002
   14.00000     -4.092160462319024E-002
   15.00000     -3.783424364576895E-002
   16.00000     -3.495113258569694E-002
   17.00000     -3.227043618414688E-002
   18.00000     -2.978617857702935E-002
   19.00000     -2.748974412880067E-002
   20.00000     -2.537094760668275E-002
   21.00000     -2.341879071789785E-002
   22.00000     -2.251259134769817E-002
   23.00000     -2.162198975044639E-002
   24.00000     -1.996933947467260E-002
   25.00000     -1.844995303470078E-002
   26.00000     -1.705341899933200E-002
   27.00000     -1.576989418353172E-002
   28.00000     -1.459015292827486E-002
   29.00000     -1.350560538987712E-002
   30.00000     -1.250829449739159E-002
   31.00000     -1.159087858151379E-002
   32.00000     -1.074660474750934E-002
   33.00000     -9.969276642786701E-003
   34.00000     -9.253219222756608E-003
   35.00000     -8.593242348797266E-003
   36.00000     -7.984604487462934E-003
   37.00000     -7.422977367342698E-003
   38.00000     -6.904412149790950E-003
   39.00000     -6.425307452899729E-003
   40.00000     -5.982379412866621E-003
   41.00000     -5.572633857196648E-003
   42.00000     -5.193340587969892E-003
   43.00000     -4.842009721773785E-003
   44.00000     -4.516369999205222E-003
   45.00000     -4.214348956150684E-003
   46.00000     -3.934054837691828E-003
   47.00000     -3.673760130739558E-003
   48.00000     -3.431886591368997E-003
   49.00000     -3.206991645832397E-003
   50.00000     -2.997756049287864E-003
   51.00000     -2.802972692611947E-003
   52.00000     -2.621536454699336E-003
   53.00000     -2.452435004991345E-003
   54.00000     -2.294740468332658E-003
   55.00000     -2.147601871445967E-003
   56.00000     -2.010238297205534E-003
   57.00000     -1.881932679408734E-003
   58.00000     -1.762026176843033E-003
   59.00000     -1.649913071106802E-003
   60.00000     -1.545036137862670E-003
   61.00000     -1.446882445992532E-003
   62.00000     -1.354979543500031E-003
   63.00000     -1.268891992993493E-003
   64.00000     -1.188218223202847E-003
   65.00000     -1.112587666266435E-003
   66.00000     -1.041658153492622E-003
   67.00000     -9.751135449839211E-004
   68.00000     -9.126615709319745E-004
   69.00000     -8.540318645745972E-004
   70.00000     -7.989741687721544E-004
   71.00000     -7.472566999316140E-004
   72.00000     -6.986646546002316E-004
   73.00000     -6.529988454853582E-004
   74.00000     -6.100744549470666E-004
   75.00000     -5.697198951716390E-004
   76.00000     -5.317757652783824E-004
   77.00000     -4.960938965520879E-004
   78.00000     -4.625364778393918E-004
   79.00000     -4.309752539084182E-004
   80.00000     -4.012907902566065E-004
   81.00000     -3.733717984687332E-004
   82.00000     -3.471145167832653E-004
   83.00000     -3.224221410261481E-004
   84.00000     -2.992043015230150E-004
   85.00000     -2.773765820080349E-004
   86.00000     -2.568600769155239E-004
   87.00000     -2.375809837721207E-004
   88.00000     -2.194702277072606E-004
   89.00000     -2.024631153706447E-004
   90.00000     -1.864990157904643E-004
   91.00000     -1.715210659279829E-004
   92.00000     -1.574758988849663E-004
   93.00000     -1.443133929026522E-004
   94.00000     -1.319864394564116E-004
   95.00000     -1.204507289004530E-004
   96.00000     -1.096645522539766E-004
   97.00000     -9.958861784520764E-005
   98.00000     -9.018588164415149E-005
   99.00000     -8.142139022034697E-005
   100.0000     -7.326213535944391E-005
   101.0000     -6.567691946354339E-005
   102.0000     -5.863623094645720E-005
   103.0000     -5.211212891816241E-005
   104.0000     -4.607813653479957E-005
   105.0000     -4.050914247455109E-005
   106.0000     -3.538131008953630E-005
   107.0000     -3.067199388534115E-005
   108.0000     -2.635966310184107E-005
   109.0000     -2.242383232562152E-005
   110.0000     -1.884499927897048E-005
   111.0000     -1.560459024282483E-005
   112.0000     -1.268491405181643E-005
   113.0000     -1.006912638009189E-005
   114.0000     -7.741207372081237E-006
   115.0000     -5.685958089715085E-006
   116.0000     -3.889025909837923E-006
   117.0000     -2.336978706140800E-006
   118.0000     -1.017469856612890E-006
