  0.0000000E+00 -7.056734161296593E-002
   1.000000     -6.961867882632906E-002
   2.000000     -6.943507934563095E-002
   3.000000     -6.742177491765275E-002
   4.000000     -6.555890944543509E-002
   5.000000     -6.444860119903664E-002
   6.000000     -6.101077883164018E-002
   7.000000     -5.743084795320037E-002
   8.000000     -5.734233178129800E-002
   9.000000     -5.360467339528837E-002
   10.00000     -4.990665383183299E-002
   11.00000     -4.632037715215991E-002
   12.00000     -4.321737043059587E-002
   13.00000     -4.289141907973847E-002
   14.00000     -3.964663292698652E-002
   15.00000     -3.659967991451005E-002
   16.00000     -3.375508617198534E-002
   17.00000     -3.111113270803918E-002
   18.00000     -2.866195110564971E-002
   19.00000     -2.639902516659979E-002
   20.00000     -2.431226179474986E-002
   21.00000     -2.239074812716036E-002
   22.00000     -2.062328048591586E-002
   23.00000     -2.028483427452562E-002
   24.00000     -1.899872588120385E-002
   25.00000     -1.750626766426462E-002
   26.00000     -1.613555790795970E-002
   27.00000     -1.487681316512661E-002
   28.00000     -1.372086353870804E-002
   29.00000     -1.265917129883681E-002
   30.00000     -1.168382812696073E-002
   31.00000     -1.078753800493313E-002
   32.00000     -9.963590825055086E-003
   33.00000     -9.205830374127985E-003
   34.00000     -8.508619297231330E-003
   35.00000     -7.866802876866960E-003
   36.00000     -7.275672898230665E-003
   37.00000     -6.730932458462640E-003
   38.00000     -6.228662277389353E-003
   39.00000     -5.765288850285208E-003
   40.00000     -5.337554627842017E-003
   41.00000     -4.942490298716662E-003
   42.00000     -4.577389173723496E-003
   43.00000     -4.239783619023186E-003
   44.00000     -3.927423451890431E-003
   45.00000     -3.638256191880185E-003
   46.00000     -3.370409048791276E-003
   47.00000     -3.122172524029252E-003
   48.00000     -2.891985501792646E-003
   49.00000     -2.678421709468793E-003
   50.00000     -2.480177431648117E-003
   51.00000     -2.296060368462751E-003
   52.00000     -2.124979535960064E-003
   53.00000     -1.965936113532701E-003
   54.00000     -1.818015150761725E-003
   55.00000     -1.680378053196994E-003
   56.00000     -1.552255773472799E-003
   57.00000     -1.432942640657525E-003
   58.00000     -1.321790766821036E-003
   59.00000     -1.218204975451907E-003
   60.00000     -1.121638201567304E-003
   61.00000     -1.031587318140350E-003
   62.00000     -9.475893478412339E-004
   63.00000     -8.692180230708611E-004
   64.00000     -7.960806330987464E-004
   65.00000     -7.278153226938863E-004
   66.00000     -6.640882315797634E-004
   67.00000     -6.045914227944288E-004
   68.00000     -5.490406053915138E-004
   69.00000     -4.971732151757776E-004
   70.00000     -4.487466411219633E-004
   71.00000     -4.035366092169584E-004
   72.00000     -3.613357093062373E-004
   73.00000     -3.219520520044101E-004
   74.00000     -2.852080440785814E-004
   75.00000     -2.509392719511543E-004
   76.00000     -2.189934841146160E-004
   77.00000     -1.892296643267387E-004
   78.00000     -1.615171884830891E-004
   79.00000     -1.357350590750820E-004
   80.00000     -1.117712121732100E-004
   81.00000     -8.952189297908018E-005
   82.00000     -6.889109724274200E-005
   83.00000     -4.979007736056845E-005
   84.00000     -3.213691394020870E-005
   85.00000     -1.585615635379195E-005
   86.00000     -8.785398377041576E-007
