  0.0000000E+00 -7.241503920476182E-002
   1.000000     -7.144325544801793E-002
   2.000000     -7.131001749687342E-002
   3.000000     -6.913451003636226E-002
   4.000000     -6.755852386443745E-002
   5.000000     -6.609900561442140E-002
   6.000000     -6.260230622900130E-002
   7.000000     -5.951365506125007E-002
   8.000000     -5.887818664432270E-002
   9.000000     -5.508758520583606E-002
   10.00000     -5.133938609536525E-002
   11.00000     -4.770543548208649E-002
   12.00000     -4.538869875813637E-002
   13.00000     -4.423114635906741E-002
   14.00000     -4.094321431539635E-002
   15.00000     -3.785516845821023E-002
   16.00000     -3.497140456321582E-002
   17.00000     -3.229008540109306E-002
   18.00000     -2.980523328667019E-002
   19.00000     -2.750823089907849E-002
   20.00000     -2.538889144400568E-002
   21.00000     -2.343621518238951E-002
   22.00000     -2.255034993903121E-002
   23.00000     -2.163891705063431E-002
   24.00000     -1.998579056937595E-002
   25.00000     -1.846594772244947E-002
   26.00000     -1.706897599143983E-002
   27.00000     -1.578503117910606E-002
   28.00000     -1.460488668144681E-002
   29.00000     -1.351995177163970E-002
   30.00000     -1.252226855259186E-002
   31.00000     -1.160449458144031E-002
   32.00000     -1.075987623846462E-002
   33.00000     -9.982216490993925E-003
   34.00000     -9.265839655916312E-003
   35.00000     -8.605554994577540E-003
   36.00000     -7.996620409180019E-003
   37.00000     -7.434707097064418E-003
   38.00000     -6.915865719072935E-003
   39.00000     -6.436494421345612E-003
   40.00000     -5.993308894685353E-003
   41.00000     -5.583314545914587E-003
   42.00000     -5.203780779441102E-003
   43.00000     -4.852217335619358E-003
   44.00000     -4.526352598800883E-003
   45.00000     -4.224113767271829E-003
   46.00000     -3.943608765915778E-003
   47.00000     -3.683109777696166E-003
   48.00000     -3.441038269923634E-003
   49.00000     -3.215951394278155E-003
   50.00000     -3.006529644617667E-003
   51.00000     -2.811565662935521E-003
   52.00000     -2.629954090865348E-003
   53.00000     -2.460682371469485E-003
   54.00000     -2.302822413407268E-003
   55.00000     -2.155523036768152E-003
   56.00000     -2.018003126747612E-003
   57.00000     -1.889545427861446E-003
   58.00000     -1.769490917493301E-003
   59.00000     -1.657233703230752E-003
   60.00000     -1.552216393666572E-003
   61.00000     -1.453925897131667E-003
   62.00000     -1.361889607203752E-003
   63.00000     -1.275671937822526E-003
   64.00000     -1.194871174463332E-003
   65.00000     -1.119116611103295E-003
   66.00000     -1.048065945683522E-003
   67.00000     -9.814029094534363E-004
   68.00000     -9.188351080043861E-004
   69.00000     -8.600920539822248E-004
   70.00000     -8.049233734351396E-004
   71.00000     -7.530971695236941E-004
   72.00000     -7.043985289141038E-004
   73.00000     -6.586281576099700E-004
   74.00000     -6.156011342682797E-004
   75.00000     -5.751457702067023E-004
   76.00000     -5.371025663534810E-004
   77.00000     -5.013232583315365E-004
   78.00000     -4.676699417138867E-004
   79.00000     -4.360142702489648E-004
   80.00000     -4.062367205396315E-004
   81.00000     -3.782259172771528E-004
   82.00000     -3.518780136871588E-004
   83.00000     -3.270961223457350E-004
   84.00000     -3.037897919757044E-004
   85.00000     -2.818745262401572E-004
   86.00000     -2.612713409182160E-004
   87.00000     -2.419063561796989E-004
   88.00000     -2.237104209750101E-004
   89.00000     -2.066187668274831E-004
   90.00000     -1.905706885603284E-004
   91.00000     -1.755092497117786E-004
   92.00000     -1.613810105928196E-004
   93.00000     -1.481357771235382E-004
   94.00000     -1.357263687490764E-004
   95.00000     -1.241084038859470E-004
   96.00000     -1.132401014854173E-004
   97.00000     -1.030820974247327E-004
   98.00000     -9.359727454997812E-005
   99.00000     -8.475060529794841E-005
   100.0000     -7.650900591932045E-005
   101.0000     -6.884120141340429E-005
   102.0000     -6.171760036630876E-005
   103.0000     -5.511017896132455E-005
   104.0000     -4.899237350368977E-005
   105.0000     -4.333898087374143E-005
   106.0000     -3.812606639464530E-005
   107.0000     -3.333087867671955E-005
   108.0000     -2.893177108415985E-005
   109.0000     -2.490812956821518E-005
   110.0000     -2.124030673431577E-005
   111.0000     -1.790956217609829E-005
   112.0000     -1.489800934612362E-005
   113.0000     -1.218856959225936E-005
   114.0000     -9.764934564848212E-006
   115.0000     -7.611539174568001E-006
   116.0000     -5.713549025004830E-006
   117.0000     -4.056869563835295E-006
   118.0000     -2.628190992678754E-006
   119.0000     -1.415098204209297E-006
   120.0000     -4.063134322724461E-007
