  0.0000000E+00 -6.971150267961858E-002
   1.000000     -6.878646858644885E-002
   2.000000     -6.855320232825986E-002
   3.000000     -6.662828324071822E-002
   4.000000     -6.463251742834498E-002
   5.000000     -6.368398873280026E-002
   6.000000     -6.027344754796950E-002
   7.000000     -5.663096880221525E-002
   8.000000     -5.646573854264779E-002
   9.000000     -5.291766245890437E-002
   10.00000     -4.924289041779234E-002
   11.00000     -4.567870042868017E-002
   12.00000     -4.227076618788786E-002
   13.00000     -4.221140361135375E-002
   14.00000     -3.904594628636895E-002
   15.00000     -3.601803101711915E-002
   16.00000     -3.319158426023804E-002
   17.00000     -3.056494180996886E-002
   18.00000     -2.813228587393833E-002
   19.00000     -2.588514710470458E-002
   20.00000     -2.381347581833994E-002
   21.00000     -2.190639942232083E-002
   22.00000     -2.015275147245388E-002
   23.00000     -1.923525496971082E-002
   24.00000     -1.854143426931440E-002
   25.00000     -1.706166312398329E-002
   26.00000     -1.570312031852718E-002
   27.00000     -1.445605059078859E-002
   28.00000     -1.331131032229112E-002
   29.00000     -1.226038634243257E-002
   30.00000     -1.129539330901198E-002
   31.00000     -1.040905672019538E-002
   32.00000     -9.594686636461141E-003
   33.00000     -8.846145766829622E-003
   34.00000     -8.157814526087862E-003
   35.00000     -7.524554899516800E-003
   36.00000     -6.941674386648919E-003
   37.00000     -6.404890882591280E-003
   38.00000     -5.910299055039827E-003
   39.00000     -5.454338558059077E-003
   40.00000     -5.033764268308777E-003
   41.00000     -4.645618619528447E-003
   42.00000     -4.287206034744503E-003
   43.00000     -3.956069403910662E-003
   44.00000     -3.649968520887169E-003
   45.00000     -3.366860372871975E-003
   46.00000     -3.104881163947853E-003
   47.00000     -2.862329949588806E-003
   48.00000     -2.637653758769055E-003
   49.00000     -2.429434083261203E-003
   50.00000     -2.236374618716252E-003
   51.00000     -2.057290148399586E-003
   52.00000     -1.891096467450010E-003
   53.00000     -1.736801252827896E-003
   54.00000     -1.593495791445150E-003
   55.00000     -1.460347486129580E-003
   56.00000     -1.336593065944448E-003
   57.00000     -1.221532433881343E-003
   58.00000     -1.114523091027557E-003
   59.00000     -1.014975081958349E-003
   60.00000     -9.223464113180919E-004
   61.00000     -8.361388863426884E-004
   62.00000     -7.558943444562499E-004
   63.00000     -6.811912290718766E-004
   64.00000     -6.116414803648114E-004
   65.00000     -5.468877110948216E-004
   66.00000     -4.866006405616616E-004
   67.00000     -4.304767625118517E-004
   68.00000     -3.782362253055698E-004
   69.00000     -3.296209049287125E-004
   70.00000     -2.843926535263561E-004
   71.00000     -2.423317080723375E-004
   72.00000     -2.032352456095609E-004
   73.00000     -1.669160732383807E-004
   74.00000     -1.332014427456558E-004
   75.00000     -1.019319815229536E-004
   76.00000     -7.296073331185978E-005
   77.00000     -4.615230447874481E-005
   78.00000     -2.138211417866351E-005
