  0.0000000E+00 -7.021928125914331E-002
   1.000000     -6.927972910959827E-002
   2.000000     -6.907696727415497E-002
   3.000000     -6.709908339951745E-002
   4.000000     -6.518217016751210E-002
   5.000000     -6.413765395495440E-002
   6.000000     -6.071092568885892E-002
   7.000000     -5.705359967704910E-002
   8.000000     -5.703780300131756E-002
   9.000000     -5.332528418023515E-002
   10.00000     -4.963671876357673E-002
   11.00000     -4.605942415327373E-002
   12.00000     -4.280828208691811E-002
   13.00000     -4.263900409830890E-002
   14.00000     -3.940234950981315E-002
   15.00000     -3.636313864168426E-002
   16.00000     -3.352592479629086E-002
   17.00000     -3.088901126136991E-002
   18.00000     -2.844655020741840E-002
   19.00000     -2.619004448902668E-002
   20.00000     -2.410941866444254E-002
   21.00000     -2.219377624701064E-002
   22.00000     -2.043192865355135E-002
   23.00000     -1.985799759091512E-002
   24.00000     -1.881275739853593E-002
   25.00000     -1.732545865987627E-002
   26.00000     -1.595969686781823E-002
   27.00000     -1.470570002972839E-002
   28.00000     -1.355430893468443E-002
   29.00000     -1.249699583987911E-002
   30.00000     -1.152586177003334E-002
   31.00000     -1.063361945642550E-002
   32.00000     -9.813566992423918E-003
   33.00000     -9.059555859075691E-003
   34.00000     -8.365955926869121E-003
   35.00000     -7.727619269662308E-003
   36.00000     -7.139844061850857E-003
   37.00000     -6.598339416902991E-003
   38.00000     -6.099191725025240E-003
   39.00000     -5.638832830706531E-003
   40.00000     -5.214010235531225E-003
   41.00000     -4.821759401808609E-003
   42.00000     -4.459378156247874E-003
   43.00000     -4.124403141175102E-003
   44.00000     -3.814588227006080E-003
   45.00000     -3.527884778912912E-003
   46.00000     -3.262423659190626E-003
   47.00000     -3.016498842023193E-003
   48.00000     -2.788552517160996E-003
   49.00000     -2.577161561976832E-003
   50.00000     -2.381025266382688E-003
   51.00000     -2.198954201380409E-003
   52.00000     -2.029860129018815E-003
   53.00000     -1.872746858836059E-003
   54.00000     -1.726701963196777E-003
   55.00000     -1.590889271098206E-003
   56.00000     -1.464542066889934E-003
   57.00000     -1.346956926851099E-003
   58.00000     -1.237488132652167E-003
   59.00000     -1.135542606375917E-003
   60.00000     -1.040575316983292E-003
   61.00000     -9.520851128924470E-004
   62.00000     -8.696109397126463E-004
   63.00000     -7.927283799638373E-004
   64.00000     -7.210466648090491E-004
   65.00000     -6.542055776121486E-004
   66.00000     -5.918731391213415E-004
   67.00000     -5.337431330200254E-004
   68.00000     -4.795330000386288E-004
   69.00000     -4.289818975330026E-004
   70.00000     -3.818489330174432E-004
   71.00000     -3.379115557726041E-004
   72.00000     -2.969640923188639E-004
   73.00000     -2.588164130812316E-004
   74.00000     -2.232927189970685E-004
   75.00000     -1.902304381603982E-004
   76.00000     -1.594792238866998E-004
   77.00000     -1.309000468601021E-004
   78.00000     -1.043643753420824E-004
   79.00000     -7.975343885040813E-005
   80.00000     -5.695757236782388E-005
   81.00000     -3.587564018121099E-005
   82.00000     -1.641454115861955E-005
