  0.0000000E+00 -7.032159382847664E-002
   1.000000     -6.937927947797934E-002
   2.000000     -6.918232414190952E-002
   3.000000     -6.719394060618332E-002
   4.000000     -6.529291494976250E-002
   5.000000     -6.422905883845194E-002
   6.000000     -6.079906933784628E-002
   7.000000     -5.715418632903959E-002
   8.000000     -5.713762884085046E-002
   9.000000     -5.340741232977529E-002
   10.00000     -4.971606780851394E-002
   11.00000     -4.613613286391018E-002
   12.00000     -4.292853561540431E-002
   13.00000     -4.271320347015207E-002
   14.00000     -3.947415809565331E-002
   15.00000     -3.643267137690336E-002
   16.00000     -3.359328816569503E-002
   17.00000     -3.095430520058737E-002
   18.00000     -2.850986860022513E-002
   19.00000     -2.625147561848722E-002
   20.00000     -2.416904562397647E-002
   21.00000     -2.225167731602562E-002
   22.00000     -2.048817766190882E-002
   23.00000     -1.998346864766757E-002
   24.00000     -1.886742395075746E-002
   25.00000     -1.737860855001404E-002
   26.00000     -1.601139227204183E-002
   27.00000     -1.475599975642062E-002
   28.00000     -1.360326865088644E-002
   29.00000     -1.254466827679984E-002
   30.00000     -1.157229691228618E-002
   31.00000     -1.067886471658102E-002
   32.00000     -9.857667372188166E-003
   33.00000     -9.102554098256579E-003
   34.00000     -8.407892641174142E-003
   35.00000     -7.768533078269030E-003
   36.00000     -7.179771705597775E-003
   37.00000     -6.637315867869147E-003
   38.00000     -6.137250288191056E-003
   39.00000     -5.676005238325936E-003
   40.00000     -5.250326734783812E-003
   41.00000     -4.857248836249345E-003
   42.00000     -4.494068041524060E-003
   43.00000     -4.158319735437233E-003
   44.00000     -3.847756596400775E-003
   45.00000     -3.560328858511511E-003
   46.00000     -3.294166309674800E-003
   47.00000     -3.047561902420701E-003
   48.00000     -2.818956853898577E-003
   49.00000     -2.606927114493200E-003
   50.00000     -2.410171089523093E-003
   51.00000     -2.227498504774145E-003
   52.00000     -2.057820313622858E-003
   53.00000     -1.900139550810744E-003
   54.00000     -1.753543045263846E-003
   55.00000     -1.617193911516347E-003
   56.00000     -1.490324746169043E-003
   57.00000     -1.372231462312790E-003
   58.00000     -1.262267700930698E-003
   59.00000     -1.159839763940737E-003
   60.00000     -1.064402018750969E-003
   61.00000     -9.754527289820549E-004
   62.00000     -8.925302703842575E-004
   63.00000     -8.152096949605730E-004
   64.00000     -7.430996099300442E-004
   65.00000     -6.758393179395764E-004
   66.00000     -6.130963560082838E-004
   67.00000     -5.545639150424314E-004
   68.00000     -4.999589203213131E-004
   69.00000     -4.490200741991912E-004
   70.00000     -4.015059052353726E-004
   71.00000     -3.571933628756691E-004
   72.00000     -3.158762289694024E-004
   73.00000     -2.773638932120465E-004
   74.00000     -2.414799529958883E-004
   75.00000     -2.080612885166995E-004
   76.00000     -1.769569639426815E-004
   77.00000     -1.480273312237542E-004
   78.00000     -1.211432020367887E-004
   79.00000     -9.618510099316702E-005
   80.00000     -7.304259633993102E-005
   81.00000     -5.161370604263975E-005
   82.00000     -3.180437923857196E-005
   83.00000     -1.352805590066095E-005
