  0.0000000E+00 -7.201714868036392E-002
   1.000000     -7.104520276692383E-002
   2.000000     -7.091152635324419E-002
   3.000000     -6.876572389809492E-002
   4.000000     -6.712796559013560E-002
   5.000000     -6.574363995521040E-002
   6.000000     -6.225961721132765E-002
   7.000000     -5.906516924325635E-002
   8.000000     -5.854749899581819E-002
   9.000000     -5.476828330795882E-002
   10.00000     -5.103088888206175E-002
   11.00000     -4.740720344382333E-002
   12.00000     -4.492116644376099E-002
   13.00000     -4.394267538514268E-002
   14.00000     -4.066403320493926E-002
   15.00000     -3.758483548631626E-002
   16.00000     -3.470950573437916E-002
   17.00000     -3.203623217741814E-002
   18.00000     -2.955906065742725E-002
   19.00000     -2.726939562681678E-002
   20.00000     -2.515707046545389E-002
   21.00000     -2.321110412731215E-002
   22.00000     -2.206253760272254E-002
   23.00000     -2.142022897113253E-002
   24.00000     -1.977325473030887E-002
   25.00000     -1.825930832982266E-002
   26.00000     -1.686799131027896E-002
   27.00000     -1.558947255189365E-002
   28.00000     -1.441453739050582E-002
   29.00000     -1.333460731578846E-002
   30.00000     -1.234173429759533E-002
   31.00000     -1.142858615620982E-002
   32.00000     -1.058841863872419E-002
   33.00000     -9.815043499191880E-003
   34.00000     -9.102793304431414E-003
   35.00000     -8.446485068549137E-003
   36.00000     -7.841383985648183E-003
   37.00000     -7.283168117419804E-003
   38.00000     -6.767894592100488E-003
   39.00000     -6.291967654397485E-003
   40.00000     -5.852108750745185E-003
   41.00000     -5.445328724519397E-003
   42.00000     -5.068902119607928E-003
   43.00000     -4.720343539089159E-003
   44.00000     -4.397385972059339E-003
   45.00000     -4.097960980940219E-003
   46.00000     -3.820180630224690E-003
   47.00000     -3.562321032863981E-003
   48.00000     -3.322807390359036E-003
   49.00000     -3.100200405615441E-003
   50.00000     -2.893183952673287E-003
   51.00000     -2.700553893747703E-003
   52.00000     -2.521207941044376E-003
   53.00000     -2.354136468146710E-003
   54.00000     -2.198414183125257E-003
   55.00000     -2.053192582704341E-003
   56.00000     -1.917693113709379E-003
   57.00000     -1.791200974531861E-003
   58.00000     -1.673059495444926E-003
   59.00000     -1.562665042259730E-003
   60.00000     -1.459462393031367E-003
   61.00000     -1.362940542310368E-003
   62.00000     -1.272628891811243E-003
   63.00000     -1.188093790354307E-003
   64.00000     -1.108935389556374E-003
   65.00000     -1.034784785026631E-003
   66.00000     -9.653014157921283E-004
   67.00000     -9.001706973586493E-004
   68.00000     -8.391018662331028E-004
   69.00000     -7.818260159150092E-004
   70.00000     -7.280943063308387E-004
   71.00000     -6.776763304551090E-004
   72.00000     -6.303586234557799E-004
   73.00000     -5.859433011355808E-004
   74.00000     -5.442468157314768E-004
   75.00000     -5.050988182955797E-004
   76.00000     -4.683411179258425E-004
   77.00000     -4.338267290549749E-004
   78.00000     -4.014189988529358E-004
   79.00000     -3.709908075601437E-004
   80.00000     -3.424238352555837E-004
   81.00000     -3.156078891825718E-004
   82.00000     -2.904402863132071E-004
   83.00000     -2.668252863361679E-004
   84.00000     -2.446735707077081E-004
   85.00000     -2.239017638174048E-004
   86.00000     -2.044319926933376E-004
   87.00000     -1.861914820102992E-004
   88.00000     -1.691121814734241E-004
   89.00000     -1.531304229323371E-004
   90.00000     -1.381866048410848E-004
   91.00000     -1.242249019207978E-004
   92.00000     -1.111929981094390E-004
   93.00000     -9.904184110005952E-005
   94.00000     -8.772541698224712E-005
   95.00000     -7.720054371645202E-005
   96.00000     -6.742668239815070E-005
   97.00000     -5.836576552043829E-005
   98.00000     -4.998204173976952E-005
   99.00000     -4.224193701944417E-005
   100.0000     -3.511393251743085E-005
   101.0000     -2.856846027793435E-005
   102.0000     -2.257781881602536E-005
   103.0000     -1.711611229525223E-005
   104.0000     -1.215921964469080E-005
   105.0000     -7.684804541343646E-006
   106.0000     -3.672385572396799E-006
   107.0000     -1.035023131085485E-007
