  0.0000000E+00 -7.244594424604105E-002
   1.000000     -7.187006308827068E-002
   2.000000     -7.129708656448784E-002
   3.000000     -7.072700373953880E-002
   4.000000     -7.015981061619186E-002
   5.000000     -6.959550145033626E-002
   6.000000     -6.903407048788461E-002
   7.000000     -6.847551035231393E-002
   8.000000     -6.791982010815874E-002
   9.000000     -6.736698911649207E-002
   10.00000     -6.681701329934421E-002
   11.00000     -6.626988679209482E-002
   12.00000     -6.572560127279024E-002
   13.00000     -6.518416660973472E-002
   14.00000     -6.464555080189457E-002
   15.00000     -6.410962817015149E-002
   16.00000     -6.357725843177245E-002
   17.00000     -6.304668613502176E-002
   18.00000     -6.251635192007145E-002
   19.00000     -6.200545273020214E-002
   20.00000     -6.147312356118161E-002
   21.00000     -6.092679956775353E-002
   22.00000     -6.053043378325600E-002
   23.00000     -5.991756795552992E-002
   24.00000     -5.927011283158311E-002
   25.00000     -5.907049100207720E-002
   26.00000     -5.827863568373919E-002
   27.00000     -5.742029891506559E-002
   28.00000     -5.729261358580657E-002
   29.00000     -5.652187005657815E-002
   30.00000     -5.561691211156226E-002
   31.00000     -5.494348020742421E-002
   32.00000     -5.469895658974796E-002
   33.00000     -5.377458842877242E-002
   34.00000     -5.284476479827553E-002
   35.00000     -5.216489030089271E-002
   36.00000     -5.191204032382581E-002
   37.00000     -5.097926100162192E-002
   38.00000     -5.004767777103616E-002
   39.00000     -4.911907062584065E-002
   40.00000     -4.894893579856106E-002
   41.00000     -4.819451924667260E-002
   42.00000     -4.727561539054422E-002
   43.00000     -4.636327646463195E-002
   44.00000     -4.545848425711398E-002
   45.00000     -4.526602428051373E-002
   46.00000     -4.456195256029066E-002
   47.00000     -4.367456021548261E-002
   48.00000     -4.279688280983382E-002
   49.00000     -4.192948288528366E-002
   50.00000     -4.107916613103883E-002
   51.00000     -4.107223006613066E-002
   52.00000     -4.022736721491612E-002
   53.00000     -3.939343804059231E-002
   54.00000     -3.857134177498033E-002
   55.00000     -3.776133075647760E-002
   56.00000     -3.696361192767597E-002
   57.00000     -3.634352545942510E-002
   58.00000     -3.617833233208518E-002
   59.00000     -3.540565986012922E-002
   60.00000     -3.464565517019585E-002
   61.00000     -3.389838911565419E-002
   62.00000     -3.316389715149016E-002
   63.00000     -3.244218935930778E-002
   64.00000     -3.173325334250552E-002
   65.00000     -3.103709296935640E-002
   66.00000     -3.101263771209786E-002
   67.00000     -3.035354001873496E-002
   68.00000     -2.968264716019898E-002
   69.00000     -2.902428922263626E-002
   70.00000     -2.837837035508859E-002
   71.00000     -2.774478259264167E-002
   72.00000     -2.712340743522481E-002
   73.00000     -2.651411710348427E-002
   74.00000     -2.591677570327156E-002
   75.00000     -2.533124081964989E-002
   76.00000     -2.503259908974674E-002
   77.00000     -2.475735788000949E-002
   78.00000     -2.419498103270760E-002
   79.00000     -2.364394554589066E-002
   80.00000     -2.310408904323353E-002
   81.00000     -2.257524520602217E-002
   82.00000     -2.205724502487403E-002
   83.00000     -2.154991739156863E-002
   84.00000     -2.105308960367658E-002
   85.00000     -2.056658781823294E-002
   86.00000     -2.009023746344341E-002
   87.00000     -1.962386361455384E-002
   88.00000     -1.916729134634724E-002
   89.00000     -1.872034615949224E-002
   90.00000     -1.834446691284905E-002
   91.00000     -1.828284926645754E-002
   92.00000     -1.785463906359892E-002
   93.00000     -1.743553313256685E-002
   94.00000     -1.702536320515006E-002
   95.00000     -1.662395975005283E-002
   96.00000     -1.623115473423040E-002
   97.00000     -1.584678182519816E-002
   98.00000     -1.547067652631579E-002
   99.00000     -1.510267628985940E-002
   100.0000     -1.474262061455126E-002
   101.0000     -1.439035112983669E-002
   102.0000     -1.404571166828483E-002
   103.0000     -1.370854832720518E-002
   104.0000     -1.337870952042502E-002
   105.0000     -1.305604602109084E-002
   106.0000     -1.274041099629220E-002
   107.0000     -1.243166003427879E-002
   108.0000     -1.212965116507926E-002
   109.0000     -1.183424487564662E-002
   110.0000     -1.154530412232557E-002
   111.0000     -1.126269435641515E-002
   112.0000     -1.098628390247138E-002
   113.0000     -1.088375199465365E-002
   114.0000     -1.071594067604478E-002
   115.0000     -1.045154100765715E-002
   116.0000     -1.019295825949876E-002
   117.0000     -9.940070267287092E-003
   118.0000     -9.692757100569433E-003
   119.0000     -9.450901189991765E-003
   120.0000     -9.214387317595928E-003
   121.0000     -8.983102594123863E-003
   122.0000     -8.756936432501932E-003
   123.0000     -8.535780519223693E-003
   124.0000     -8.319528784200817E-003
   125.0000     -8.108077369372019E-003
   126.0000     -7.901324596282429E-003
   127.0000     -7.699170932794571E-003
   128.0000     -7.501518959082286E-003
   129.0000     -7.308273333033946E-003
   130.0000     -7.119340755184363E-003
   131.0000     -6.934629933280674E-003
   132.0000     -6.754051546579725E-003
   133.0000     -6.577518209965322E-003
   134.0000     -6.404944437966341E-003
   135.0000     -6.236246608744602E-003
   136.0000     -6.071342928125526E-003
   137.0000     -5.910153393723186E-003
   138.0000     -5.752599759222312E-003
   139.0000     -5.598605498858327E-003
   140.0000     -5.448095772145006E-003
   141.0000     -5.300997388885275E-003
   142.0000     -5.157238774504405E-003
   143.0000     -5.016749935732409E-003
   144.0000     -4.879462426666242E-003
   145.0000     -4.745309315237805E-003
   146.0000     -4.614225150105067E-003
   147.0000     -4.486145927988341E-003
   148.0000     -4.361009061468875E-003
   149.0000     -4.238753347259481E-003
   150.0000     -4.119318934964858E-003
   151.0000     -4.002647296336020E-003
   152.0000     -3.888681195031396E-003
   153.0000     -3.777364656887933E-003
   154.0000     -3.668642940710840E-003
   155.0000     -3.562462509583147E-003
   156.0000     -3.458771002700116E-003
   157.0000     -3.357517207732168E-003
   158.0000     -3.258651033721601E-003
   159.0000     -3.162123484520613E-003
   160.0000     -3.067886632800841E-003
   161.0000     -2.975893594697022E-003
   162.0000     -2.886098505322284E-003
   163.0000     -2.798456496093130E-003
   164.0000     -2.712923679535382E-003
   165.0000     -2.629457222036005E-003
   166.0000     -2.579825570045905E-003
   167.0000     -2.548013949064081E-003
   168.0000     -2.468554857090128E-003
   169.0000     -2.391038259182430E-003
   170.0000     -2.315425011145880E-003
   171.0000     -2.241676571615308E-003
   172.0000     -2.169755197166663E-003
   173.0000     -2.099623935410214E-003
   174.0000     -2.031246607757743E-003
   175.0000     -1.964587790843494E-003
   176.0000     -1.899612797924066E-003
   177.0000     -1.836287660559207E-003
   178.0000     -1.774579110653516E-003
   179.0000     -1.714454562888221E-003
   180.0000     -1.655882097544156E-003
   181.0000     -1.598830443716455E-003
   182.0000     -1.543268962915452E-003
   183.0000     -1.489167633047629E-003
   184.0000     -1.436497032768405E-003
   185.0000     -1.385228326201669E-003
   186.0000     -1.335333248015934E-003
   187.0000     -1.286784088853169E-003
   188.0000     -1.239553681098986E-003
   189.0000     -1.193615384989710E-003
   190.0000     -1.148943075048186E-003
   191.0000     -1.105511126839585E-003
   192.0000     -1.063294404043006E-003
   193.0000     -1.022268245828396E-003
   194.0000     -9.824084545343443E-004
   195.0000     -9.436912836385694E-004
   196.0000     -9.060934260145126E-004
   197.0000     -8.695920024676293E-004
   198.0000     -8.341645505441377E-004
   199.0000     -7.997890136066410E-004
   200.0000     -7.664437301690298E-004
   201.0000     -7.341074234855326E-004
   202.0000     -7.027591913872208E-004
   203.0000     -6.723784963595399E-004
   204.0000     -6.429451558557609E-004
   205.0000     -6.144393328399410E-004
   206.0000     -5.868415265533949E-004
   207.0000     -5.601325635001460E-004
   208.0000     -5.342935886445843E-004
   209.0000     -5.093060568167549E-004
   210.0000     -4.851517243197666E-004
   211.0000     -4.618126407339911E-004
   212.0000     -4.392711409132910E-004
   213.0000     -4.175098371680511E-004
   214.0000     -3.965116116302496E-004
   215.0000     -3.762596087960336E-004
   216.0000     -3.567372282404484E-004
   217.0000     -3.379281175009884E-004
   218.0000     -3.198161651242292E-004
   219.0000     -3.023854938720594E-004
   220.0000     -2.856204540830162E-004
   221.0000     -2.695056171846171E-004
   222.0000     -2.540257693524717E-004
   223.0000     -2.391659053124886E-004
   224.0000     -2.249112222823038E-004
   225.0000     -2.112471140480640E-004
   226.0000     -1.981591651729657E-004
   227.0000     -1.856331453341821E-004
   228.0000     -1.736550037845754E-004
   229.0000     -1.622108639358789E-004
   230.0000     -1.512870180603863E-004
   231.0000     -1.408699221078170E-004
   232.0000     -1.309461906345093E-004
   233.0000     -1.215025918422347E-004
   234.0000     -1.125260427239124E-004
   235.0000     -1.040036043137238E-004
   236.0000     -9.592247703954097E-005
   237.0000     -8.826999617555142E-005
   238.0000     -8.103362739331050E-005
   239.0000     -7.420096241007680E-005
   240.0000     -6.775971473308134E-005
   241.0000     -6.169771549982822E-005
   242.0000     -5.600290941418425E-005
   243.0000     -5.066335077965492E-005
   244.0000     -4.566719963186745E-005
   245.0000     -4.100271797415989E-005
   246.0000     -3.665826612157771E-005
   247.0000     -3.262229916182270E-005
   248.0000     -2.888336354486606E-005
   249.0000     -2.543009381822371E-005
   250.0000     -2.225120953195825E-005
   251.0000     -1.933551234776168E-005
   252.0000     -1.667188340156441E-005
   253.0000     -1.424928099151087E-005
   254.0000     -1.205673869761730E-005
   255.0000     -1.008336409305038E-005
   256.0000     -8.318338293653792E-006
   257.0000     -6.750916735825578E-006
   258.0000     -5.370431820727970E-006
   259.0000     -4.166298508388511E-006
   260.0000     -3.128024789197680E-006
   261.0000     -2.245230663057781E-006
   262.0000     -1.507682969400325E-006
   263.0000     -9.053623762432027E-007
   264.0000     -4.286036889745380E-007
   265.0000     -6.843515948837674E-008
