  0.0000000E+00 -7.180061424531854E-002
   1.000000     -7.082997925876097E-002
   2.000000     -7.069323716921659E-002
   3.000000     -6.856501880695819E-002
   4.000000     -6.689364236978994E-002
   5.000000     -6.555023884087516E-002
   6.000000     -6.207311527884754E-002
   7.000000     -5.882109007194782E-002
   8.000000     -5.836752796267458E-002
   9.000000     -5.459450938507242E-002
   10.00000     -5.086299520573896E-002
   11.00000     -4.724489639652764E-002
   12.00000     -4.466672071824059E-002
   13.00000     -4.378568057995090E-002
   14.00000     -4.051209426013740E-002
   15.00000     -3.743771197305173E-002
   16.00000     -3.456697234352006E-002
   17.00000     -3.189807745495041E-002
   18.00000     -2.942508595366793E-002
   19.00000     -2.713941414189851E-002
   20.00000     -2.503090637918377E-002
   21.00000     -2.308859179790928E-002
   22.00000     -2.179705485752498E-002
   23.00000     -2.130121219992708E-002
   24.00000     -1.965758622632553E-002
   25.00000     -1.814684886153772E-002
   26.00000     -1.675860931918196E-002
   27.00000     -1.548304359714381E-002
   28.00000     -1.431094394482251E-002
   29.00000     -1.323373725516518E-002
   30.00000     -1.224348211395021E-002
   31.00000     -1.133285151219506E-002
   32.00000     -1.049510629519394E-002
   33.00000     -9.724062999571148E-003
   34.00000     -9.014058682655970E-003
   35.00000     -8.359914578580820E-003
   36.00000     -7.756899850761432E-003
   37.00000     -7.200696297628995E-003
   38.00000     -6.687364568250217E-003
   39.00000     -6.213312227576234E-003
   40.00000     -5.775263855805943E-003
   41.00000     -5.370233256600994E-003
   42.00000     -4.995497772651255E-003
   43.00000     -4.648574655430903E-003
   44.00000     -4.327199402266621E-003
   45.00000     -4.029305953122585E-003
   46.00000     -3.753008628124419E-003
   47.00000     -3.496585682085791E-003
   48.00000     -3.258464352153188E-003
   49.00000     -3.037207277676641E-003
   50.00000     -2.831500176461867E-003
   51.00000     -2.640140667879216E-003
   52.00000     -2.462028140329881E-003
   53.00000     -2.296154567898868E-003
   54.00000     -2.141596188375158E-003
   55.00000     -1.997505962001664E-003
   56.00000     -1.863106737202836E-003
   57.00000     -1.737685056050226E-003
   58.00000     -1.620585538319519E-003
   59.00000     -1.511205788648954E-003
   60.00000     -1.408991776525299E-003
   61.00000     -1.313433643610235E-003
   62.00000     -1.224061897294037E-003
   63.00000     -1.140443953347128E-003
   64.00000     -1.062180994158915E-003
   65.00000     -9.889051123331324E-004
   66.00000     -9.202767123765044E-004
   67.00000     -8.559821458987665E-004
   68.00000     -7.957315581616541E-004
   69.00000     -7.392569259963258E-004
   70.00000     -6.863102690744366E-004
   71.00000     -6.366620182886311E-004
   72.00000     -5.900995265919994E-004
   73.00000     -5.464257090807088E-004
   74.00000     -5.054578003952969E-004
   75.00000     -4.670262186778976E-004
   76.00000     -4.309735263691807E-004
   77.00000     -3.971534790703575E-004
   78.00000     -3.654301545441318E-004
   79.00000     -3.356771357497553E-004
   80.00000     -3.077768740450372E-004
   81.00000     -2.816198288926775E-004
   82.00000     -2.571040418081858E-004
   83.00000     -2.341344767506526E-004
   84.00000     -2.126225204578690E-004
   85.00000     -1.924855062311980E-004
   86.00000     -1.736462766106374E-004
   87.00000     -1.560327817940865E-004
   88.00000     -1.395777109878045E-004
   89.00000     -1.242181541899310E-004
   90.00000     -1.098952922130578E-004
   91.00000     -9.655411305367631E-005
   92.00000     -8.414315302741571E-005
   93.00000     -7.261426142467669E-005
   94.00000     -6.192238782433669E-005
   95.00000     -5.202539166779406E-005
   96.00000     -4.288387429519369E-005
   97.00000     -3.446103446783708E-005
   98.00000     -2.672254959346338E-005
   99.00000     -1.963648669394086E-005
   100.0000     -1.317325008512949E-005
   101.0000     -7.305577693969240E-006
   102.0000     -2.008606789717290E-006
