  0.0000000E+00 -7.211164555978762E-002
   1.000000     -7.113943195781651E-002
   2.000000     -7.100647826986829E-002
   3.000000     -6.885331067482982E-002
   4.000000     -6.723022321660431E-002
   5.000000     -6.582803933876714E-002
   6.000000     -6.234100585831485E-002
   7.000000     -5.917168451638028E-002
   8.000000     -5.862603742735259E-002
   9.000000     -5.484411750985731E-002
   10.00000     -5.110415697035282E-002
   11.00000     -4.747803355195738E-002
   12.00000     -4.503220548570371E-002
   13.00000     -4.401118724600983E-002
   14.00000     -4.073033871744632E-002
   15.00000     -3.764903956542624E-002
   16.00000     -3.477170670403179E-002
   17.00000     -3.209652231530710E-002
   18.00000     -2.961752665351722E-002
   19.00000     -2.732611899989192E-002
   20.00000     -2.521212794287025E-002
   21.00000     -2.326456799551398E-002
   22.00000     -2.217839315234562E-002
   23.00000     -2.147216738632173E-002
   24.00000     -1.982373198366272E-002
   25.00000     -1.830838517541388E-002
   26.00000     -1.691572515992137E-002
   27.00000     -1.563591771140114E-002
   28.00000     -1.445974553493649E-002
   29.00000     -1.337862660364267E-002
   30.00000     -1.238461115896227E-002
   31.00000     -1.147036437856618E-002
   32.00000     -1.062913978482343E-002
   33.00000     -9.854747044820047E-003
   34.00000     -9.141516765878637E-003
   35.00000     -8.484264120668467E-003
   36.00000     -7.878252571288309E-003
   37.00000     -7.319158548944467E-003
   38.00000     -6.803037645638665E-003
   39.00000     -6.326292657410224E-003
   40.00000     -5.885643663439865E-003
   41.00000     -5.478100215593969E-003
   42.00000     -5.100935636765318E-003
   43.00000     -4.751663374722102E-003
   44.00000     -4.428015324470933E-003
   45.00000     -4.127922011434403E-003
   46.00000     -3.849494516371387E-003
   47.00000     -3.591008018218890E-003
   48.00000     -3.350886830894001E-003
   49.00000     -3.127690813094386E-003
   50.00000     -2.920103035189862E-003
   51.00000     -2.726918593623160E-003
   52.00000     -2.547034470268673E-003
   53.00000     -2.379440341531343E-003
   54.00000     -2.223210249323481E-003
   55.00000     -2.077495053242490E-003
   56.00000     -1.941515590162242E-003
   57.00000     -1.814556473965013E-003
   58.00000     -1.695960474238005E-003
   59.00000     -1.585123418416254E-003
   60.00000     -1.481489567072954E-003
   61.00000     -1.384547416846136E-003
   62.00000     -1.293825889866674E-003
   63.00000     -1.208890872537457E-003
   64.00000     -1.129342070133874E-003
   65.00000     -1.054810146976236E-003
   66.00000     -9.849541248935201E-004
   67.00000     -9.194590153793246E-004
   68.00000     -8.580336632613463E-004
   69.00000     -8.004087818874310E-004
   70.00000     -7.463351617974208E-004
   71.00000     -6.955820366202994E-004
   72.00000     -6.479355915296383E-004
   73.00000     -6.031976010245654E-004
   74.00000     -5.611841840938584E-004
   75.00000     -5.217246659816586E-004
   76.00000     -4.846605368182193E-004
   77.00000     -4.498444983188524E-004
   78.00000     -4.171395906006718E-004
   79.00000     -3.864183919282177E-004
   80.00000     -3.575622848851932E-004
   81.00000     -3.304607830874520E-004
   82.00000     -3.050109131096441E-004
   83.00000     -2.811166468000925E-004
   84.00000     -2.586883796121794E-004
   85.00000     -2.376424509900563E-004
   86.00000     -2.179007032167868E-004
   87.00000     -1.993900754687926E-004
   88.00000     -1.820422301244802E-004
   89.00000     -1.657932086519510E-004
   90.00000     -1.505831146531135E-004
   91.00000     -1.363558218730989E-004
   92.00000     -1.230587051973862E-004
   93.00000     -1.106423928579389E-004
   94.00000     -9.906053825701961E-005
   95.00000     -8.826960999744724E-005
   96.00000     -7.822869888496520E-005
   97.00000     -6.889934084872084E-005
   98.00000     -6.024535491690209E-005
   99.00000     -5.223269559858644E-005
   100.0000     -4.482931927629599E-005
   101.0000     -3.800506453365409E-005
   102.0000     -3.173154677143856E-005
   103.0000     -2.598206807437994E-005
   104.0000     -2.073154420357218E-005
   105.0000     -1.595645202685924E-005
   106.0000     -1.163480307965778E-005
   107.0000     -7.746153100193732E-006
   108.0000     -4.271665056079781E-006
   109.0000     -1.194258357553037E-006
