  0.0000000E+00 -6.988016296311263E-002
   1.000000     -6.895017587676623E-002
   2.000000     -6.872731569026486E-002
   3.000000     -6.678466522110758E-002
   4.000000     -6.481509096444324E-002
   5.000000     -6.383467910771599E-002
   6.000000     -6.041876103793095E-002
   7.000000     -5.677121301716211E-002
   8.000000     -5.665589401967146E-002
   9.000000     -5.305305878032802E-002
   10.00000     -4.937370510593631E-002
   11.00000     -4.580516226214824E-002
   12.00000     -4.240973862421575E-002
   13.00000     -4.239300586153771E-002
   14.00000     -3.916432977995306E-002
   15.00000     -3.613266254433337E-002
   16.00000     -3.330263937212768E-002
   17.00000     -3.067258525989542E-002
   18.00000     -2.823667243801748E-002
   19.00000     -2.598642232557740E-002
   20.00000     -2.391177668281765E-002
   21.00000     -2.200185498032630E-002
   22.00000     -2.024548341394177E-002
   23.00000     -1.944210586656896E-002
   24.00000     -1.863155740349309E-002
   25.00000     -1.714928587232591E-002
   26.00000     -1.578834519159932E-002
   27.00000     -1.453897453799361E-002
   28.00000     -1.339202511357927E-002
   29.00000     -1.233897890724408E-002
   30.00000     -1.137194604820129E-002
   31.00000     -1.048364779371696E-002
   32.00000     -9.667390228989456E-003
   33.00000     -8.917032333230950E-003
   34.00000     -8.226951018463427E-003
   35.00000     -7.592004977366238E-003
   36.00000     -7.007498611550316E-003
   37.00000     -6.469146898660459E-003
   38.00000     -5.973041756309879E-003
   39.00000     -5.515620243813092E-003
   40.00000     -5.093634787301633E-003
   41.00000     -4.704125503946454E-003
   42.00000     -4.344394624672321E-003
   43.00000     -4.011982963004592E-003
   44.00000     -3.704648343889163E-003
   45.00000     -3.420345885541150E-003
   46.00000     -3.157210015932627E-003
   47.00000     -2.913538100715620E-003
   48.00000     -2.687775559179182E-003
   49.00000     -2.478502347787178E-003
   50.00000     -2.284420695852324E-003
   51.00000     -2.104343984186666E-003
   52.00000     -1.937186664563476E-003
   53.00000     -1.781955125126790E-003
   54.00000     -1.637739414213316E-003
   55.00000     -1.503705742211617E-003
   56.00000     -1.379089687953442E-003
   57.00000     -1.263190042628824E-003
   58.00000     -1.155363230299926E-003
   59.00000     -1.055018249736593E-003
   60.00000     -9.616120875089052E-004
   61.00000     -8.746455570577414E-004
   62.00000     -7.936594965116692E-004
   63.00000     -7.182314726516365E-004
   64.00000     -6.479724048127260E-004
   65.00000     -5.825239781824830E-004
   66.00000     -5.215560527892742E-004
   67.00000     -4.647641323604020E-004
   68.00000     -4.118674611001986E-004
   69.00000     -3.626069810241802E-004
   70.00000     -3.167435791227070E-004
   71.00000     -2.740565780530235E-004
   72.00000     -2.343421062585498E-004
   73.00000     -1.974119559488690E-004
   74.00000     -1.630922977010968E-004
   75.00000     -1.312226150114070E-004
   76.00000     -1.016547272311322E-004
   77.00000     -7.425191292012343E-005
   78.00000     -4.888812992367745E-005
   79.00000     -2.544733095731965E-005
   80.00000     -3.822876772527093E-006
