  0.0000000E+00 -7.230210938371336E-002
   1.000000     -7.132993578134765E-002
   2.000000     -7.119726898256792E-002
   3.000000     -6.902984340566636E-002
   4.000000     -6.743632539630520E-002
   5.000000     -6.599814787240652E-002
   6.000000     -6.250504625889383E-002
   7.000000     -5.938636835120754E-002
   8.000000     -5.878433294339264E-002
   9.000000     -5.499696282553136E-002
   10.00000     -5.125183023577426E-002
   11.00000     -4.762079302269983E-002
   12.00000     -4.525600634300222E-002
   13.00000     -4.414927423313557E-002
   14.00000     -4.086397877770331E-002
   15.00000     -3.777844414647703E-002
   16.00000     -3.489707397968635E-002
   17.00000     -3.221803827316977E-002
   18.00000     -2.973536601906642E-002
   19.00000     -2.744044607604171E-002
   20.00000     -2.532309737542958E-002
   21.00000     -2.337232548183295E-002
   22.00000     -2.241190177076631E-002
   23.00000     -2.157685028488978E-002
   24.00000     -1.992546989150858E-002
   25.00000     -1.840730053730153E-002
   26.00000     -1.701193369094153E-002
   27.00000     -1.572952886664144E-002
   28.00000     -1.455086292533376E-002
   29.00000     -1.346734837839215E-002
   30.00000     -1.247103035795080E-002
   31.00000     -1.155456925755696E-002
   32.00000     -1.071121411580632E-002
   33.00000     -9.934770393690022E-003
   34.00000     -9.219564749389625E-003
   35.00000     -8.560408644419341E-003
   36.00000     -7.952562050327757E-003
   37.00000     -7.391698112430338E-003
   38.00000     -6.873869326852659E-003
   39.00000     -6.395475570306931E-003
   40.00000     -5.953234166801441E-003
   41.00000     -5.544152065764651E-003
   42.00000     -5.165500129851787E-003
   43.00000     -4.814789479067917E-003
   44.00000     -4.489749804142426E-003
   45.00000     -4.188309541390952E-003
   46.00000     -3.908577789936984E-003
   47.00000     -3.648827847418148E-003
   48.00000     -3.407482240170319E-003
   49.00000     -3.183099126884638E-003
   50.00000     -2.974359959791833E-003
   51.00000     -2.780058293757189E-003
   52.00000     -2.599089640702827E-003
   53.00000     -2.430442274111195E-003
   54.00000     -2.273188895721126E-003
   55.00000     -2.126479083715665E-003
   56.00000     -1.989532448592467E-003
   57.00000     -1.861632429424222E-003
   58.00000     -1.742120669314455E-003
   59.00000     -1.630391914514172E-003
   60.00000     -1.525889386884765E-003
   61.00000     -1.428100584182138E-003
   62.00000     -1.336553467013762E-003
   63.00000     -1.250812995306512E-003
   64.00000     -1.170477980743848E-003
   65.00000     -1.095178224912608E-003
   66.00000     -1.024571915868550E-003
   67.00000     -9.583432585122738E-004
   68.00000     -8.962003165876432E-004
   69.00000     -8.378730462973159E-004
   70.00000     -7.831115034961408E-004
   71.00000     -7.316842081938715E-004
   72.00000     -6.833766516923512E-004
   73.00000     -6.379899331164505E-004
   74.00000     -5.953395133886780E-004
   75.00000     -5.552540758580495E-004
   76.00000     -5.175744838386467E-004
   77.00000     -4.821528262530554E-004
   78.00000     -4.488515434214900E-004
   79.00000     -4.175426257990364E-004
   80.00000     -3.881068791486714E-004
   81.00000     -3.604332502550182E-004
   82.00000     -3.344182078400238E-004
   83.00000     -3.099651738429798E-004
   84.00000     -2.869840006790590E-004
   85.00000     -2.653904904985939E-004
   86.00000     -2.451059528369738E-004
   87.00000     -2.260567973776005E-004
   88.00000     -2.081741588506436E-004
   89.00000     -1.913935513620735E-004
   90.00000     -1.756545496934175E-004
   91.00000     -1.609004953357048E-004
   92.00000     -1.470782252234348E-004
   93.00000     -1.341378213186803E-004
   94.00000     -1.220323793630398E-004
   95.00000     -1.107177952690987E-004
   96.00000     -1.001525677638523E-004
   97.00000     -9.029761602751324E-005
   98.00000     -8.111611119281320E-005
   99.00000     -7.257332068538958E-005
   100.0000     -6.463646449703152E-005
   101.0000     -5.727458259334776E-005
   102.0000     -5.045841276980728E-005
   103.0000     -4.416027839025257E-005
   104.0000     -3.835398557731907E-005
   105.0000     -3.301472958645151E-005
   106.0000     -2.811901030225406E-005
   107.0000     -2.364455707700324E-005
   108.0000     -1.957026353616515E-005
   109.0000     -1.587613359124423E-005
   110.0000     -1.254324088536517E-005
   111.0000     -9.553705555669201E-006
   112.0000     -6.890695144418605E-006
   113.0000     -4.538462056106127E-006
   114.0000     -2.482441246365887E-006
   115.0000     -7.094568632214211E-007
