  0.0000000E+00 -7.237486598993248E-002
   1.000000     -7.140291274899797E-002
   2.000000     -7.126994088412879E-002
   3.000000     -6.909727685429683E-002
   4.000000     -6.751505405768650E-002
   5.000000     -6.606312737012272E-002
   6.000000     -6.256770782119275E-002
   7.000000     -5.946837519569357E-002
   8.000000     -5.884479996117527E-002
   9.000000     -5.505534799556689E-002
   10.00000     -5.130823974216405E-002
   11.00000     -4.767532551619375E-002
   12.00000     -4.534149643485345E-002
   13.00000     -4.420202188774217E-002
   14.00000     -4.091502776036087E-002
   15.00000     -3.782787522461332E-002
   16.00000     -3.494496285343719E-002
   17.00000     -3.226445598772060E-002
   18.00000     -2.978037931761719E-002
   19.00000     -2.748411772050860E-002
   20.00000     -2.536548643886707E-002
   21.00000     -2.341348762011525E-002
   22.00000     -2.250110011496517E-002
   23.00000     -2.161683796349952E-002
   24.00000     -1.996433261987298E-002
   25.00000     -1.844508508638788E-002
   26.00000     -1.704868426276162E-002
   27.00000     -1.576528727202343E-002
   28.00000     -1.458566874275072E-002
   29.00000     -1.350123910004108E-002
   30.00000     -1.250404152438454E-002
   31.00000     -1.158673458190848E-002
   32.00000     -1.074256559852800E-002
   33.00000     -9.965338428633529E-003
   34.00000     -9.249378221970805E-003
   35.00000     -8.589495022538442E-003
   36.00000     -7.980947468652279E-003
   37.00000     -7.419407450588280E-003
   38.00000     -6.900926282033516E-003
   39.00000     -6.421902724720987E-003
   40.00000     -5.979053050406784E-003
   41.00000     -5.569383214634009E-003
   42.00000     -5.190163140518069E-003
   43.00000     -4.838903059157351E-003
   44.00000     -4.513331819577117E-003
   45.00000     -4.211377060418261E-003
   46.00000     -3.931147124221389E-003
   47.00000     -3.670914590411225E-003
   48.00000     -3.429101302956659E-003
   49.00000     -3.204264771685378E-003
   50.00000     -2.995085831292644E-003
   51.00000     -2.800357448414139E-003
   52.00000     -2.618974574167880E-003
   53.00000     -2.449924946907755E-003
   54.00000     -2.292280757290143E-003
   55.00000     -2.145191094943790E-003
   56.00000     -2.007875102925424E-003
   57.00000     -1.879615772661001E-003
   58.00000     -1.759754318170891E-003
   59.00000     -1.647685074038423E-003
   60.00000     -1.542850866800932E-003
   61.00000     -1.444738814233352E-003
   62.00000     -1.352876511370786E-003
   63.00000     -1.266828566103479E-003
   64.00000     -1.186193450798431E-003
   65.00000     -1.110600639684003E-003
   66.00000     -1.039708004702844E-003
   67.00000     -9.731994452213922E-004
   68.00000     -9.107827294047167E-004
   69.00000     -8.521875272481324E-004
   70.00000     -7.971636172235074E-004
   71.00000     -7.454792502687008E-004
   72.00000     -6.969196564426715E-004
   73.00000     -6.512856810028179E-004
   74.00000     -6.083925379518345E-004
   75.00000     -5.680686702622670E-004
   76.00000     -5.301547070315612E-004
   77.00000     -4.945025087603045E-004
   78.00000     -4.609742927921096E-004
   79.00000     -4.294418317149220E-004
   80.00000     -3.997857182088279E-004
   81.00000     -3.718946904428600E-004
   82.00000     -3.456650126790269E-004
   83.00000     -3.209999062431752E-004
   84.00000     -2.978090264738901E-004
   85.00000     -2.760079816680869E-004
   86.00000     -2.555178904097441E-004
   87.00000     -2.362649739999999E-004
   88.00000     -2.181801810068520E-004
   89.00000     -2.011988412236291E-004
   90.00000     -1.852603465705822E-004
   91.00000     -1.703078566958937E-004
   92.00000     -1.562880272334012E-004
   93.00000     -1.431507588566486E-004
   94.00000     -1.308489654345100E-004
   95.00000     -1.193383597442579E-004
   96.00000     -1.085772553350278E-004
   97.00000     -9.852638326031297E-005
   98.00000     -8.914872251299450E-005
   99.00000     -8.040934310253786E-005
   100.0000     -7.227526081265062E-005
   101.0000     -6.471530276987706E-005
   102.0000     -5.769998304193619E-005
   103.0000     -5.120138756997045E-005
   104.0000     -4.519306782462500E-005
   105.0000     -3.964994266481375E-005
   106.0000     -3.454820797517816E-005
   107.0000     -2.986525377056147E-005
   108.0000     -2.557958859423236E-005
   109.0000     -2.167077121876110E-005
   110.0000     -1.811934991371582E-005
   111.0000     -1.490680992348417E-005
   112.0000     -1.201553039329197E-005
   113.0000     -9.428752964361531E-006
   114.0000     -7.130565972601855E-006
   115.0000     -5.105911350724052E-006
   116.0000     -3.340627587601334E-006
   117.0000     -1.821555505335813E-006
   118.0000     -5.367655279321061E-007
