  0.0000000E+00 -8.797980805637301E-002
   1.000000     -8.658399692977783E-002
   2.000000     -8.572417459589579E-002
   3.000000     -8.376151881200543E-002
   4.000000     -8.055202141578297E-002
   5.000000     -8.003022795154427E-002
   6.000000     -7.565899030511156E-002
   7.000000     -7.096713935850001E-002
   8.000000     -6.961884322657447E-002
   9.000000     -6.617388353794380E-002
   10.00000     -6.142530417183038E-002
   11.00000     -5.681723375205786E-002
   12.00000     -5.241051032304522E-002
   13.00000     -5.062230346426153E-002
   14.00000     -4.824105909308909E-002
   15.00000     -4.432740101429623E-002
   16.00000     -4.067586399752196E-002
   17.00000     -3.728451897118240E-002
   18.00000     -3.414592453647496E-002
   19.00000     -3.124911688538615E-002
   20.00000     -2.858102764927962E-002
   21.00000     -2.612748644080788E-002
   22.00000     -2.387392126999270E-002
   23.00000     -2.180583958092488E-002
   24.00000     -2.009201894904216E-002
   25.00000     -1.990914186679069E-002
   26.00000     -1.817036561339319E-002
   27.00000     -1.657674194003256E-002
   28.00000     -1.511632596960184E-002
   29.00000     -1.377799271590109E-002
   30.00000     -1.255143948887518E-002
   31.00000     -1.142716413160355E-002
   32.00000     -1.039643086267722E-002
   33.00000     -9.451228618789290E-003
   34.00000     -8.584225353085798E-003
   35.00000     -7.788720720921732E-003
   36.00000     -7.058598836788847E-003
   37.00000     -6.388282239988959E-003
   38.00000     -5.772687809421529E-003
   39.00000     -5.207185080880851E-003
   40.00000     -4.687557214805291E-003
   41.00000     -4.209964717168854E-003
   42.00000     -3.770911915292609E-003
   43.00000     -3.367216121991132E-003
   44.00000     -2.995979376887370E-003
   45.00000     -2.654562626418095E-003
   46.00000     -2.340562189184091E-003
   47.00000     -2.051788347312573E-003
   48.00000     -1.786245904778973E-003
   49.00000     -1.542116558280977E-003
   50.00000     -1.317742933919867E-003
   51.00000     -1.111614082392858E-003
   52.00000     -9.223527990626426E-004
   53.00000     -7.487031793436409E-004
   54.00000     -5.895207704140921E-004
   55.00000     -4.437627745930623E-004
   56.00000     -3.104797143911537E-004
   57.00000     -1.888080227487868E-004
   58.00000     -7.796361327276807E-005
