  0.0000000E+00 -8.998197306990507E-002
   1.000000     -8.855353192294158E-002
   2.000000     -8.777280305225982E-002
   3.000000     -8.562499144442563E-002
   4.000000     -8.272115108131109E-002
   5.000000     -8.182451184656192E-002
   6.000000     -7.738765172058988E-002
   7.000000     -7.263518599887270E-002
   8.000000     -7.188055951534307E-002
   9.000000     -6.778436752631928E-002
   10.00000     -6.298124829941454E-002
   11.00000     -5.832137422531646E-002
   12.00000     -5.386540367945492E-002
   13.00000     -5.298029582444616E-002
   14.00000     -4.964906785220919E-002
   15.00000     -4.569075957211803E-002
   16.00000     -4.199666065341634E-002
   17.00000     -3.856471171687625E-002
   18.00000     -3.538735193628145E-002
   19.00000     -3.245350704891971E-002
   20.00000     -2.975000632129781E-002
   21.00000     -2.726258435794937E-002
   22.00000     -2.497658092238902E-002
   23.00000     -2.287742418400879E-002
   24.00000     -2.255233751743727E-002
   25.00000     -2.095093396103584E-002
   26.00000     -1.918356943211382E-002
   27.00000     -1.756250790482014E-002
   28.00000     -1.607573669812179E-002
   29.00000     -1.471207206922470E-002
   30.00000     -1.346115624537474E-002
   31.00000     -1.231343529782726E-002
   32.00000     -1.126012470210924E-002
   33.00000     -1.029316742690855E-002
   34.00000     -9.405187999590671E-003
   35.00000     -8.589444976916024E-003
   36.00000     -7.839783502567624E-003
   37.00000     -7.150589087244389E-003
   38.00000     -6.516743350053656E-003
   39.00000     -5.933582173089301E-003
   40.00000     -5.396856515713895E-003
   41.00000     -4.902695989859584E-003
   42.00000     -4.447575196764723E-003
   43.00000     -4.028282757174971E-003
   44.00000     -3.641892922383387E-003
   45.00000     -3.285739626046048E-003
   46.00000     -2.957392821641598E-003
   47.00000     -2.654636944167298E-003
   48.00000     -2.375451249583687E-003
   49.00000     -2.117992469173550E-003
   50.00000     -1.880577844301025E-003
   51.00000     -1.661671372760671E-003
   52.00000     -1.459870161233745E-003
   53.00000     -1.273892545672436E-003
   54.00000     -1.102567273355782E-003
   55.00000     -9.448237304682136E-004
   56.00000     -7.996831246426116E-004
   57.00000     -6.662505425419452E-004
   58.00000     -5.437078135023033E-004
   59.00000     -4.313071219433717E-004
   60.00000     -3.283653243901033E-004
   61.00000     -2.342589427578678E-004
   62.00000     -1.484198261292768E-004
   63.00000     -7.033150233567029E-005
