  0.0000000E+00 -9.549308042013394E-002
   1.000000     -9.401818247817427E-002
   2.000000     -9.334585560813334E-002
   3.000000     -9.074492106855463E-002
   4.000000     -8.868482818251024E-002
   5.000000     -8.675308981115661E-002
   6.000000     -8.213861724269593E-002
   7.000000     -7.809719850719218E-002
   8.000000     -7.721900124259354E-002
   9.000000     -7.221058594972436E-002
   10.00000     -6.725758291673556E-002
   11.00000     -6.245533973715980E-002
   12.00000     -5.946102426903271E-002
   13.00000     -5.786396412269873E-002
   14.00000     -5.351883042292908E-002
   15.00000     -4.943781257384709E-002
   16.00000     -4.562674174750198E-002
   17.00000     -4.208320268294923E-002
   18.00000     -3.879930663676954E-002
   19.00000     -3.576367601535870E-002
   20.00000     -3.296285904277322E-002
   21.00000     -3.038233025160771E-002
   22.00000     -2.931427480638617E-002
   23.00000     -2.800718152631968E-002
   24.00000     -2.582262047744526E-002
   25.00000     -2.381426393984805E-002
   26.00000     -2.196836145688054E-002
   27.00000     -2.027191289508510E-002
   28.00000     -1.871273360368868E-002
   29.00000     -1.727948026488626E-002
   30.00000     -1.596164356417849E-002
   31.00000     -1.474952855493260E-002
   32.00000     -1.363421782193009E-002
   33.00000     -1.260752922728281E-002
   34.00000     -1.166196935838150E-002
   35.00000     -1.079068543180506E-002
   36.00000     -9.987417329699112E-003
   37.00000     -9.246450899905773E-003
   38.00000     -8.562573254598093E-003
   39.00000     -7.931030515732226E-003
   40.00000     -7.347488250608474E-003
   41.00000     -6.807994695919840E-003
   42.00000     -6.308946768012285E-003
   43.00000     -5.847058788889338E-003
   44.00000     -5.419333812996354E-003
   45.00000     -5.023037412489295E-003
   46.00000     -4.655673763693514E-003
   47.00000     -4.314963871197692E-003
   48.00000     -3.998825765861766E-003
   49.00000     -3.705356516989862E-003
   50.00000     -3.432815905608037E-003
   51.00000     -3.179611614150175E-003
   52.00000     -2.944285797149389E-003
   53.00000     -2.725502907224026E-003
   54.00000     -2.522038660366175E-003
   55.00000     -2.332770034033751E-003
   56.00000     -2.156666200645845E-003
   57.00000     -1.992780307685203E-003
   58.00000     -1.840242023660038E-003
   59.00000     -1.698250776646407E-003
   60.00000     -1.566069619019328E-003
   61.00000     -1.443019658297394E-003
   62.00000     -1.328474999797341E-003
   63.00000     -1.221858152048380E-003
   64.00000     -1.122635850688324E-003
   65.00000     -1.030315260885338E-003
   66.00000     -9.444405222400845E-004
   67.00000     -8.645896036529861E-004
   68.00000     -7.903714388278627E-004
   69.00000     -7.214233159538612E-004
   70.00000     -6.574084976941523E-004
   71.00000     -5.980140499376248E-004
   72.00000     -5.429488598660995E-004
   73.00000     -4.919418257737970E-004
   74.00000     -4.447402027729608E-004
   75.00000     -4.011080900448352E-004
   76.00000     -3.608250466687963E-004
   77.00000     -3.236848242976252E-004
   78.00000     -2.894942060588624E-004
   79.00000     -2.580719420637042E-004
   80.00000     -2.292477728060355E-004
   81.00000     -2.028615325464167E-004
   82.00000     -1.787623255075017E-004
   83.00000     -1.568077683668295E-004
   84.00000     -1.368632931274786E-004
   85.00000     -1.188015049832125E-004
   86.00000     -1.025015902783101E-004
   87.00000     -8.784877009849495E-005
   88.00000     -7.473379542282944E-005
   89.00000     -6.305248012143914E-005
   90.00000     -5.270526840394186E-005
   91.00000     -4.359683361202970E-005
   92.00000     -3.563570550953235E-005
   93.00000     -2.873392345718554E-005
   94.00000     -2.280671306953360E-005
   95.00000     -1.777218413994428E-005
   96.00000     -1.355104778840435E-005
   97.00000     -1.006635093725910E-005
   98.00000     -7.243226353695136E-006
   99.00000     -5.008656615878044E-006
   100.0000     -3.291250463781779E-006
   101.0000     -2.021030087683567E-006
   102.0000     -1.129227992236719E-006
   103.0000     -5.480921692668940E-007
   104.0000     -2.106985066901730E-007
   105.0000     -5.076627915713979E-008
