  0.0000000E+00 -8.711798597669651E-002
   1.000000     -8.573772647021104E-002
   2.000000     -8.483947648583684E-002
   3.000000     -8.295877240086709E-002
   4.000000     -7.961857543885227E-002
   5.000000     -7.925657430482583E-002
   6.000000     -7.491444282449600E-002
   7.000000     -7.024872129929485E-002
   8.000000     -6.864469014836952E-002
   9.000000     -6.548023900788086E-002
   10.00000     -6.075515125806704E-002
   11.00000     -5.616939334217957E-002
   12.00000     -5.178388364987632E-002
   13.00000     -4.960670113595110E-002
   14.00000     -4.763462312419277E-002
   15.00000     -4.374019680385013E-002
   16.00000     -4.010699171216676E-002
   17.00000     -3.673313531860631E-002
   18.00000     -3.361123768809966E-002
   19.00000     -3.073038260197596E-002
   20.00000     -2.807754579723680E-002
   21.00000     -2.563859782789723E-002
   22.00000     -2.339900475597893E-002
   23.00000     -2.134430936227640E-002
   24.00000     -1.946045485449881E-002
   25.00000     -1.903233482141508E-002
   26.00000     -1.773398116190236E-002
   27.00000     -1.615217673239606E-002
   28.00000     -1.470311388187884E-002
   29.00000     -1.337569308586533E-002
   30.00000     -1.215963544604770E-002
   31.00000     -1.104546117369333E-002
   32.00000     -1.002445556086060E-002
   33.00000     -9.088627434842208E-003
   34.00000     -8.230663558919066E-003
   35.00000     -7.443881412982460E-003
   36.00000     -6.722182038872707E-003
   37.00000     -6.060004088873812E-003
   38.00000     -5.452279818511787E-003
   39.00000     -4.894393477786328E-003
   40.00000     -4.382142349497152E-003
   41.00000     -3.911700538077508E-003
   42.00000     -3.479585511465444E-003
   43.00000     -3.082627330240840E-003
   44.00000     -2.717940453769651E-003
   45.00000     -2.382897898759952E-003
   46.00000     -2.075108208335451E-003
   47.00000     -1.792393243271862E-003
   48.00000     -1.532769689268587E-003
   49.00000     -1.294431077439765E-003
   50.00000     -1.075732005234394E-003
   51.00000     -8.751738151682231E-004
   52.00000     -6.913916991103352E-004
   53.00000     -5.231431237655550E-004
   54.00000     -3.692974906541542E-004
   55.00000     -2.288269653435833E-004
   56.00000     -1.007984382636322E-004
