  0.0000000E+00 -9.530625633082469E-002
   1.000000     -9.383155736686301E-002
   2.000000     -9.315884795681172E-002
   3.000000     -9.057156744366415E-002
   4.000000     -8.848287587996018E-002
   5.000000     -8.658621158428208E-002
   6.000000     -8.197773342965708E-002
   7.000000     -7.788670454062309E-002
   8.000000     -7.706375356231578E-002
   9.000000     -7.206069822058661E-002
   10.00000     -6.711277054941804E-002
   11.00000     -6.231534830075353E-002
   12.00000     -5.924156532580894E-002
   13.00000     -5.772855635345121E-002
   14.00000     -5.338778578739160E-002
   15.00000     -4.931092321961225E-002
   16.00000     -4.550381338743870E-002
   17.00000     -4.196405305895612E-002
   18.00000     -3.868376458907063E-002
   19.00000     -3.565158065047436E-002
   20.00000     -3.285405897473409E-002
   21.00000     -3.027668277626299E-002
   22.00000     -2.908529181241805E-002
   23.00000     -2.790455252706940E-002
   24.00000     -2.572288330998538E-002
   25.00000     -2.371729889905408E-002
   26.00000     -2.187405557353173E-002
   27.00000     -2.018015940072361E-002
   28.00000     -1.862343185461830E-002
   29.00000     -1.719253404547467E-002
   30.00000     -1.587696273462697E-002
   31.00000     -1.466702741190376E-002
   32.00000     -1.355381514096982E-002
   33.00000     -1.252914799631328E-002
   34.00000     -1.158553653175399E-002
   35.00000     -1.071613170316701E-002
   36.00000     -9.914676922095425E-003
   37.00000     -9.175461371682278E-003
   38.00000     -8.493275319805061E-003
   39.00000     -7.863367877843039E-003
   40.00000     -7.281407448472435E-003
   41.00000     -6.743444960962049E-003
   42.00000     -6.245879891776324E-003
   43.00000     -5.785429000095521E-003
   44.00000     -5.359097663354821E-003
   45.00000     -4.964153670570610E-003
   46.00000     -4.598103316213924E-003
   47.00000     -4.258669631129029E-003
   48.00000     -3.943772586821022E-003
   49.00000     -3.651511113408048E-003
   50.00000     -3.380146778216542E-003
   51.00000     -3.128088980360107E-003
   52.00000     -2.893881525933546E-003
   53.00000     -2.676190458142809E-003
   54.00000     -2.473793026409495E-003
   55.00000     -2.285567687977922E-003
   56.00000     -2.110485044652463E-003
   57.00000     -1.947599625893385E-003
   58.00000     -1.796042437547584E-003
   59.00000     -1.655014202958395E-003
   60.00000     -1.523779230084009E-003
   61.00000     -1.401659844570664E-003
   62.00000     -1.288031334496230E-003
   63.00000     -1.182317357753787E-003
   64.00000     -1.083985767815377E-003
   65.00000     -9.925448179376685E-004
   66.00000     -9.075397077819271E-004
   67.00000     -8.285494399503054E-004
   68.00000     -7.551839571267695E-004
   69.00000     -6.870815333826111E-004
   70.00000     -6.239063957923318E-004
   71.00000     -5.653465548363690E-004
   72.00000     -5.111118241633200E-004
   73.00000     -4.609320121720705E-004
   74.00000     -4.145552695744292E-004
   75.00000     -3.717465786291342E-004
   76.00000     -3.322863711180187E-004
   77.00000     -2.959692633795801E-004
   78.00000     -2.626028978395808E-004
   79.00000     -2.320068814966682E-004
   80.00000     -2.040118127463782E-004
   81.00000     -1.784583887720531E-004
   82.00000     -1.551965865108921E-004
   83.00000     -1.340849109309019E-004
   84.00000     -1.149897050498312E-004
   85.00000     -9.778451681328836E-005
   86.00000     -8.234951866173961E-005
   87.00000     -6.857097641047033E-005
   88.00000     -5.634076503522896E-005
   89.00000     -4.555593026533259E-005
   90.00000     -3.611829684722115E-005
   91.00000     -2.793412757708737E-005
   92.00000     -2.091384303161976E-005
   93.00000     -1.497182336746858E-005
   94.00000     -1.002633814927925E-005
   95.00000     -5.999709019482820E-006
   96.00000     -2.818972158577937E-006
   97.00000     -4.178552673888862E-007
