  0.0000000E+00 -9.437689742411513E-002
   1.000000     -9.290476429560222E-002
   2.000000     -9.222643564458402E-002
   3.000000     -8.970900789886180E-002
   4.000000     -8.747802831760856E-002
   5.000000     -8.575587705275950E-002
   6.000000     -8.117723710315676E-002
   7.000000     -7.683940132561451E-002
   8.000000     -7.629126750317114E-002
   9.000000     -7.131491509168447E-002
   10.00000     -6.639224068374402E-002
   11.00000     -6.161880576760378E-002
   12.00000     -5.814962170880551E-002
   13.00000     -5.705481894501298E-002
   14.00000     -5.273575908310352E-002
   15.00000     -4.867957168187745E-002
   16.00000     -4.489217031575932E-002
   17.00000     -4.137121161976864E-002
   18.00000     -3.810887317559399E-002
   19.00000     -3.509383874297829E-002
   20.00000     -3.231271337308544E-002
   21.00000     -2.975102382932916E-002
   22.00000     -2.794595963194592E-002
   23.00000     -2.739391128786007E-002
   24.00000     -2.522663188907135E-002
   25.00000     -2.323484086581287E-002
   26.00000     -2.140482888484361E-002
   27.00000     -1.972363288875769E-002
   28.00000     -1.817910319020405E-002
   29.00000     -1.675992789270573E-002
   30.00000     -1.545562905685285E-002
   31.00000     -1.425653991307575E-002
   32.00000     -1.315376982996775E-002
   33.00000     -1.213916186347933E-002
   34.00000     -1.120524632800848E-002
   35.00000     -1.034519281303607E-002
   36.00000     -9.552762322811909E-003
   37.00000     -8.822260671254420E-003
   38.00000     -8.148493867600746E-003
   39.00000     -7.526725941817877E-003
   40.00000     -6.952639453690715E-003
   41.00000     -6.422298784525037E-003
   42.00000     -5.932116209693078E-003
   43.00000     -5.478820682008003E-003
   44.00000     -5.059429211373067E-003
   45.00000     -4.671220698782959E-003
   46.00000     -4.311712067722582E-003
   47.00000     -3.978636529720146E-003
   48.00000     -3.669923820619534E-003
   49.00000     -3.383682248089027E-003
   50.00000     -3.118182397553618E-003
   51.00000     -2.871842352086697E-003
   52.00000     -2.643214291078115E-003
   53.00000     -2.430972342177360E-003
   54.00000     -2.233901570721160E-003
   55.00000     -2.050888000341281E-003
   56.00000     -1.880909567544157E-003
   57.00000     -1.723027921654539E-003
   58.00000     -1.576380989565308E-003
   59.00000     -1.440176232206013E-003
   60.00000     -1.313684526535700E-003
   61.00000     -1.196234613190818E-003
   62.00000     -1.087208055702746E-003
   63.00000     -9.860346624725397E-004
   64.00000     -8.921883274860124E-004
   65.00000     -8.051832501089680E-004
   66.00000     -7.245704982584760E-004
   67.00000     -6.499348828381224E-004
   68.00000     -5.808921145938988E-004
   69.00000     -5.170862175316892E-004
   70.00000     -4.581871757763907E-004
   71.00000     -4.038887932935737E-004
   72.00000     -3.539067482839438E-004
   73.00000     -3.079768263615972E-004
   74.00000     -2.658533189181842E-004
   75.00000     -2.273075754655400E-004
   76.00000     -1.921267014076857E-004
   77.00000     -1.601123958785001E-004
   78.00000     -1.310799284332885E-004
   79.00000     -1.048572592625067E-004
   80.00000     -8.128431660774686E-005
   81.00000     -6.021245991286543E-005
   82.00000     -4.150418349556063E-005
   83.00000     -2.503316539218121E-005
   84.00000     -1.068486873506299E-005
