  0.0000000E+00 -9.086732766911222E-002
   1.000000     -8.942651263816370E-002
   2.000000     -8.867524392968698E-002
   3.000000     -8.644840419243466E-002
   4.000000     -8.368003115328264E-002
   5.000000     -8.261716344791688E-002
   6.000000     -7.815160414998981E-002
   7.000000     -7.337241903127083E-002
   8.000000     -7.288002489648587E-002
   9.000000     -6.849609649258485E-002
   10.00000     -6.366887507215087E-002
   11.00000     -5.898610755597952E-002
   12.00000     -5.450838488489271E-002
   13.00000     -5.402236390877124E-002
   14.00000     -5.027131740023674E-002
   15.00000     -4.629327710819765E-002
   16.00000     -4.258036887726416E-002
   17.00000     -3.913047596207049E-002
   18.00000     -3.593598477968078E-002
   19.00000     -3.298577226912013E-002
   20.00000     -3.026662247506431E-002
   21.00000     -2.776422803870018E-002
   22.00000     -2.546388981887824E-002
   23.00000     -2.363965237038645E-002
   24.00000     -2.335099007581767E-002
   25.00000     -2.141134281651309E-002
   26.00000     -1.963134761777695E-002
   27.00000     -1.799816184086550E-002
   28.00000     -1.649974507212586E-002
   29.00000     -1.512488767704103E-002
   30.00000     -1.386320759893243E-002
   31.00000     -1.270512809427085E-002
   32.00000     -1.164184317173862E-002
   33.00000     -1.066527557086377E-002
   34.00000     -9.768030726380607E-003
   35.00000     -8.943349145797549E-003
   36.00000     -8.185058880911844E-003
   37.00000     -7.487529228275136E-003
   38.00000     -6.845626396671091E-003
   39.00000     -6.254671592881131E-003
   40.00000     -5.710401771695241E-003
   41.00000     -5.208933150960245E-003
   42.00000     -4.746727491586887E-003
   43.00000     -4.320561074066085E-003
   44.00000     -3.927496258397618E-003
   45.00000     -3.564855486887944E-003
   46.00000     -3.230197574186382E-003
   47.00000     -2.921296122614974E-003
   48.00000     -2.636119900654776E-003
   49.00000     -2.372815026439121E-003
   50.00000     -2.129688804842060E-003
   51.00000     -1.905195075213980E-003
   52.00000     -1.697920936265311E-003
   53.00000     -1.506574724515173E-003
   54.00000     -1.329975132759719E-003
   55.00000     -1.167041300303978E-003
   56.00000     -1.016784233523382E-003
   57.00000     -8.782981148328084E-004
   58.00000     -7.507536871825980E-004
   59.00000     -6.333913854840188E-004
   60.00000     -5.255155153945974E-004
   61.00000     -4.264889796222414E-004
   62.00000     -3.357285797199581E-004
   63.00000     -2.527008693971639E-004
   64.00000     -1.769185516919972E-004
   65.00000     -1.079374351427647E-004
   66.00000     -4.535399862076844E-005
