  0.0000000E+00 -8.525487962161994E-002
   1.000000     -8.391024930205601E-002
   2.000000     -8.292204409547843E-002
   3.000000     -8.122198796245549E-002
   4.000000     -7.763124932343915E-002
   5.000000     -7.755118731868509E-002
   6.000000     -7.330389691225134E-002
   7.000000     -6.869471667336523E-002
   8.000000     -6.653747714063331E-002
   9.000000     -6.397980865950399E-002
   10.00000     -5.930553857687174E-002
   11.00000     -5.476804586226133E-002
   12.00000     -5.042842580976576E-002
   13.00000     -4.740984895771900E-002
   14.00000     -4.632283609035007E-002
   15.00000     -4.247001348946490E-002
   16.00000     -3.887646298028605E-002
   17.00000     -3.554043707570933E-002
   18.00000     -3.245465723183744E-002
   19.00000     -2.960831020665110E-002
   20.00000     -2.698846717821221E-002
   21.00000     -2.458108730304901E-002
   22.00000     -2.237171901340433E-002
   23.00000     -2.034598172835402E-002
   24.00000     -1.848988854460105E-002
   25.00000     -1.679007279772019E-002
   26.00000     -1.674012515441113E-002
   27.00000     -1.523381628986422E-002
   28.00000     -1.380931547449735E-002
   29.00000     -1.250550415523078E-002
   30.00000     -1.131215511972342E-002
   31.00000     -1.021983713268741E-002
   32.00000     -9.219881257400123E-003
   33.00000     -8.304339562981322E-003
   34.00000     -7.465939752853125E-003
   35.00000     -6.698038156664039E-003
   36.00000     -5.994572773699289E-003
   37.00000     -5.350017508419840E-003
   38.00000     -4.759338341228801E-003
   39.00000     -4.217951890482812E-003
   40.00000     -3.721686616330770E-003
   41.00000     -3.266746668671465E-003
   42.00000     -2.849679106104104E-003
   43.00000     -2.467342256371637E-003
   44.00000     -2.116878721586843E-003
   45.00000     -1.795689284065669E-003
   46.00000     -1.501409659265357E-003
   47.00000     -1.231889729273170E-003
   48.00000     -9.851736895938189E-004
   49.00000     -7.594835043752277E-004
   50.00000     -5.532030063529590E-004
   51.00000     -3.648640526417657E-004
   52.00000     -1.931341418630155E-004
   53.00000     -3.680550864133297E-005
