  0.0000000E+00 -1.986901304491959E-002
   1.000000     -1.921362618089621E-002
   2.000000     -1.857205838259674E-002
   3.000000     -1.794419414221023E-002
   4.000000     -1.732991711119466E-002
   5.000000     -1.672911008908399E-002
   6.000000     -1.614165501216804E-002
   7.000000     -1.556743294202476E-002
   8.000000     -1.500632405393056E-002
   9.000000     -1.445820762513593E-002
   10.00000     -1.392296202301258E-002
   11.00000     -1.340046469307781E-002
   12.00000     -1.289059214690149E-002
   13.00000     -1.239321994989068E-002
   14.00000     -1.190822270896782E-002
   15.00000     -1.143547406014246E-002
   16.00000     -1.097484665597830E-002
   17.00000     -1.052621215297379E-002
   18.00000     -1.008944119884919E-002
   19.00000     -9.664403419759011E-003
   20.00000     -9.250967407435376E-003
   21.00000     -8.849000706263524E-003
   22.00000     -8.458369800318799E-003
   23.00000     -8.078940100354594E-003
   24.00000     -7.710575930768717E-003
   25.00000     -7.353140516552147E-003
   26.00000     -7.006495970244889E-003
   27.00000     -6.670503278901170E-003
   28.00000     -6.345022291092658E-003
   29.00000     -6.029911703960311E-003
   30.00000     -5.725029050337983E-003
   31.00000     -5.430230685965343E-003
   32.00000     -5.145371776818422E-003
   33.00000     -4.870306286573938E-003
   34.00000     -4.604886964239423E-003
   35.00000     -4.348965331974485E-003
   36.00000     -4.102391673132364E-003
   37.00000     -3.865015020553452E-003
   38.00000     -3.636683145143682E-003
   39.00000     -3.417242544776157E-003
   40.00000     -3.206538433550489E-003
   41.00000     -3.004414731451141E-003
   42.00000     -2.810714054450870E-003
   43.00000     -2.625277705099915E-003
   44.00000     -2.447945663652148E-003
   45.00000     -2.278556579779261E-003
   46.00000     -2.116947764925715E-003
   47.00000     -1.962955185362719E-003
   48.00000     -1.816413456001182E-003
   49.00000     -1.677155835027406E-003
   50.00000     -1.545014219429723E-003
   51.00000     -1.419819141485398E-003
   52.00000     -1.301399766284984E-003
   53.00000     -1.189583890371159E-003
   54.00000     -1.084197941578649E-003
   55.00000     -9.850669801596032E-004
   56.00000     -8.920147012936492E-004
   57.00000     -8.048634390777829E-004
   58.00000     -7.234341721074002E-004
   59.00000     -6.475465307602545E-004
   60.00000     -5.770188063122111E-004
   61.00000     -5.116679620195642E-004
   62.00000     -4.513096463258488E-004
   63.00000     -3.957582083669423E-004
   64.00000     -3.448267159830841E-004
   65.00000     -2.983269764860292E-004
   66.00000     -2.560695604939861E-004
   67.00000     -2.178638292379335E-004
   68.00000     -1.835179658860976E-004
   69.00000     -1.528390116559033E-004
   70.00000     -1.256329078451317E-004
   71.00000     -1.017045455167873E-004
   72.00000     -8.085782561841088E-005
   73.00000     -6.289573419982751E-005
   74.00000     -4.762044095388997E-005
   75.00000     -3.483343643107148E-005
   76.00000     -2.433573857445090E-005
   77.00000     -1.592823508663781E-005
   78.00000     -9.412322631673611E-006
   79.00000     -4.591296868185007E-006
   80.00000     -1.274117433497890E-006
