  0.0000000E+00 -1.863927085722581E-002
   1.000000     -1.799424442984354E-002
   2.000000     -1.736310817620426E-002
   3.000000     -1.674574755044193E-002
   4.000000     -1.614204718289587E-002
   5.000000     -1.555189086931166E-002
   6.000000     -1.497516155990636E-002
   7.000000     -1.441174134832847E-002
   8.000000     -1.386151146049887E-002
   9.000000     -1.332435224334418E-002
   10.00000     -1.280014315343387E-002
   11.00000     -1.228876274551459E-002
   12.00000     -1.179008866095696E-002
   13.00000     -1.130399761612540E-002
   14.00000     -1.083036539067094E-002
   15.00000     -1.036906681576336E-002
   16.00000     -9.919975762275709E-003
   17.00000     -9.482965128928805E-003
   18.00000     -9.057906830413492E-003
   19.00000     -8.644671785507912E-003
   20.00000     -8.243129905204065E-003
   21.00000     -7.853150080871082E-003
   22.00000     -7.474600172473341E-003
   23.00000     -7.107346996871177E-003
   24.00000     -6.751256316234236E-003
   25.00000     -6.406192826604874E-003
   26.00000     -6.072020146639895E-003
   27.00000     -5.748600806588340E-003
   28.00000     -5.435796237542138E-003
   29.00000     -5.133466761020966E-003
   30.00000     -4.841471578960071E-003
   31.00000     -4.559668764162921E-003
   32.00000     -4.287915251320003E-003
   33.00000     -4.026066828677288E-003
   34.00000     -3.773978130477861E-003
   35.00000     -3.531502630305647E-003
   36.00000     -3.298492635491698E-003
   37.00000     -3.074799282758980E-003
   38.00000     -2.860272535334268E-003
   39.00000     -2.654761181776971E-003
   40.00000     -2.458112836843246E-003
   41.00000     -2.270173944757278E-003
   42.00000     -2.090789785350082E-003
   43.00000     -1.919804483624377E-003
   44.00000     -1.757061023439170E-003
   45.00000     -1.602401266178037E-003
   46.00000     -1.455665975485596E-003
   47.00000     -1.316694849453262E-003
   48.00000     -1.185326562023889E-003
   49.00000     -1.061398815918103E-003
   50.00000     -9.447484101009474E-004
   51.00000     -8.352113258210986E-004
   52.00000     -7.326228366629893E-004
   53.00000     -6.368176500891894E-004
   54.00000     -5.476300909243681E-004
   55.00000     -4.648943416811946E-004
   56.00000     -3.884447614473258E-004
   57.00000     -3.181163158023587E-004
   58.00000     -2.537451677236303E-004
   59.00000     -1.951695089853335E-004
   60.00000     -1.422307637066666E-004
   61.00000     -9.477539273064123E-005
   62.00000     -5.265772007583347E-005
   63.00000     -1.574461720516781E-005
