  0.0000000E+00 -7.114860629578849E-002
   1.000000     -7.020674420567859E-002
   2.000000     -6.998067429434476E-002
   3.000000     -6.800461638981083E-002
   4.000000     -6.598745685246390E-002
   5.000000     -6.500064692964337E-002
   6.000000     -6.152195117059586E-002
   7.000000     -5.780715733334682E-002
   8.000000     -5.767031238182763E-002
   9.000000     -5.402036515337016E-002
   10.00000     -5.027300479069984E-002
   11.00000     -4.663847127334543E-002
   12.00000     -4.316335421849644E-002
   13.00000     -4.315057899710568E-002
   14.00000     -3.987482880614769E-002
   15.00000     -3.678712134908840E-002
   16.00000     -3.390481361260948E-002
   17.00000     -3.122620279386525E-002
   18.00000     -2.874535431929414E-002
   19.00000     -2.645363228153829E-002
   20.00000     -2.434079091584438E-002
   21.00000     -2.239574634588955E-002
   22.00000     -2.060711563729800E-002
   23.00000     -1.974411305040778E-002
   24.00000     -1.896358625744129E-002
   25.00000     -1.745416482323342E-002
   26.00000     -1.606833419109960E-002
   27.00000     -1.479615051099983E-002
   28.00000     -1.362829342129712E-002
   29.00000     -1.255608517662654E-002
   30.00000     -1.157148796089071E-002
   31.00000     -1.066708656134427E-002
   32.00000     -9.836061577963530E-003
   33.00000     -9.072156891492300E-003
   34.00000     -8.369644046163202E-003
   35.00000     -7.723285418310770E-003
   36.00000     -7.128297466416177E-003
   37.00000     -6.580314937310614E-003
   38.00000     -6.075356597168856E-003
   39.00000     -5.609792834764858E-003
   40.00000     -5.180315326129804E-003
   41.00000     -4.783908837805775E-003
   42.00000     -4.417825168099028E-003
   43.00000     -4.079559173006989E-003
   44.00000     -3.766826789051344E-003
   45.00000     -3.477544944066304E-003
   46.00000     -3.209813235328758E-003
   47.00000     -2.961897249507558E-003
   48.00000     -2.732213398707963E-003
   49.00000     -2.519315149888701E-003
   50.00000     -2.321880530031614E-003
   51.00000     -2.138700795846209E-003
   52.00000     -1.968670163917863E-003
   53.00000     -1.810776504646715E-003
   54.00000     -1.664092910790196E-003
   55.00000     -1.527770058717893E-003
   56.00000     -1.401029287485281E-003
   57.00000     -1.283156327452685E-003
   58.00000     -1.173495616372669E-003
   59.00000     -1.071445146623327E-003
   60.00000     -9.764517925743564E-004
   61.00000     -8.880070719483596E-004
   62.00000     -8.056432994982531E-004
   63.00000     -7.289300953878665E-004
   64.00000     -6.574712143617383E-004
   65.00000     -5.909016651505918E-004
   66.00000     -5.288850926088635E-004
   67.00000     -4.711113978482509E-004
   68.00000     -4.172945741451613E-004
   69.00000     -3.671707386868533E-004
   70.00000     -3.204963423090707E-004
   71.00000     -2.770465412945358E-004
   72.00000     -2.366137170761060E-004
   73.00000     -1.990061313516918E-004
   74.00000     -1.640467057078531E-004
   75.00000     -1.315719164091281E-004
   76.00000     -1.014307966003292E-004
   77.00000     -7.348403987092670E-005
   78.00000     -4.760320106572782E-005
   79.00000     -2.366999258126238E-005
   80.00000     -1.575677467236808E-006
