  0.0000000E+00 -7.333588488215330E-002
   1.000000     -7.234783236411363E-002
   2.000000     -7.221955733571171E-002
   3.000000     -7.003226339999366E-002
   4.000000     -6.835478009369551E-002
   5.000000     -6.695452174269777E-002
   6.000000     -6.340612490573364E-002
   7.000000     -6.013627033652155E-002
   8.000000     -5.962526107089727E-002
   9.000000     -5.577595350319513E-002
   10.00000     -5.196918707729725E-002
   11.00000     -4.827821368015103E-002
   12.00000     -4.572125448726969E-002
   13.00000     -4.474934703484325E-002
   14.00000     -4.140982579033857E-002
   15.00000     -3.827346962004834E-002
   16.00000     -3.534478941743800E-002
   17.00000     -3.262194240618337E-002
   18.00000     -3.009886465918586E-002
   19.00000     -2.776680055770975E-002
   20.00000     -2.561539341323292E-002
   21.00000     -2.363345646969069E-002
   22.00000     -2.242621117796808E-002
   23.00000     -2.180951080566819E-002
   24.00000     -2.013215608175961E-002
   25.00000     -1.859031509586644E-002
   26.00000     -1.717339409010741E-002
   27.00000     -1.587137727477544E-002
   28.00000     -1.467487715907148E-002
   29.00000     -1.357515326182588E-002
   30.00000     -1.256410907841754E-002
   31.00000     -1.163427444146342E-002
   32.00000     -1.077877844463821E-002
   33.00000     -9.991316650010577E-003
   34.00000     -9.266115232389280E-003
   35.00000     -8.597893929693883E-003
   36.00000     -7.981829092934703E-003
   37.00000     -7.413517708787171E-003
   38.00000     -6.888942961832172E-003
   39.00000     -6.404441682540215E-003
   40.00000     -5.956673868888425E-003
   41.00000     -5.542594357679321E-003
   42.00000     -5.159426643955884E-003
   43.00000     -4.804638794276125E-003
   44.00000     -4.475921365259829E-003
   45.00000     -4.171167217715621E-003
   46.00000     -3.888453105065070E-003
   47.00000     -3.626022909934833E-003
   48.00000     -3.382272402642899E-003
   49.00000     -3.155735398356659E-003
   50.00000     -2.945071194847834E-003
   51.00000     -2.749053179212222E-003
   52.00000     -2.566558499082733E-003
   53.00000     -2.396558701335389E-003
   54.00000     -2.238111248779697E-003
   55.00000     -2.090351832645367E-003
   56.00000     -1.952487405695285E-003
   57.00000     -1.823789867431320E-003
   58.00000     -1.703590339070188E-003
   59.00000     -1.591273971731225E-003
   60.00000     -1.486275236594134E-003
   61.00000     -1.388073650662996E-003
   62.00000     -1.296189896230718E-003
   63.00000     -1.210182296197817E-003
   64.00000     -1.129643611087492E-003
   65.00000     -1.054198126941329E-003
   66.00000     -9.834990063041530E-004
   67.00000     -9.172258772388799E-004
   68.00000     -8.550826377777070E-004
   69.00000     -7.967954554393918E-004
   70.00000     -7.421109434450823E-004
   71.00000     -6.907944970693633E-004
   72.00000     -6.426287751866658E-004
   73.00000     -5.974123135346317E-004
   74.00000     -5.549582575311929E-004
   75.00000     -5.150932036652079E-004
   76.00000     -4.776561395453747E-004
   77.00000     -4.424974736505966E-004
   78.00000     -4.094781466875879E-004
   79.00000     -3.784688172384031E-004
   80.00000     -3.493491150806257E-004
   81.00000     -3.220069561935849E-004
   82.00000     -2.963379140331289E-004
   83.00000     -2.722446421711417E-004
   84.00000     -2.496363438599546E-004
   85.00000     -2.284282845020941E-004
   86.00000     -2.085413433862647E-004
   87.00000     -1.899016013967571E-004
   88.00000     -1.724399617186861E-004
   89.00000     -1.560918008506207E-004
   90.00000     -1.407966475024449E-004
   91.00000     -1.264978872041651E-004
   92.00000     -1.131424906848745E-004
   93.00000     -1.006807643051678E-004
   94.00000     -8.906612104656720E-005
   95.00000     -7.825487078553470E-005
   96.00000     -6.820602881717710E-005
   97.00000     -5.888114185881503E-005
   98.00000     -5.024413107734824E-005
   99.00000     -4.226115207873428E-005
   100.0000     -3.490047232453910E-005
   101.0000     -2.813236718492143E-005
   102.0000     -2.192903694624803E-005
   103.0000     -1.626454882738057E-005
   104.0000     -1.111481091262240E-005
   105.0000     -6.457589847880377E-006
   106.0000     -2.272593191485709E-006
