  0.0000000E+00 -7.125881934829444E-002
   1.000000     -7.031367059656582E-002
   2.000000     -7.009449178464545E-002
   3.000000     -6.810680083703323E-002
   4.000000     -6.610675870525480E-002
   5.000000     -6.509911342146114E-002
   6.000000     -6.161690463267727E-002
   7.000000     -5.789880180633039E-002
   8.000000     -5.779456434099234E-002
   9.000000     -5.410883848849994E-002
   10.00000     -5.035848433396569E-002
   11.00000     -4.672110650838842E-002
   12.00000     -4.328023166893091E-002
   13.00000     -4.324317793389371E-002
   14.00000     -3.995218536483426E-002
   15.00000     -3.686202623942263E-002
   16.00000     -3.397738154699287E-002
   17.00000     -3.129654142994180E-002
   18.00000     -2.881356479569121E-002
   19.00000     -2.651980970380735E-002
   20.00000     -2.440502479924028E-002
   21.00000     -2.245812101980593E-002
   22.00000     -2.066771062260854E-002
   23.00000     -1.987927804136587E-002
   24.00000     -1.902247657605089E-002
   25.00000     -1.751142133183344E-002
   26.00000     -1.612402387698150E-002
   27.00000     -1.485033673046033E-002
   28.00000     -1.368103614695550E-002
   29.00000     -1.260744121891458E-002
   30.00000     -1.162151117194795E-002
   31.00000     -1.071582802308913E-002
   32.00000     -9.883569775755925E-003
   33.00000     -9.118477874639793E-003
   34.00000     -8.414821576395117E-003
   35.00000     -7.767361107232524E-003
   36.00000     -7.171310902857359E-003
   37.00000     -6.622303805392502E-003
   38.00000     -6.116356785837622E-003
   39.00000     -5.649838539466497E-003
   40.00000     -5.219439143239434E-003
   41.00000     -4.822141852366379E-003
   42.00000     -4.455197035374222E-003
   43.00000     -4.116098194305405E-003
   44.00000     -3.802559982238322E-003
   45.00000     -3.512498109141459E-003
   46.00000     -3.244011015412523E-003
   47.00000     -2.995363187549389E-003
   48.00000     -2.764969990199953E-003
   49.00000     -2.551383891842519E-003
   50.00000     -2.353281966452436E-003
   51.00000     -2.169454559915685E-003
   52.00000     -1.998795017077388E-003
   53.00000     -1.840290372753307E-003
   54.00000     -1.693012917499468E-003
   55.00000     -1.556112556231283E-003
   56.00000     -1.428809884782533E-003
   57.00000     -1.310389916114414E-003
   58.00000     -1.200196394081918E-003
   59.00000     -1.097626638418771E-003
   60.00000     -1.002126869911230E-003
   61.00000     -9.131879696051040E-004
   62.00000     -8.303416303477572E-004
   63.00000     -7.531568393070874E-004
   64.00000     -6.812368235924721E-004
   65.00000     -6.142159302050745E-004
   66.00000     -5.517572430973492E-004
   67.00000     -4.935500620300646E-004
   68.00000     -4.393078606653884E-004
   69.00000     -3.887661132724376E-004
   70.00000     -3.416807034455619E-004
   71.00000     -2.978261911993921E-004
   72.00000     -2.569943487141599E-004
   73.00000     -2.189928105436130E-004
   74.00000     -1.836438473668254E-004
   75.00000     -1.507832536253703E-004
   76.00000     -1.202593408577104E-004
   77.00000     -9.193203006946786E-005
   78.00000     -6.567203814995897E-005
   79.00000     -4.136015529693784E-005
   80.00000     -1.888661285414049E-005
