  0.0000000E+00 -7.225321862952766E-002
   1.000000     -7.128150575289714E-002
   2.000000     -7.111810659433998E-002
   3.000000     -6.902869014395401E-002
   4.000000     -6.718308237531118E-002
   5.000000     -6.598746067810279E-002
   6.000000     -6.247356019509832E-002
   7.000000     -5.891581259032990E-002
   8.000000     -5.872533830949220E-002
   9.000000     -5.490703149010887E-002
   10.00000     -5.112966783785344E-002
   11.00000     -4.746662912135017E-002
   12.00000     -4.444894920093439E-002
   13.00000     -4.396432469000561E-002
   14.00000     -4.065008457792132E-002
   15.00000     -3.753780689108475E-002
   16.00000     -3.463207855307456E-002
   17.00000     -3.193112606341865E-002
   18.00000     -2.942894951700419E-002
   19.00000     -2.711685254481472E-002
   20.00000     -2.498453335817868E-002
   21.00000     -2.302085611252321E-002
   22.00000     -2.121439031775907E-002
   23.00000     -2.109871605073620E-002
   24.00000     -1.955377639041931E-002
   25.00000     -1.802798126224684E-002
   26.00000     -1.662644824510973E-002
   27.00000     -1.533919713945562E-002
   28.00000     -1.415687367659410E-002
   29.00000     -1.307076842319517E-002
   30.00000     -1.207281391892434E-002
   31.00000     -1.115556719211254E-002
   32.00000     -1.031218282481990E-002
   33.00000     -9.536380289122865E-003
   34.00000     -8.822408209349139E-003
   35.00000     -8.165007420362858E-003
   36.00000     -7.559374116450079E-003
   37.00000     -7.001123964650121E-003
   38.00000     -6.486257750376092E-003
   39.00000     -6.011128902089847E-003
   40.00000     -5.572413083538802E-003
   41.00000     -5.167079930178109E-003
   42.00000     -4.792366928670521E-003
   43.00000     -4.445755385675963E-003
   44.00000     -4.124948397747120E-003
   45.00000     -3.827850713003591E-003
   46.00000     -3.552550363630017E-003
   47.00000     -3.297301943367092E-003
   48.00000     -3.060511403989746E-003
   49.00000     -2.840722247794717E-003
   50.00000     -2.636602998243703E-003
   51.00000     -2.446935837330372E-003
   52.00000     -2.270606305383473E-003
   53.00000     -2.106593966471367E-003
   54.00000     -1.953963950052380E-003
   55.00000     -1.811859286821783E-003
   56.00000     -1.679493963713231E-003
   57.00000     -1.556146629639193E-003
   58.00000     -1.441154889756498E-003
   59.00000     -1.333910131800066E-003
   60.00000     -1.233852833337740E-003
   61.00000     -1.140468303672072E-003
   62.00000     -1.053282818567856E-003
   63.00000     -9.718601100413289E-004
   64.00000     -8.957981771322507E-004
   65.00000     -8.247263869217332E-004
   66.00000     -7.583028380828470E-004
   67.00000     -6.962119619848283E-004
   68.00000     -6.381623388401374E-004
   69.00000     -5.838847086117500E-004
   70.00000     -5.331301584073193E-004
   71.00000     -4.856684698999146E-004
   72.00000     -4.412866119506960E-004
   73.00000     -3.997873650855434E-004
   74.00000     -3.609880480473591E-004
   75.00000     -3.247194599789242E-004
   76.00000     -2.908246554543951E-004
   77.00000     -2.591581654491930E-004
   78.00000     -2.295850346693190E-004
   79.00000     -2.019800413825664E-004
   80.00000     -1.762269692571326E-004
   81.00000     -1.522179436007011E-004
   82.00000     -1.298528273760072E-004
   83.00000     -1.090386731300693E-004
   84.00000     -8.968922778445252E-005
   85.00000     -7.172448814602370E-005
   86.00000     -5.507030609190106E-005
   87.00000     -3.965804378402243E-005
   88.00000     -2.542428118500613E-005
   89.00000     -1.231058092959788E-005
   90.00000     -2.633198807655317E-007
