  0.0000000E+00 -7.254241288998252E-002
   1.000000     -7.156457735836134E-002
   2.000000     -7.141412048014689E-002
   3.000000     -6.929677203596626E-002
   4.000000     -6.749607438074243E-002
   5.000000     -6.624578896025078E-002
   6.000000     -6.272267326599761E-002
   7.000000     -5.924182398414347E-002
   8.000000     -5.896573742751816E-002
   9.000000     -5.513914385900320E-002
   10.00000     -5.135392593018580E-002
   11.00000     -4.768342510516908E-002
   12.00000     -4.478881600206903E-002
   13.00000     -4.417402535592285E-002
   14.00000     -4.085303181106546E-002
   15.00000     -3.773432211222093E-002
   16.00000     -3.482246271245927E-002
   17.00000     -3.211566160529822E-002
   18.00000     -2.960790178343748E-002
   19.00000     -2.729047105048260E-002
   20.00000     -2.515305295222993E-002
   21.00000     -2.318449804176897E-002
   22.00000     -2.145332755312842E-002
   23.00000     -2.137336104270185E-002
   24.00000     -1.970827704800599E-002
   25.00000     -1.817819562757994E-002
   26.00000     -1.677255205154664E-002
   27.00000     -1.548135661183143E-002
   28.00000     -1.429524616468018E-002
   29.00000     -1.320550298250269E-002
   30.00000     -1.220405184583603E-002
   31.00000     -1.128344251759515E-002
   32.00000     -1.043682277039102E-002
   33.00000     -9.657905688357119E-003
   34.00000     -8.940933897876271E-003
   35.00000     -8.280642597021139E-003
   36.00000     -7.672222677999215E-003
   37.00000     -7.111284816218404E-003
   38.00000     -6.593825093609850E-003
   39.00000     -6.116192502789468E-003
   40.00000     -5.675058520400225E-003
   41.00000     -5.267388826110372E-003
   42.00000     -4.890417166026640E-003
   43.00000     -4.541621306614063E-003
   44.00000     -4.218700990831204E-003
   45.00000     -3.919557787054787E-003
   46.00000     -3.642276709752078E-003
   47.00000     -3.385109485988969E-003
   48.00000     -3.146459341696849E-003
   49.00000     -2.924867184654197E-003
   50.00000     -2.718999066269784E-003
   51.00000     -2.527634810681750E-003
   52.00000     -2.349657706835108E-003
   53.00000     -2.184045166658116E-003
   54.00000     -2.029860259940287E-003
   55.00000     -1.886244043825054E-003
   56.00000     -1.752408611839691E-003
   57.00000     -1.627630794014415E-003
   58.00000     -1.511246445846505E-003
   59.00000     -1.402645269623803E-003
   60.00000     -1.301266116933454E-003
   61.00000     -1.206592726055567E-003
   62.00000     -1.118149852395503E-003
   63.00000     -1.035499754165508E-003
   64.00000     -9.582389992120886E-004
   65.00000     -8.859955622263949E-004
   66.00000     -8.184261845981216E-004
   67.00000     -7.552139719055975E-004
   68.00000     -6.960662065009518E-004
   69.00000     -6.407123548741301E-004
   70.00000     -5.889022514848449E-004
   71.00000     -5.404044425591032E-004
   72.00000     -4.950046749758117E-004
   73.00000     -4.525045168368007E-004
   74.00000     -4.127200976370227E-004
   75.00000     -3.754809571463681E-004
   76.00000     -3.406289931928931E-004
   77.00000     -3.080174995140779E-004
   78.00000     -2.775102857281238E-004
   79.00000     -2.489808722844487E-004
   80.00000     -2.223117539907367E-004
   81.00000     -1.973937263956390E-004
   82.00000     -1.741252699419471E-004
   83.00000     -1.524119874080011E-004
   84.00000     -1.321660907396417E-004
   85.00000     -1.133059339596046E-004
   86.00000     -9.575558945048885E-005
   87.00000     -7.944446557472448E-005
   88.00000     -6.430696437153788E-005
   89.00000     -5.028217903326508E-005
   90.00000     -3.731363213593554E-005
   91.00000     -2.534905738756954E-005
   92.00000     -1.434023031842901E-005
   93.00000     -4.242857512254682E-006
