  0.0000000E+00 -7.387292150774530E-002
   1.000000     -7.288527778720569E-002
   2.000000     -7.275722959095043E-002
   3.000000     -7.053001220572744E-002
   4.000000     -6.893591626970627E-002
   5.000000     -6.743416211361476E-002
   6.000000     -6.386865685362891E-002
   7.000000     -6.074159986196016E-002
   8.000000     -6.007159463162767E-002
   9.000000     -5.620692015346961E-002
   10.00000     -5.238557061055368E-002
   11.00000     -4.868074223786298E-002
   12.00000     -4.635229153510804E-002
   13.00000     -4.513870099305926E-002
   14.00000     -4.178664117009870E-002
   15.00000     -3.863834260195216E-002
   16.00000     -3.569827877989729E-002
   17.00000     -3.296457257019159E-002
   18.00000     -3.043112829293627E-002
   19.00000     -2.808916094353337E-002
   20.00000     -2.592828660569513E-002
   21.00000     -2.393729329268959E-002
   22.00000     -2.308462032003001E-002
   23.00000     -2.210467857213291E-002
   24.00000     -2.041902023261807E-002
   25.00000     -1.886922089414596E-002
   26.00000     -1.744466783042700E-002
   27.00000     -1.613532760365272E-002
   28.00000     -1.493179624749275E-002
   29.00000     -1.382531788371133E-002
   30.00000     -1.280778160460274E-002
   31.00000     -1.187170375688022E-002
   32.00000     -1.101020079549279E-002
   33.00000     -1.021695642705731E-002
   34.00000     -9.486185695790673E-003
   35.00000     -8.812597880419895E-003
   36.00000     -8.191359495176451E-003
   37.00000     -7.618058267432753E-003
   38.00000     -7.088668658671925E-003
   39.00000     -6.599519274527592E-003
   40.00000     -6.147262351476057E-003
   41.00000     -5.728845395976687E-003
   42.00000     -5.341484974207663E-003
   43.00000     -4.982642597939249E-003
   44.00000     -4.650002617757365E-003
   45.00000     -4.341452013765923E-003
   46.00000     -4.055061962322211E-003
   47.00000     -3.789071052529936E-003
   48.00000     -3.541870026083175E-003
   49.00000     -3.311987917119234E-003
   50.00000     -3.098079473896926E-003
   51.00000     -2.898913750569301E-003
   52.00000     -2.713363764490521E-003
   53.00000     -2.540397121974564E-003
   54.00000     -2.379067522923959E-003
   55.00000     -2.228507062072926E-003
   56.00000     -2.087919251613360E-003
   57.00000     -1.956572696614322E-003
   58.00000     -1.833795360861155E-003
   59.00000     -1.718969366508638E-003
   60.00000     -1.611526276263437E-003
   61.00000     -1.510942811692306E-003
   62.00000     -1.416736965713343E-003
   63.00000     -1.328464471390370E-003
   64.00000     -1.245715592840629E-003
   65.00000     -1.168112207410664E-003
   66.00000     -1.095305151301212E-003
   67.00000     -1.026971803555781E-003
   68.00000     -9.628138857945719E-004
   69.00000     -9.025554572998169E-004
   70.00000     -8.459410870624241E-004
   71.00000     -7.927341862045414E-004
   72.00000     -7.427154858169196E-004
   73.00000     -6.956816467116975E-004
   74.00000     -6.514439889064823E-004
   75.00000     -6.098273298388252E-004
   76.00000     -5.706689213747544E-004
   77.00000     -5.338174766331197E-004
   78.00000     -4.991322785092673E-004
   79.00000     -4.664823625576706E-004
   80.00000     -4.357457675915252E-004
   81.00000     -4.068088479865606E-004
   82.00000     -3.795656422427441E-004
   83.00000     -3.539172928686146E-004
   84.00000     -3.297715131128722E-004
   85.00000     -3.070420964834796E-004
   86.00000     -2.856484653688498E-004
   87.00000     -2.655152554138453E-004
   88.00000     -2.465719326088694E-004
   89.00000     -2.287524403258061E-004
   90.00000     -2.119948737844756E-004
   91.00000     -1.962411796582376E-004
   92.00000     -1.814368787320122E-004
   93.00000     -1.675308097103297E-004
   94.00000     -1.544748924407621E-004
   95.00000     -1.422239089696215E-004
   96.00000     -1.307353009845986E-004
   97.00000     -1.199689823238538E-004
   98.00000     -1.098871653446093E-004
   99.00000     -1.004542000474374E-004
   100.0000     -9.163642494629152E-005
   101.0000     -8.340202875978119E-005
   102.0000     -7.572092207719811E-005
   103.0000     -6.856461822389664E-005
   104.0000     -6.190612261582605E-005
   105.0000     -5.571982995274221E-005
   106.0000     -4.998142865458555E-005
   107.0000     -4.466781199647705E-005
   108.0000     -3.975699544513246E-005
   109.0000     -3.522803974424480E-005
   110.0000     -3.106097933906466E-005
   111.0000     -2.723675577225682E-005
   112.0000     -2.373715572536000E-005
   113.0000     -2.054475342476189E-005
   114.0000     -1.764285718092658E-005
   115.0000     -1.501545988911796E-005
   116.0000     -1.264719339637978E-005
   117.0000     -1.052328674556903E-005
   118.0000     -8.629528464653768E-006
   119.0000     -6.952233318923842E-006
   120.0000     -5.478214363310526E-006
   121.0000     -4.194761881090142E-006
   122.0000     -3.089632219940677E-006
   123.0000     -2.151052449069801E-006
   124.0000     -1.367753263692177E-006
   125.0000     -7.290588276709979E-007
   126.0000     -2.251098668664482E-007
