  0.0000000E+00 -7.296390355255244E-002
   1.000000     -7.197922964802765E-002
   2.000000     -7.184340852218361E-002
   3.000000     -6.968747357683973E-002
   4.000000     -6.795222849158654E-002
   5.000000     -6.662227589253324E-002
   6.000000     -6.308573037901993E-002
   7.000000     -5.971696199716969E-002
   8.000000     -5.931608552966249E-002
   9.000000     -5.547742420585350E-002
   10.00000     -5.168075947143263E-002
   11.00000     -4.799938338454886E-002
   12.00000     -4.528413782112650E-002
   13.00000     -4.447964267079836E-002
   14.00000     -4.114880693806796E-002
   15.00000     -3.802072323553916E-002
   16.00000     -3.509992843648874E-002
   17.00000     -3.238460356456694E-002
   18.00000     -2.986870668802304E-002
   19.00000     -2.754350254390355E-002
   20.00000     -2.539865330486085E-002
   21.00000     -2.342298970264082E-002
   22.00000     -2.197013394161408E-002
   23.00000     -2.160504899755930E-002
   24.00000     -1.993344624731835E-002
   25.00000     -1.839711800642989E-002
   26.00000     -1.698548372483231E-002
   27.00000     -1.568853983882112E-002
   28.00000     -1.449691027086448E-002
   29.00000     -1.340186520605198E-002
   30.00000     -1.239531811759374E-002
   31.00000     -1.146980818073414E-002
   32.00000     -1.061847324508038E-002
   33.00000     -9.835017086225133E-003
   34.00000     -9.113673590576243E-003
   35.00000     -8.449169742782627E-003
   36.00000     -7.836688709672184E-003
   37.00000     -7.271833893982206E-003
   38.00000     -6.750594525218158E-003
   39.00000     -6.269313133956334E-003
   40.00000     -5.824655097689355E-003
   41.00000     -5.413580334475589E-003
   42.00000     -5.033317142956673E-003
   43.00000     -4.681338134660876E-003
   44.00000     -4.355338170142966E-003
   45.00000     -4.053214189393744E-003
   46.00000     -3.773046815348767E-003
   47.00000     -3.513083604468738E-003
   48.00000     -3.271723818209965E-003
   49.00000     -3.047504592245818E-003
   50.00000     -2.839088385439861E-003
   51.00000     -2.645251597007014E-003
   52.00000     -2.464874247453674E-003
   53.00000     -2.296930626352871E-003
   54.00000     -2.140480817497585E-003
   55.00000     -1.994663019291378E-003
   56.00000     -1.858686585248982E-003
   57.00000     -1.731825716112970E-003
   58.00000     -1.613413741300158E-003
   59.00000     -1.502837933152452E-003
   60.00000     -1.399534802781441E-003
   61.00000     -1.302985831171573E-003
   62.00000     -1.212713593662694E-003
   63.00000     -1.128278239991143E-003
   64.00000     -1.049274295755001E-003
   65.00000     -9.753277545104649E-004
   66.00000     -9.060934327298696E-004
   67.00000     -8.412525625830976E-004
   68.00000     -7.805105999699366E-004
   69.00000     -7.235952274535882E-004
   70.00000     -6.702545337490810E-004
   71.00000     -6.202553532245167E-004
   72.00000     -5.733817504976874E-004
   73.00000     -5.294336366733049E-004
   74.00000     -4.882255050826347E-004
   75.00000     -4.495852755728572E-004
   76.00000     -4.133532374610985E-004
   77.00000     -3.793810822300065E-004
   78.00000     -3.475310179091374E-004
   79.00000     -3.176749578688407E-004
   80.00000     -2.896937774608044E-004
   81.00000     -2.634766325796250E-004
   82.00000     -2.389203348002880E-004
   83.00000     -2.159287782761126E-004
   84.00000     -1.944124140650699E-004
   85.00000     -1.742877679990731E-004
   86.00000     -1.554769986254094E-004
   87.00000     -1.379074921416229E-004
   88.00000     -1.215114916220895E-004
   89.00000     -1.062257582077938E-004
   90.00000     -9.199126231323680E-005
   91.00000     -7.875290331554100E-005
   92.00000     -6.645925665681395E-005
   93.00000     -5.506234785252442E-005
   94.00000     -4.451745361932822E-005
   95.00000     -3.478293131824482E-005
   96.00000     -2.582007932642722E-005
   97.00000     -1.759303310650106E-005
   98.00000     -1.006870519036072E-005
   99.00000     -3.216783096394815E-006
