  0.0000000E+00 -7.368947806655353E-002
   1.000000     -7.270096661808870E-002
   2.000000     -7.257431077428055E-002
   3.000000     -7.035999348464113E-002
   4.000000     -6.873741439596205E-002
   5.000000     -6.727032873446941E-002
   6.000000     -6.371066722812779E-002
   7.000000     -6.053483386086496E-002
   8.000000     -5.991913817673385E-002
   9.000000     -5.605971245578702E-002
   10.00000     -5.224334414804410E-002
   11.00000     -4.854324829497640E-002
   12.00000     -4.613674480131556E-002
   13.00000     -4.500570718230965E-002
   14.00000     -4.165793022135922E-002
   15.00000     -3.851371088416761E-002
   16.00000     -3.557753542799787E-002
   17.00000     -3.284753845463828E-002
   18.00000     -3.031763513011955E-002
   19.00000     -2.797905048728248E-002
   20.00000     -2.582140991005529E-002
   21.00000     -2.383351002678472E-002
   22.00000     -2.285972395178020E-002
   23.00000     -2.200385645138202E-002
   24.00000     -2.032103441607108E-002
   25.00000     -1.877395345333884E-002
   26.00000     -1.735200731058028E-002
   27.00000     -1.604516857794658E-002
   28.00000     -1.484403891661465E-002
   29.00000     -1.373986770746887E-002
   30.00000     -1.272454896238505E-002
   31.00000     -1.179060363434817E-002
   32.00000     -1.093115249517690E-002
   33.00000     -1.013988330078039E-002
   34.00000     -9.411014897039504E-003
   35.00000     -8.739260134973101E-003
   36.00000     -8.119788888460596E-003
   37.00000     -7.548192047222642E-003
   38.00000     -7.020447051882599E-003
   39.00000     -6.532885316961006E-003
   40.00000     -6.082161729490548E-003
   41.00000     -5.665226299140785E-003
   42.00000     -5.279297958083564E-003
   43.00000     -4.921840456217480E-003
   44.00000     -4.590540263032191E-003
   45.00000     -4.283286366301919E-003
   46.00000     -3.998151846218622E-003
   47.00000     -3.733377098738938E-003
   48.00000     -3.487354581783539E-003
   49.00000     -3.258614960987839E-003
   50.00000     -3.045814536857684E-003
   51.00000     -2.847723841632451E-003
   52.00000     -2.663217301326015E-003
   53.00000     -2.491263865890895E-003
   54.00000     -2.330918517948831E-003
   55.00000     -2.181314577855223E-003
   56.00000     -2.041656729886826E-003
   57.00000     -1.911214700982354E-003
   58.00000     -1.789317529679500E-003
   59.00000     -1.675348368658964E-003
   60.00000     -1.568739769625108E-003
   61.00000     -1.468969404133374E-003
   62.00000     -1.375556178434074E-003
   63.00000     -1.288056704464027E-003
   64.00000     -1.206062092806881E-003
   65.00000     -1.129195036786835E-003
   66.00000     -1.057107159885694E-003
   67.00000     -9.894766014065162E-004
   68.00000     -9.260058177736177E-004
   69.00000     -8.664195790823922E-004
   70.00000     -8.104631425162250E-004
   71.00000     -7.579005860517582E-004
   72.00000     -7.085132874978308E-004
   73.00000     -6.620985353751595E-004
   74.00000     -6.184682594582740E-004
   75.00000     -5.774478699849011E-004
   76.00000     -5.388751956019235E-004
   77.00000     -5.025995110751444E-004
   78.00000     -4.684806466518340E-004
   79.00000     -4.363881717409890E-004
   80.00000     -4.062006462746418E-004
   81.00000     -3.778049337427163E-004
   82.00000     -3.510955704605687E-004
   83.00000     -3.259741861392779E-004
   84.00000     -3.023489712891588E-004
   85.00000     -2.801341874023714E-004
   86.00000     -2.592497162355463E-004
   87.00000     -2.396206448517390E-004
   88.00000     -2.211768833870210E-004
   89.00000     -2.038528127835403E-004
   90.00000     -1.875869599813024E-004
   91.00000     -1.723216982874219E-004
   92.00000     -1.580029708474935E-004
   93.00000     -1.445800353301325E-004
   94.00000     -1.320052281058728E-004
   95.00000     -1.202337463563807E-004
   96.00000     -1.092234466916932E-004
   97.00000     -9.893465898353447E-005
   98.00000     -8.933001424308707E-005
   99.00000     -8.037428548394948E-005
   100.0000     -7.203424061708525E-005
   101.0000     -6.427850652626387E-005
   102.0000     -5.707744357271314E-005
   103.0000     -5.040302987928853E-005
   104.0000     -4.422875485205841E-005
   105.0000     -3.852952151696776E-005
   106.0000     -3.328155739072895E-005
   107.0000     -2.846233378264005E-005
   108.0000     -2.405049366148639E-005
   109.0000     -2.002578855792686E-005
   110.0000     -1.636902547572382E-005
   111.0000     -1.306202557665253E-005
   112.0000     -1.008759771320738E-005
   113.0000     -7.429532164203986E-006
   114.0000     -5.072624136479863E-006
   115.0000     -3.002744894903487E-006
   116.0000     -1.206996144319922E-006
