  0.0000000E+00 -0.107234100086444     
   1.000000     -0.105715161493360     
   2.000000     -0.105297125988170     
   3.000000     -0.102221685147685     
   4.000000     -9.980925664000019E-002
   5.000000     -9.772368219538134E-002
   6.000000     -9.253332193016663E-002
   7.000000     -8.782133484086962E-002
   8.000000     -8.700197166909641E-002
   9.000000     -8.137056850484943E-002
   10.00000     -7.580140928689198E-002
   11.00000     -7.040168143546585E-002
   12.00000     -6.677287759817951E-002
   13.00000     -6.523909161831098E-002
   14.00000     -6.035346883378093E-002
   15.00000     -5.576499445651218E-002
   16.00000     -5.148025592158807E-002
   17.00000     -4.749655174864584E-002
   18.00000     -4.380501125313347E-002
   19.00000     -4.039283033339908E-002
   20.00000     -3.724486556947593E-002
   21.00000     -3.434476119392229E-002
   22.00000     -3.274777543778425E-002
   23.00000     -3.167573351748877E-002
   24.00000     -2.922111808944786E-002
   25.00000     -2.696471923355890E-002
   26.00000     -2.489105011730473E-002
   27.00000     -2.298546881030355E-002
   28.00000     -2.123425201429076E-002
   29.00000     -1.962462239105056E-002
   30.00000     -1.814474410438726E-002
   31.00000     -1.678369701671254E-002
   32.00000     -1.553143709606791E-002
   33.00000     -1.437874847067965E-002
   34.00000     -1.331719100872525E-002
   35.00000     -1.233904615450738E-002
   36.00000     -1.143726291128661E-002
   37.00000     -1.060540524638183E-002
   38.00000     -9.837601747104303E-003
   39.00000     -9.128498033149707E-003
   40.00000     -8.473212199914849E-003
   41.00000     -7.867293403809941E-003
   42.00000     -7.306683587136324E-003
   43.00000     -6.787682263199687E-003
   44.00000     -6.306914232139298E-003
   45.00000     -5.861300067121749E-003
   46.00000     -5.448029193617906E-003
   47.00000     -5.064535377409266E-003
   48.00000     -4.708474436764151E-003
   49.00000     -4.377703998692940E-003
   50.00000     -4.070265126719270E-003
   51.00000     -3.784365657026488E-003
   52.00000     -3.518365090309210E-003
   53.00000     -3.270760897582316E-003
   54.00000     -3.040176109154870E-003
   55.00000     -2.825348066677864E-003
   56.00000     -2.625118228435038E-003
   57.00000     -2.438422927748982E-003
   58.00000     -2.264284993453454E-003
   59.00000     -2.101806149809956E-003
   60.00000     -1.950160121017838E-003
   61.00000     -1.808586372597725E-003
   62.00000     -1.676384428443639E-003
   63.00000     -1.552908708272197E-003
   64.00000     -1.437563835587521E-003
   65.00000     -1.329800371163403E-003
   66.00000     -1.229110931463982E-003
   67.00000     -1.135026655414175E-003
   68.00000     -1.047113986534204E-003
   69.00000     -9.649717406982851E-004
   70.00000     -8.882284327034170E-004
   71.00000     -8.165398374683910E-004
   72.00000     -7.495867640540858E-004
   73.00000     -6.870730228308519E-004
   74.00000     -6.287235680401730E-004
   75.00000     -5.742827997269043E-004
   76.00000     -5.235130105775461E-004
   77.00000     -4.761929646032818E-004
   78.00000     -4.321165958745469E-004
   79.00000     -3.910918166587123E-004
   80.00000     -3.529394253495871E-004
   81.00000     -3.174921055199797E-004
   82.00000     -2.845935082883691E-004
   83.00000     -2.540974109815416E-004
   84.00000     -2.258669458085056E-004
   85.00000     -1.997738929524713E-004
   86.00000     -1.756980331529062E-004
   87.00000     -1.535265555101831E-004
   88.00000     -1.331535169296590E-004
   89.00000     -1.144793503699628E-004
   90.00000     -9.741041993646042E-005
   91.00000     -8.185862196262448E-005
   92.00000     -6.774103271878577E-005
   93.00000     -5.497960556928176E-005
   94.00000     -4.350092379796528E-005
   95.00000     -3.323602095532783E-005
   96.00000     -2.412029050841113E-005
   97.00000     -1.609352524833032E-005
   98.00000     -9.100164750944897E-006
   99.00000     -3.089913169795165E-006
