  0.0000000E+00 -0.104920769645280     
   1.000000     -0.103421010033306     
   2.000000     -0.102959631597304     
   3.000000     -0.100076288209929     
   4.000000     -9.730597909989544E-002
   5.000000     -9.565691364545235E-002
   6.000000     -9.054044037909093E-002
   7.000000     -8.521374908483220E-002
   8.000000     -8.507855688194702E-002
   9.000000     -7.951375450519756E-002
   10.00000     -7.400744010609668E-002
   11.00000     -6.866741545306343E-002
   12.00000     -6.405411640892460E-002
   13.00000     -6.356158637598174E-002
   14.00000     -5.873000293905067E-002
   15.00000     -5.419298940367147E-002
   16.00000     -4.995730443573210E-002
   17.00000     -4.602039492823501E-002
   18.00000     -4.237352723124742E-002
   19.00000     -3.900402404720060E-002
   20.00000     -3.589685944630376E-002
   21.00000     -3.303578652040166E-002
   22.00000     -3.040412585378169E-002
   23.00000     -2.991105573298904E-002
   24.00000     -2.798529935031505E-002
   25.00000     -2.576320664509357E-002
   26.00000     -2.372243999629519E-002
   27.00000     -2.184843384589236E-002
   28.00000     -2.012753617587691E-002
   29.00000     -1.854703630092214E-002
   30.00000     -1.709516078166089E-002
   31.00000     -1.576104795536323E-002
   32.00000     -1.453470864708848E-002
   33.00000     -1.340697850196283E-002
   34.00000     -1.236946581900793E-002
   35.00000     -1.141449762006370E-002
   36.00000     -1.053506584613324E-002
   37.00000     -9.724774958595396E-003
   38.00000     -8.977791775492069E-003
   39.00000     -8.288798049980495E-003
   40.00000     -7.652946066729204E-003
   41.00000     -7.065817368504348E-003
   42.00000     -6.523384611572891E-003
   43.00000     -6.021976471543059E-003
   44.00000     -5.558245470977504E-003
   45.00000     -5.129138569201577E-003
   46.00000     -4.731870337724708E-003
   47.00000     -4.363898537555431E-003
   48.00000     -4.022901914429131E-003
   49.00000     -3.706760032386403E-003
   50.00000     -3.413534973625106E-003
   51.00000     -3.141454741934810E-003
   52.00000     -2.888898217462687E-003
   53.00000     -2.654381521457041E-003
   54.00000     -2.436545660570554E-003
   55.00000     -2.234145330992193E-003
   56.00000     -2.046038714702094E-003
   57.00000     -1.871178575657990E-003
   58.00000     -1.708603342451982E-003
   59.00000     -1.557430133117239E-003
   60.00000     -1.416847609672817E-003
   61.00000     -1.286109817856128E-003
   62.00000     -1.164530543692573E-003
   63.00000     -1.051478190351435E-003
   64.00000     -9.463711259665199E-004
   65.00000     -8.486734580731366E-004
   66.00000     -7.578911948492398E-004
   67.00000     -6.735687574947770E-004
   68.00000     -5.952858118920465E-004
   69.00000     -5.226543912137656E-004
   70.00000     -4.553162844462417E-004
   71.00000     -3.929406689443412E-004
   72.00000     -3.352219682216808E-004
   73.00000     -2.818779193238905E-004
   74.00000     -2.326478375050621E-004
   75.00000     -1.872910697816546E-004
   76.00000     -1.455856336774177E-004
   77.00000     -1.073270437622399E-004
   78.00000     -7.232733757433738E-005
   79.00000     -4.041432627386212E-005
   80.00000     -1.143111784344830E-005
