  0.0000000E+00 -0.106480654659789     
   1.000000     -0.104964707910525     
   2.000000     -0.104539440897310     
   3.000000     -0.101523064720232     
   4.000000     -9.899408971108764E-002
   5.000000     -9.705066343668277E-002
   6.000000     -9.188435918606495E-002
   7.000000     -8.697210188237665E-002
   8.000000     -8.637572721283782E-002
   9.000000     -8.076591449244677E-002
   10.00000     -7.521722000686853E-002
   11.00000     -6.983693386011880E-002
   12.00000     -6.588753576933561E-002
   13.00000     -6.469282973776637E-002
   14.00000     -5.982480223575208E-002
   15.00000     -5.525308555591810E-002
   16.00000     -5.098432081411327E-002
   17.00000     -4.701585483930008E-002
   18.00000     -4.333886156856206E-002
   19.00000     -3.994057819051910E-002
   20.00000     -3.680589954083980E-002
   21.00000     -3.391850526260725E-002
   22.00000     -3.182402614549928E-002
   23.00000     -3.126164434017355E-002
   24.00000     -2.881868454067654E-002
   25.00000     -2.657345700096612E-002
   26.00000     -2.451050209178052E-002
   27.00000     -2.261520273573166E-002
   28.00000     -2.087385884000251E-002
   29.00000     -1.927371476500262E-002
   30.00000     -1.780295498645559E-002
   31.00000     -1.645067840055553E-002
   32.00000     -1.520685882987069E-002
   33.00000     -1.406229716818403E-002
   34.00000     -1.300856904283111E-002
   35.00000     -1.203797072648950E-002
   36.00000     -1.114346518934723E-002
   37.00000     -1.031862956785447E-002
   38.00000     -9.557604879157381E-003
   39.00000     -8.855048487314976E-003
   40.00000     -8.206089596191310E-003
   41.00000     -7.606287880474441E-003
   42.00000     -7.051595252735488E-003
   43.00000     -6.538320687505149E-003
   44.00000     -6.063097973123368E-003
   45.00000     -5.622856231261983E-003
   46.00000     -5.214793027062806E-003
   47.00000     -4.836349885740800E-003
   48.00000     -4.485190031277928E-003
   49.00000     -4.159178167283631E-003
   50.00000     -3.856362127612429E-003
   51.00000     -3.574956233737299E-003
   52.00000     -3.313326206336902E-003
   53.00000     -3.069975489468154E-003
   54.00000     -2.843532856640929E-003
   55.00000     -2.632741178807110E-003
   56.00000     -2.436447244529765E-003
   57.00000     -2.253592532296400E-003
   58.00000     -2.083204844015309E-003
   59.00000     -1.924390717157784E-003
   60.00000     -1.776328540778760E-003
   61.00000     -1.638262307777902E-003
   62.00000     -1.509495942278492E-003
   63.00000     -1.389388146936632E-003
   64.00000     -1.277347720384903E-003
   65.00000     -1.172829299902369E-003
   66.00000     -1.075329488827177E-003
   67.00000     -9.843833322264110E-004
   68.00000     -8.995611079496970E-004
   69.00000     -8.204654034529938E-004
   70.00000     -7.467284517207414E-004
   71.00000     -6.780097022710717E-004
   72.00000     -6.139936056281299E-004
   73.00000     -5.543875918173483E-004
   74.00000     -4.989202254094312E-004
   75.00000     -4.473395214327802E-004
   76.00000     -3.994114081181151E-004
   77.00000     -3.549183239585341E-004
   78.00000     -3.136579379918169E-004
   79.00000     -2.754419835724594E-004
   80.00000     -2.400951972380330E-004
   81.00000     -2.074543556407691E-004
   82.00000     -1.773674049863832E-004
   83.00000     -1.496926791073303E-004
   84.00000     -1.242982043720869E-004
   85.00000     -1.010610923798018E-004
   86.00000     -7.986702529875877E-005
   87.00000     -6.060984464789797E-005
   88.00000     -4.319126392453435E-005
   89.00000     -2.752074196800877E-005
   90.00000     -1.351558408127322E-005
   91.00000     -1.101397011861266E-006
