  0.0000000E+00 -0.107190132993471     
   1.000000     -0.105671275575268     
   2.000000     -0.105253014889171     
   3.000000     -0.102180920764285     
   4.000000     -9.976169165221764E-002
   5.000000     -9.768441159821412E-002
   6.000000     -9.249545490153765E-002
   7.000000     -8.777178158932890E-002
   8.000000     -8.696543068014875E-002
   9.000000     -8.133528688519637E-002
   10.00000     -7.576732178398354E-002
   11.00000     -7.036872835554110E-002
   12.00000     -6.672121783545967E-002
   13.00000     -6.520721719874811E-002
   14.00000     -6.032262108181573E-002
   15.00000     -5.573512451673790E-002
   16.00000     -5.145131805314264E-002
   17.00000     -4.746850302936118E-002
   18.00000     -4.377781136445597E-002
   19.00000     -4.036644136600595E-002
   20.00000     -3.721925184613832E-002
   21.00000     -3.431988910157727E-002
   22.00000     -3.269387528069406E-002
   23.00000     -3.165157137371145E-002
   24.00000     -2.919763603220413E-002
   25.00000     -2.694188901974736E-002
   26.00000     -2.486884507406309E-002
   27.00000     -2.296386371466859E-002
   28.00000     -2.121322299718793E-002
   29.00000     -1.960414684936455E-002
   30.00000     -1.812480062002766E-002
   31.00000     -1.676426528200990E-002
   32.00000     -1.551249784493571E-002
   33.00000     -1.436028341504058E-002
   34.00000     -1.329918277975268E-002
   35.00000     -1.232147824827351E-002
   36.00000     -1.142011963845279E-002
   37.00000     -1.058867168559749E-002
   38.00000     -9.821263701814237E-003
   39.00000     -9.112541991536058E-003
   40.00000     -8.457625297725884E-003
   41.00000     -7.852063389848672E-003
   42.00000     -7.291798791203384E-003
   43.00000     -6.773131566302054E-003
   44.00000     -6.292687038792046E-003
   45.00000     -5.847386279585734E-003
   46.00000     -5.434419187928656E-003
   47.00000     -5.051219981064116E-003
   48.00000     -4.695444907945538E-003
   49.00000     -4.364952006915553E-003
   50.00000     -4.057782734797620E-003
   51.00000     -3.772145304267267E-003
   52.00000     -3.506399576840403E-003
   53.00000     -3.259043369737901E-003
   54.00000     -3.028700045839829E-003
   55.00000     -2.814107266644548E-003
   56.00000     -2.614106798406776E-003
   57.00000     -2.427635271332486E-003
   58.00000     -2.253715800785786E-003
   59.00000     -2.091450387890880E-003
   60.00000     -1.940013024682321E-003
   61.00000     -1.798643436087833E-003
   62.00000     -1.666641397543008E-003
   63.00000     -1.543361572970475E-003
   64.00000     -1.428208823245692E-003
   65.00000     -1.320633940155665E-003
   66.00000     -1.220129765274947E-003
   67.00000     -1.126227657175225E-003
   68.00000     -1.038494273986392E-003
   69.00000     -9.565286415740494E-004
   70.00000     -8.799594805242229E-004
   71.00000     -8.084427677604751E-004
   72.00000     -7.416595109902990E-004
   73.00000     -6.793137163133084E-004
   74.00000     -6.211305312452406E-004
   75.00000     -5.668545471433969E-004
   76.00000     -5.162482465782641E-004
   77.00000     -4.690905826028358E-004
   78.00000     -4.251756781407722E-004
   79.00000     -3.843116348632025E-004
   80.00000     -3.463194419658295E-004
   81.00000     -3.110319762064189E-004
   82.00000     -2.782930854311454E-004
   83.00000     -2.479567486203966E-004
   84.00000     -2.198863062338057E-004
   85.00000     -1.939537553482284E-004
   86.00000     -1.700391047787232E-004
   87.00000     -1.480297860794736E-004
   88.00000     -1.278201170727417E-004
   89.00000     -1.093108154044882E-004
   90.00000     -9.240856065803110E-005
   91.00000     -7.702560490867381E-005
   92.00000     -6.307943350611752E-005
   93.00000     -5.049248074304928E-005
   94.00000     -3.919190968297013E-005
   95.00000     -2.910947330236991E-005
   96.00000     -2.018148843169296E-005
   97.00000     -1.234898188992987E-005
   98.00000     -5.558127191535365E-006
