  0.0000000E+00 -0.106257491998249     
   1.000000     -0.104743068675268     
   2.000000     -0.104314315522022     
   3.000000     -0.101316116746973     
   4.000000     -9.875261901105127E-002
   5.000000     -9.685129977020791E-002
   6.000000     -9.169212219899280E-002
   7.000000     -8.672054511685404E-002
   8.000000     -8.619021533483916E-002
   9.000000     -8.058680278770269E-002
   10.00000     -7.504417041881510E-002
   11.00000     -6.966964334466334E-002
   12.00000     -6.562527846018908E-002
   13.00000     -6.453101491275137E-002
   14.00000     -5.966819969712837E-002
   15.00000     -5.510144702026334E-002
   16.00000     -5.083741407159825E-002
   17.00000     -4.687346199156042E-002
   18.00000     -4.320077793556995E-002
   19.00000     -3.980661132375202E-002
   20.00000     -3.667586832473115E-002
   21.00000     -3.379223908108531E-002
   22.00000     -3.155039156314193E-002
   23.00000     -3.113898191123925E-002
   24.00000     -2.869947509517612E-002
   25.00000     -2.645755677108291E-002
   26.00000     -2.439777567505632E-002
   27.00000     -2.250552209395585E-002
   28.00000     -2.076710281002108E-002
   29.00000     -1.916976861239273E-002
   30.00000     -1.770170999489264E-002
   31.00000     -1.635203149337764E-002
   32.00000     -1.511071222096062E-002
   33.00000     -1.396855803962225E-002
   34.00000     -1.291714924703605E-002
   35.00000     -1.194878651078772E-002
   36.00000     -1.105643694111566E-002
   37.00000     -1.023368157855335E-002
   38.00000     -9.474665125732249E-003
   39.00000     -8.774048429585278E-003
   40.00000     -8.126963988970582E-003
   41.00000     -7.528974599280465E-003
   42.00000     -6.976035132049684E-003
   43.00000     -6.464457370631964E-003
   44.00000     -5.990877772783431E-003
   45.00000     -5.552228000125581E-003
   46.00000     -5.145708037498592E-003
   47.00000     -4.768761718114325E-003
   48.00000     -4.419054470190410E-003
   49.00000     -4.094453105191014E-003
   50.00000     -3.793007475311267E-003
   51.00000     -3.512933837245851E-003
   52.00000     -3.252599769739076E-003
   53.00000     -3.010510503324126E-003
   54.00000     -2.785296531602565E-003
   55.00000     -2.575702384108155E-003
   56.00000     -2.380576451052050E-003
   57.00000     -2.198861759942870E-003
   58.00000     -2.029587613149752E-003
   59.00000     -1.871862003900649E-003
   60.00000     -1.724864735977218E-003
   61.00000     -1.587841179498722E-003
   62.00000     -1.460096601703341E-003
   63.00000     -1.340991017572785E-003
   64.00000     -1.229934510539955E-003
   65.00000     -1.126382978411020E-003
   66.00000     -1.029834264061669E-003
   67.00000     -9.398246344723715E-004
   68.00000     -8.559255752865156E-004
   69.00000     -7.777408713449076E-004
   70.00000     -7.049039466058945E-004
   71.00000     -6.370754395326881E-004
   72.00000     -5.739409924517330E-004
   73.00000     -5.152092355872733E-004
   74.00000     -4.606099484864741E-004
   75.00000     -4.098923833975043E-004
   76.00000     -3.628237368797189E-004
   77.00000     -3.191877575465228E-004
   78.00000     -2.787834794079577E-004
   79.00000     -2.414240718444324E-004
   80.00000     -2.069357988768354E-004
   81.00000     -1.751570822039725E-004
   82.00000     -1.459376646147673E-004
   83.00000     -1.191378731004572E-004
   84.00000     -9.462798471492158E-005
   85.00000     -7.228770369358725E-005
   86.00000     -5.200576688914479E-005
   87.00000     -3.367970879471938E-005
   88.00000     -1.721584254257166E-005
   89.00000     -2.529560678344545E-006
