  0.0000000E+00 -0.103259266468107     
   1.000000     -0.101788520835133     
   2.000000     -0.101263415711171     
   3.000000     -9.853466134943890E-002
   4.000000     -9.550725028427294E-002
   5.000000     -9.417179955012756E-002
   6.000000     -8.910845273946026E-002
   7.000000     -8.369740015850093E-002
   8.000000     -8.333915323588441E-002
   9.000000     -7.817954053015876E-002
   10.00000     -7.271838382947790E-002
   11.00000     -6.742125932694013E-002
   12.00000     -6.235627081451105E-002
   13.00000     -6.210049567125151E-002
   14.00000     -5.756346243948349E-002
   15.00000     -5.306342635052709E-002
   16.00000     -4.886298905787373E-002
   17.00000     -4.495970411974183E-002
   18.00000     -4.134493636678543E-002
   19.00000     -3.800609962937175E-002
   20.00000     -3.492825241895690E-002
   21.00000     -3.209522615305863E-002
   22.00000     -2.949041327341304E-002
   23.00000     -2.787273377893906E-002
   24.00000     -2.709730596169987E-002
   25.00000     -2.489986514823925E-002
   26.00000     -2.288274158162978E-002
   27.00000     -2.103142494223766E-002
   28.00000     -1.933231447430141E-002
   29.00000     -1.777274742418185E-002
   30.00000     -1.634099523012467E-002
   31.00000     -1.502623829485689E-002
   32.00000     -1.381852691633996E-002
   33.00000     -1.270873382060735E-002
   34.00000     -1.168850217921126E-002
   35.00000     -1.075019184655250E-002
   36.00000     -9.886825710926837E-003
   37.00000     -9.092037438069960E-003
   38.00000     -8.360021438599038E-003
   39.00000     -7.685485567508771E-003
   40.00000     -7.063606832457322E-003
   41.00000     -6.489990223950057E-003
   42.00000     -5.960630666825503E-003
   43.00000     -5.471878015366026E-003
   44.00000     -5.020404964007809E-003
   45.00000     -4.603177714655273E-003
   46.00000     -4.217429224552587E-003
   47.00000     -3.860634851486400E-003
   48.00000     -3.530490212801001E-003
   49.00000     -3.224891079097508E-003
   50.00000     -2.941915130957095E-003
   51.00000     -2.679805416400830E-003
   52.00000     -2.436955357236600E-003
   53.00000     -2.211895163346352E-003
   54.00000     -2.003279524917567E-003
   55.00000     -1.809876463338133E-003
   56.00000     -1.630557231766990E-003
   57.00000     -1.464287166151733E-003
   58.00000     -1.310117342829467E-003
   59.00000     -1.167177337777694E-003
   60.00000     -1.034667884171866E-003
   61.00000     -9.118552449486079E-004
   62.00000     -7.980653580253778E-004
   63.00000     -6.926788308547900E-004
   64.00000     -5.951263605844793E-004
   65.00000     -5.048845921133448E-004
   66.00000     -4.214723779979846E-004
   67.00000     -3.444474096220183E-004
   68.00000     -2.734031947420648E-004
   69.00000     -2.079663628344404E-004
   70.00000     -1.477942871584670E-004
   71.00000     -9.257302206689785E-005
   72.00000     -4.201556744308140E-005
