  0.0000000E+00 -0.107065477679054     
   1.000000     -0.105546914066908     
   2.000000     -0.105127880896455     
   3.000000     -0.102065343462380     
   4.000000     -9.962683300416326E-002
   5.000000     -9.757306960049639E-002
   6.000000     -9.238809243638545E-002
   7.000000     -8.763128599978924E-002
   8.000000     -8.686182764657624E-002
   9.000000     -8.123525470499984E-002
   10.00000     -7.567067522377857E-002
   11.00000     -7.027529816870749E-002
   12.00000     -6.657474878218445E-002
   13.00000     -6.511684527254591E-002
   14.00000     -6.023516002447908E-002
   15.00000     -5.565043580124053E-002
   16.00000     -5.136927199273054E-002
   17.00000     -4.738897792908255E-002
   18.00000     -4.370069291129787E-002
   19.00000     -4.029162207776362E-002
   20.00000     -3.714663056924187E-002
   21.00000     -3.424937053658811E-002
   22.00000     -3.254105274235036E-002
   23.00000     -3.158306568264072E-002
   24.00000     -2.913105856478430E-002
   25.00000     -2.687715969344988E-002
   26.00000     -2.480588826503037E-002
   27.00000     -2.290260791003815E-002
   28.00000     -2.115360052280836E-002
   29.00000     -1.954609362049923E-002
   30.00000     -1.806825591189897E-002
   31.00000     -1.670917151829439E-002
   32.00000     -1.545880040261031E-002
   33.00000     -1.430793044415714E-002
   34.00000     -1.324812503686455E-002
   35.00000     -1.227166894236274E-002
   36.00000     -1.137151428831773E-002
   37.00000     -1.054122798776054E-002
   38.00000     -9.774941408095221E-003
   39.00000     -9.067302795518298E-003
   40.00000     -8.413432729409491E-003
   41.00000     -7.808882717851068E-003
   42.00000     -7.249596931922361E-003
   43.00000     -6.731876999507244E-003
   44.00000     -6.252349729157556E-003
   45.00000     -5.807937603716595E-003
   46.00000     -5.395831866471920E-003
   47.00000     -5.013468015527990E-003
   48.00000     -4.658503521881246E-003
   49.00000     -4.328797591143643E-003
   50.00000     -4.022392796385749E-003
   51.00000     -3.737498418989405E-003
   52.00000     -3.472475344868262E-003
   53.00000     -3.225822374334845E-003
   54.00000     -2.996163814845478E-003
   55.00000     -2.782238236554337E-003
   56.00000     -2.582888280866964E-003
   57.00000     -2.397051421884849E-003
   58.00000     -2.223751589710803E-003
   59.00000     -2.062091573010433E-003
   60.00000     -1.911246125996419E-003
   61.00000     -1.770455712131707E-003
   62.00000     -1.639020823362564E-003
   63.00000     -1.516296819626764E-003
   64.00000     -1.401689238770094E-003
   65.00000     -1.294649531889873E-003
   66.00000     -1.194671183542005E-003
   67.00000     -1.101286180240527E-003
   68.00000     -1.014061794280791E-003
   69.00000     -9.325976531656265E-004
   70.00000     -8.565230678405946E-004
   71.00000     -7.854945955802403E-004
   72.00000     -7.191938157417498E-004
   73.00000     -6.573252987393830E-004
   74.00000     -5.996147505194294E-004
   75.00000     -5.458073165501725E-004
   76.00000     -4.956660309071455E-004
   77.00000     -4.489703974477219E-004
   78.00000     -4.055150913489309E-004
   79.00000     -3.651087704441753E-004
   80.00000     -3.275729868540616E-004
   81.00000     -2.927411903787600E-004
   82.00000     -2.604578160206785E-004
   83.00000     -2.305774488529197E-004
   84.00000     -2.029640602622100E-004
   85.00000     -1.774903103981775E-004
   86.00000     -1.540369124885043E-004
   87.00000     -1.324920555778709E-004
   88.00000     -1.127508832900973E-004
   89.00000     -9.471502751010344E-005
   90.00000     -7.829219762314009E-005
   91.00000     -6.339582845682858E-005
   92.00000     -4.994479393193405E-005
   93.00000     -3.786319974649085E-005
   94.00000     -2.708027940592858E-005
   95.00000     -1.753043827301437E-005
   96.00000     -9.153530857679289E-006
   97.00000     -1.895544642925737E-006
