  0.0000000E+00 -0.107144649479607     
   1.000000     -0.105625889137723     
   2.000000     -0.105207369534269     
   3.000000     -0.102138750688816     
   4.000000     -9.971248648031095E-002
   5.000000     -9.764378682813285E-002
   6.000000     -9.245628211165743E-002
   7.000000     -8.772051964615324E-002
   8.000000     -8.692762961393975E-002
   9.000000     -8.129878865760731E-002
   10.00000     -7.573205884989417E-002
   11.00000     -7.033463896279880E-002
   12.00000     -6.666777593524086E-002
   13.00000     -6.517424365963691E-002
   14.00000     -6.029070961462851E-002
   15.00000     -5.570422457955065E-002
   16.00000     -5.142138232781879E-002
   17.00000     -4.743948711367391E-002
   18.00000     -4.374967354958181E-002
   19.00000     -4.033914243543542E-002
   20.00000     -3.719275489244420E-002
   21.00000     -3.429415935301722E-002
   22.00000     -3.263811570496696E-002
   23.00000     -3.162657605339370E-002
   24.00000     -2.917334425134178E-002
   25.00000     -2.691827156019023E-002
   26.00000     -2.484587434326288E-002
   27.00000     -2.294151362000525E-002
   28.00000     -2.119146884663508E-002
   29.00000     -1.958296526052920E-002
   30.00000     -1.810416943642748E-002
   31.00000     -1.674416349589974E-002
   32.00000     -1.549290552609971E-002
   33.00000     -1.434118164503042E-002
   34.00000     -1.328055359110701E-002
   35.00000     -1.230330456829750E-002
   36.00000     -1.140238523717874E-002
   37.00000     -1.057136112758364E-002
   38.00000     -9.804362301469187E-003
   39.00000     -9.096035771687504E-003
   40.00000     -8.441500951175757E-003
   41.00000     -7.836308243681235E-003
   42.00000     -7.276400773632882E-003
   43.00000     -6.758079175865035E-003
   44.00000     -6.277969315706487E-003
   45.00000     -5.832992779113685E-003
   46.00000     -5.420339955593000E-003
   47.00000     -5.037445529581918E-003
   48.00000     -4.681966195752167E-003
   49.00000     -4.351760418163023E-003
   50.00000     -4.044870060720393E-003
   51.00000     -3.759503725816777E-003
   52.00000     -3.494021648497349E-003
   53.00000     -3.246922004418284E-003
   54.00000     -3.016828500817376E-003
   55.00000     -2.802479130417876E-003
   56.00000     -2.602715978445727E-003
   57.00000     -2.416475982642829E-003
   58.00000     -2.242782555236980E-003
   59.00000     -2.080737984255775E-003
   60.00000     -1.929516539342875E-003
   61.00000     -1.788358214364824E-003
   62.00000     -1.656563045612118E-003
   63.00000     -1.533485950331608E-003
   64.00000     -1.418532035716386E-003
   65.00000     -1.311152333363682E-003
   66.00000     -1.210839918629652E-003
   67.00000     -1.117126378301623E-003
   68.00000     -1.029578593610448E-003
   69.00000     -9.477958088527460E-004
   70.00000     -8.714069588194418E-004
   71.00000     -8.000682308609767E-004
   72.00000     -7.334608397933638E-004
   73.00000     -6.712889959839690E-004
   74.00000     -6.132780488802933E-004
   75.00000     -5.591727899765080E-004
   76.00000     -5.087359007745997E-004
   77.00000     -4.617465327053764E-004
   78.00000     -4.179990072479075E-004
   79.00000     -3.773016256385361E-004
   80.00000     -3.394755786081675E-004
   81.00000     -3.043539475424632E-004
   82.00000     -2.717807893380964E-004
   83.00000     -2.416102980446235E-004
   84.00000     -2.137060371502076E-004
   85.00000     -1.879402371107782E-004
   86.00000     -1.641931534589909E-004
   87.00000     -1.423524815936140E-004
   88.00000     -1.223128251883397E-004
   89.00000     -1.039752161414616E-004
   90.00000     -8.724668522730002E-005
   91.00000     -7.203988429413025E-005
   92.00000     -5.827276330975569E-005
   93.00000     -4.586830938056078E-005
   94.00000     -3.475436120323839E-005
   95.00000     -2.486352355494145E-005
   96.00000     -1.613322735828115E-005
   97.00000     -8.506023192143064E-006
   98.00000     -1.930289872511308E-006
