  0.0000000E+00 -0.100249474461687     
   1.000000     -9.884963969665930E-002
   2.000000     -9.816777214755670E-002
   3.000000     -9.574037515101479E-002
   4.000000     -9.224723998659269E-002
   5.000000     -9.147989913404658E-002
   6.000000     -8.651302236632739E-002
   7.000000     -8.119282568888399E-002
   8.000000     -7.994279369386202E-002
   9.000000     -7.576132676953110E-002
   10.00000     -7.038201808333339E-002
   11.00000     -6.516264929140751E-002
   12.00000     -6.017157143410693E-002
   13.00000     -5.855974228084974E-002
   14.00000     -5.544915328612487E-002
   15.00000     -5.101613812978544E-002
   16.00000     -4.687958646214973E-002
   17.00000     -4.303724538919126E-002
   18.00000     -3.948065827015238E-002
   19.00000     -3.619740412995048E-002
   20.00000     -3.317269456001934E-002
   21.00000     -3.039050300680267E-002
   22.00000     -2.783435373972038E-002
   23.00000     -2.548786365932433E-002
   24.00000     -2.417834891629994E-002
   25.00000     -2.333510276597163E-002
   26.00000     -2.136083402659696E-002
   27.00000     -1.955064402430705E-002
   28.00000     -1.789102527845213E-002
   29.00000     -1.636940201534476E-002
   30.00000     -1.497412711846440E-002
   31.00000     -1.369445735307563E-002
   32.00000     -1.252051469902198E-002
   33.00000     -1.144323925013364E-002
   34.00000     -1.045433756762957E-002
   35.00000     -9.546229226149948E-003
   36.00000     -8.711993449077898E-003
   37.00000     -7.945317114419710E-003
   38.00000     -7.240444964865827E-003
   39.00000     -6.592132532193516E-003
   40.00000     -5.995602054559397E-003
   41.00000     -5.446501501442688E-003
   42.00000     -4.940866707155552E-003
   43.00000     -4.475086536642323E-003
   44.00000     -4.045870956847144E-003
   45.00000     -3.650221855887931E-003
   46.00000     -3.285406435173932E-003
   47.00000     -2.948932992400074E-003
   48.00000     -2.638528913059859E-003
   49.00000     -2.352120692542213E-003
   50.00000     -2.087815818415319E-003
   51.00000     -1.843886351988595E-003
   52.00000     -1.618754058854218E-003
   53.00000     -1.410976949258366E-003
   54.00000     -1.219237100448187E-003
   55.00000     -1.042329644329881E-003
   56.00000     -8.791528147220661E-004
   57.00000     -7.286989591522939E-004
   58.00000     -5.900464305684497E-004
   59.00000     -4.623522846570141E-004
   60.00000     -3.448457189301024E-004
   61.00000     -2.368222007735539E-004
   62.00000     -1.376382439117133E-004
   63.00000     -4.670680733864247E-005
