  0.0000000E+00 -0.107219612797452     
   1.000000     -0.105700699655599     
   2.000000     -0.105282592681746     
   3.000000     -0.102208253207736     
   4.000000     -9.979358388669113E-002
   5.000000     -9.771074245988733E-002
   6.000000     -9.252084467186318E-002
   7.000000     -8.780500694535627E-002
   8.000000     -8.698993134764557E-002
   9.000000     -8.135894314362233E-002
   10.00000     -7.579017738938656E-002
   11.00000     -7.039082333247224E-002
   12.00000     -6.675585484013012E-002
   13.00000     -6.522858893616920E-002
   14.00000     -6.034330444037516E-002
   15.00000     -5.575515225408106E-002
   16.00000     -5.147072083843007E-002
   17.00000     -4.748730964182318E-002
   18.00000     -4.379604883760242E-002
   19.00000     -4.038413511796207E-002
   20.00000     -3.723642579841225E-002
   21.00000     -3.433656579162107E-002
   22.00000     -3.273001574692227E-002
   23.00000     -3.166777204473303E-002
   24.00000     -2.921338070633962E-002
   25.00000     -2.695719663405655E-002
   26.00000     -2.488373351264179E-002
   27.00000     -2.297834988945493E-002
   28.00000     -2.122732291233791E-002
   29.00000     -1.961787566020919E-002
   30.00000     -1.813817268733842E-002
   31.00000     -1.677729422202038E-002
   32.00000     -1.552519657549722E-002
   33.00000     -1.437266419824733E-002
   34.00000     -1.331125726133927E-002
   35.00000     -1.233325749405694E-002
   36.00000     -1.143161416806444E-002
   37.00000     -1.059989150372845E-002
   38.00000     -9.832218327175126E-003
   39.00000     -9.123240483715116E-003
   40.00000     -8.468076282111270E-003
   41.00000     -7.862275080767395E-003
   42.00000     -7.301779013414337E-003
   43.00000     -6.782887774969958E-003
   44.00000     -6.302226338057808E-003
   45.00000     -5.856715439838484E-003
   46.00000     -5.443544661876977E-003
   47.00000     -5.060147918695006E-003
   48.00000     -4.704181170453493E-003
   49.00000     -4.373502179676575E-003
   50.00000     -4.066152139457851E-003
   51.00000     -3.780339010010278E-003
   52.00000     -3.514422410891973E-003
   53.00000     -3.266899927162882E-003
   54.00000     -3.036394698681588E-003
   55.00000     -2.821644172452993E-003
   56.00000     -2.621489908198112E-003
   57.00000     -2.434868337019815E-003
   58.00000     -2.260802382116911E-003
   59.00000     -2.098393858926120E-003
   60.00000     -1.946816579842850E-003
   61.00000     -1.805310095801708E-003
   62.00000     -1.673174013513442E-003
   63.00000     -1.549762833088346E-003
   64.00000     -1.434481256165535E-003
   65.00000     -1.326779919551601E-003
   66.00000     -1.226151513790357E-003
   67.00000     -1.132127250077246E-003
   68.00000     -1.044273642533360E-003
   69.00000     -9.621895761009287E-004
   70.00000     -8.855036332477808E-004
   71.00000     -8.138716553024981E-004
   72.00000     -7.469745166132120E-004
   73.00000     -6.845160918581023E-004
   74.00000     -6.262213987565209E-004
   75.00000     -5.718349001607941E-004
   76.00000     -5.211189510662692E-004
   77.00000     -4.738523774830543E-004
   78.00000     -4.298291753802547E-004
   79.00000     -3.888573190604965E-004
   80.00000     -3.507576693602396E-004
   81.00000     -3.153629730164950E-004
   82.00000     -2.825169454025416E-004
   83.00000     -2.520734296298311E-004
   84.00000     -2.238956257514793E-004
   85.00000     -1.978553845011201E-004
   86.00000     -1.738325606758888E-004
   87.00000     -1.517144219468721E-004
   88.00000     -1.313951095851463E-004
   89.00000     -1.127751483709974E-004
   90.00000     -9.576100387726683E-005
   91.00000     -8.026468649538992E-005
   92.00000     -6.620340319145787E-005
   93.00000     -5.349926036739043E-005
   94.00000     -4.207902496113595E-005
   95.00000     -3.187395721330507E-005
   96.00000     -2.281973973286788E-005
   97.00000     -1.485654881253067E-005
   98.00000     -7.929357731834472E-006
   99.00000     -1.988660649433043E-006
