  0.0000000E+00 -0.106802702147755     
   1.000000     -0.105285063985619     
   2.000000     -0.104863757607965     
   3.000000     -0.101821693404241     
   4.000000     -9.934253611231404E-002
   5.000000     -9.733834826054884E-002
   6.000000     -9.216176071152506E-002
   7.000000     -8.733510737324732E-002
   8.000000     -8.664341993720280E-002
   9.000000     -8.102437604573642E-002
   10.00000     -7.546693382544693E-002
   11.00000     -7.007833724117545E-002
   12.00000     -6.626597862022535E-002
   13.00000     -6.492633143319401E-002
   14.00000     -6.005078266944994E-002
   15.00000     -5.547190284623299E-002
   16.00000     -5.119631004394232E-002
   17.00000     -4.722133044081205E-002
   18.00000     -4.353811889997075E-002
   19.00000     -4.013389496008841E-002
   20.00000     -3.699353710378715E-002
   21.00000     -3.410070983001383E-002
   22.00000     -3.221888634813563E-002
   23.00000     -3.143864828641268E-002
   24.00000     -2.899070612847576E-002
   25.00000     -2.674070335140303E-002
   26.00000     -2.467316859563088E-002
   27.00000     -2.277347415896737E-002
   28.00000     -2.102791002865801E-002
   29.00000     -1.942371128924800E-002
   30.00000     -1.794905373326029E-002
   31.00000     -1.659302811992163E-002
   32.00000     -1.534560063878261E-002
   33.00000     -1.419756501594884E-002
   34.00000     -1.314049014110625E-002
   35.00000     -1.216666594696876E-002
   36.00000     -1.126904943178884E-002
   37.00000     -1.044121210087842E-002
   38.00000     -9.677289656012658E-003
   39.00000     -8.971934438612625E-003
   40.00000     -8.320270901417758E-003
   41.00000     -7.717854219936458E-003
   42.00000     -7.160632041441344E-003
   43.00000     -6.644909292354863E-003
   44.00000     -6.167315914663508E-003
   45.00000     -5.724777371152286E-003
   46.00000     -5.314487742306894E-003
   47.00000     -4.933885230645235E-003
   48.00000     -4.580629888024931E-003
   49.00000     -4.252583385931062E-003
   50.00000     -3.947790656268584E-003
   51.00000     -3.664463239598195E-003
   52.00000     -3.400964188218086E-003
   53.00000     -3.155794382411808E-003
   54.00000     -2.927580129131362E-003
   55.00000     -2.715061923082377E-003
   56.00000     -2.517084260435285E-003
   57.00000     -2.332586405085263E-003
   58.00000     -2.160594016460787E-003
   59.00000     -2.000211556305406E-003
   60.00000     -1.850615399627133E-003
   61.00000     -1.711047582139192E-003
   62.00000     -1.580810123030968E-003
   63.00000     -1.459259867841291E-003
   64.00000     -1.345803801596183E-003
   65.00000     -1.239894787258001E-003
   66.00000     -1.141027688953621E-003
   67.00000     -1.048735843442299E-003
   68.00000     -9.625878468899943E-004
   69.00000     -8.821846272674065E-004
   70.00000     -8.071567756205905E-004
   71.00000     -7.371621121052473E-004
   72.00000     -6.718834650563488E-004
   73.00000     -6.110266435129691E-004
   74.00000     -5.543185855559243E-004
   75.00000     -5.015056665678140E-004
   76.00000     -4.523521531121958E-004
   77.00000     -4.066387895713382E-004
   78.00000     -3.641615060000701E-004
   79.00000     -3.247302368674882E-004
   80.00000     -2.881678414883540E-004
   81.00000     -2.543091180165689E-004
   82.00000     -2.229999039120463E-004
   83.00000     -1.940962568349353E-004
   84.00000     -1.674637110172881E-004
   85.00000     -1.429766053841252E-004
   86.00000     -1.205174811525775E-004
   87.00000     -9.997654850917808E-005
   88.00000     -8.125122454774871E-005
   89.00000     -6.424574846962373E-005
   90.00000     -4.887088606417293E-005
   91.00000     -3.504374555289370E-005
   92.00000     -2.268774477784488E-005
   93.00000     -1.173280370785075E-005
   94.00000     -2.115905955025425E-006
