  0.0000000E+00 -0.106912358527260     
   1.000000     -0.105394283962255     
   2.000000     -0.104974031992792     
   3.000000     -0.101923370550121     
   4.000000     -9.946117543685011E-002
   5.000000     -9.743629934365507E-002
   6.000000     -9.225621068821901E-002
   7.000000     -8.745870475950593E-002
   8.000000     -8.673456339539641E-002
   9.000000     -8.111237733390141E-002
   10.00000     -7.555195667840213E-002
   11.00000     -7.016053055020477E-002
   12.00000     -6.639483032567256E-002
   13.00000     -6.500583433274548E-002
   14.00000     -6.012772475649202E-002
   15.00000     -5.554640601957407E-002
   16.00000     -5.126848839293818E-002
   17.00000     -4.729129102388903E-002
   18.00000     -4.360596228132638E-002
   19.00000     -4.019971569453866E-002
   20.00000     -3.705742417842059E-002
   21.00000     -3.416274707794325E-002
   22.00000     -3.235332808409614E-002
   23.00000     -3.149891477734331E-002
   24.00000     -2.904927626944582E-002
   25.00000     -2.679764762011483E-002
   26.00000     -2.472855351968273E-002
   27.00000     -2.282736264887828E-002
   28.00000     -2.108036161763122E-002
   29.00000     -1.947478235247295E-002
   30.00000     -1.799879768973337E-002
   31.00000     -1.664149561846689E-002
   32.00000     -1.539283972968080E-002
   33.00000     -1.424362130942643E-002
   34.00000     -1.318540695380729E-002
   35.00000     -1.221048443742185E-002
   36.00000     -1.131180872578261E-002
   37.00000     -1.048294940757412E-002
   38.00000     -9.718040375542133E-003
   39.00000     -9.011732261843309E-003
   40.00000     -8.359147902502362E-003
   41.00000     -7.755840942210906E-003
   42.00000     -7.197757577183772E-003
   43.00000     -6.681201356874469E-003
   44.00000     -6.202800915147032E-003
   45.00000     -5.759480470660345E-003
   46.00000     -5.348432919279346E-003
   47.00000     -4.967095334244841E-003
   48.00000     -4.613126689622384E-003
   49.00000     -4.284387627009528E-003
   50.00000     -3.978922093004073E-003
   51.00000     -3.694940684351250E-003
   52.00000     -3.430805548154236E-003
   53.00000     -3.185016695450507E-003
   54.00000     -2.956199597407273E-003
   55.00000     -2.743093944088294E-003
   56.00000     -2.544543456001115E-003
   57.00000     -2.359486648335190E-003
   58.00000     -2.186948456877233E-003
   59.00000     -2.026032643016535E-003
   60.00000     -1.875914903022276E-003
   61.00000     -1.735836613905187E-003
   62.00000     -1.605099154690142E-003
   63.00000     -1.483058747859983E-003
   64.00000     -1.369121771120512E-003
   65.00000     -1.262740494520442E-003
   66.00000     -1.163409202380871E-003
   67.00000     -1.070660663479820E-003
   68.00000     -9.840629165433351E-004
   69.00000     -9.032163413422488E-004
   70.00000     -8.277509886242793E-004
   71.00000     -7.573241447490996E-004
   72.00000     -6.916181092723596E-004
   73.00000     -6.303381658666702E-004
   74.00000     -5.732107288996699E-004
   75.00000     -5.199816497328508E-004
   76.00000     -4.704146683810164E-004
   77.00000     -4.242899976000008E-004
   78.00000     -3.814030277693636E-004
   79.00000     -3.415631421235886E-004
   80.00000     -3.045926329792675E-004
   81.00000     -2.703257106250427E-004
   82.00000     -2.386075975079948E-004
   83.00000     -2.092937012889275E-004
   84.00000     -1.822488612846371E-004
   85.00000     -1.573466638109519E-004
   86.00000     -1.344688230540406E-004
   87.00000     -1.135046254314049E-004
   88.00000     -9.435043712277888E-005
   89.00000     -7.690927683446515E-005
   90.00000     -6.109045939846068E-005
   91.00000     -4.680932140227389E-005
   92.00000     -3.398704944273810E-005
   93.00000     -2.255064837466503E-005
   94.00000     -1.243311893879487E-005
   95.00000     -3.573980166801587E-006
