  0.0000000E+00 -1.865880284478411E-002
   1.000000     -1.812990881782252E-002
   2.000000     -1.761053360625965E-002
   3.000000     -1.710060989777725E-002
   4.000000     -1.660006996464763E-002
   5.000000     -1.610884565901588E-002
   6.000000     -1.562686840814672E-002
   7.000000     -1.515406920961388E-002
   8.000000     -1.469037862643926E-002
   9.000000     -1.423572678218781E-002
   10.00000     -1.379004335601405E-002
   11.00000     -1.335325757765866E-002
   12.00000     -1.292529822240301E-002
   13.00000     -1.250609360597958E-002
   14.00000     -1.209557157943198E-002
   15.00000     -1.169365952394204E-002
   16.00000     -1.130028434560934E-002
   17.00000     -1.091537247019334E-002
   18.00000     -1.053884983782125E-002
   19.00000     -1.017064189765500E-002
   20.00000     -9.810673602529031E-003
   21.00000     -9.458869403555231E-003
   22.00000     -9.115153244698970E-003
   23.00000     -8.779448557329641E-003
   24.00000     -8.451678254749399E-003
   25.00000     -8.131764726699584E-003
   26.00000     -7.819629833852008E-003
   27.00000     -7.515194902286453E-003
   28.00000     -7.218380717961305E-003
   29.00000     -6.929107521176678E-003
   30.00000     -6.647295001040953E-003
   31.00000     -6.372862289936282E-003
   32.00000     -6.105727958000368E-003
   33.00000     -5.845810007619835E-003
   34.00000     -5.593025867945943E-003
   35.00000     -5.347292389438934E-003
   36.00000     -5.108525838445742E-003
   37.00000     -4.876641891821222E-003
   38.00000     -4.651555631598134E-003
   39.00000     -4.433181539715556E-003
   40.00000     -4.221433492815010E-003
   41.00000     -4.016224757113209E-003
   42.00000     -3.817467983360305E-003
   43.00000     -3.625075201897528E-003
   44.00000     -3.438957817823181E-003
   45.00000     -3.259026606280968E-003
   46.00000     -3.085191707882648E-003
   47.00000     -2.917362624280818E-003
   48.00000     -2.755448213905162E-003
   49.00000     -2.599356687880681E-003
   50.00000     -2.448995606143686E-003
   51.00000     -2.304271873776320E-003
   52.00000     -2.165091737576917E-003
   53.00000     -2.031360782894034E-003
   54.00000     -1.902983930741685E-003
   55.00000     -1.779865435227331E-003
   56.00000     -1.661908881319039E-003
   57.00000     -1.549017182983805E-003
   58.00000     -1.441092581734281E-003
   59.00000     -1.338036645619239E-003
   60.00000     -1.239750268707877E-003
   61.00000     -1.146133671112340E-003
   62.00000     -1.057086399609404E-003
   63.00000     -9.725073289269366E-004
   64.00000     -8.922946637717483E-004
   65.00000     -8.163459416905605E-004
   66.00000     -7.445580368731238E-004
   67.00000     -6.768271650293742E-004
   68.00000     -6.130488895020846E-004
   69.00000     -5.531181288160978E-004
   70.00000     -4.969291659169735E-004
   71.00000     -4.443756594226583E-004
   72.00000     -3.953506573084569E-004
   73.00000     -3.497466135788910E-004
   74.00000     -3.074554086695960E-004
   75.00000     -2.683683745902837E-004
   76.00000     -2.323763262170147E-004
   77.00000     -1.993696007236529E-004
   78.00000     -1.692381080375580E-004
   79.00000     -1.418713965907081E-004
   80.00000     -1.171587408714009E-004
   81.00000     -9.498926097798409E-005
   82.00000     -7.525209074832334E-005
   83.00000     -5.783662251733456E-005
   84.00000     -4.263287838001686E-005
   85.00000     -2.953210218132479E-005
   86.00000     -1.842776439927359E-005
   87.00000     -9.217413531741624E-006
   88.00000     -1.806500754667882E-006
