  0.0000000E+00 -1.590436044547935E-002
   1.000000     -1.539547987363850E-002
   2.000000     -1.489624068515612E-002
   3.000000     -1.440657717321351E-002
   4.000000     -1.392642324885958E-002
   5.000000     -1.345571243748031E-002
   6.000000     -1.299437787528863E-002
   7.000000     -1.254235230584218E-002
   8.000000     -1.209956807660158E-002
   9.000000     -1.166595713552820E-002
   10.00000     -1.124145102774359E-002
   11.00000     -1.082598089225017E-002
   12.00000     -1.041947745872744E-002
   13.00000     -1.002187104442396E-002
   14.00000     -9.633091551148261E-003
   15.00000     -9.253068462386200E-003
   16.00000     -8.881730840552271E-003
   17.00000     -8.519007324408034E-003
   18.00000     -8.164826126656826E-003
   19.00000     -7.819115031751867E-003
   20.00000     -7.481801393941845E-003
   21.00000     -7.152812135590304E-003
   22.00000     -6.832073745798518E-003
   23.00000     -6.519512279385081E-003
   24.00000     -6.215053356263612E-003
   25.00000     -5.918622161272638E-003
   26.00000     -5.630143444524541E-003
   27.00000     -5.349541522340735E-003
   28.00000     -5.076740278859835E-003
   29.00000     -4.811663168405259E-003
   30.00000     -4.554233218731996E-003
   31.00000     -4.304373035266883E-003
   32.00000     -4.062004806498129E-003
   33.00000     -3.827050310678873E-003
   34.00000     -3.599430924045056E-003
   35.00000     -3.379067630786010E-003
   36.00000     -3.165881035036349E-003
   37.00000     -2.959791375225434E-003
   38.00000     -2.760718541166461E-003
   39.00000     -2.568582094357067E-003
   40.00000     -2.383301292050216E-003
   41.00000     -2.204795115774664E-003
   42.00000     -2.032982305130914E-003
   43.00000     -1.867781397877711E-003
   44.00000     -1.709110777553464E-003
   45.00000     -1.556888730192904E-003
   46.00000     -1.411033512076156E-003
   47.00000     -1.271463430978833E-003
   48.00000     -1.138096944056117E-003
   49.00000     -1.010852776411408E-003
   50.00000     -8.896500656249298E-004
   51.00000     -7.744085392077626E-004
   52.00000     -6.650487342996374E-004
   53.00000     -5.614922722656017E-004
   54.00000     -4.636622056695573E-004
   55.00000     -3.714834622170045E-004
   56.00000     -2.848834210131287E-004
   57.00000     -2.037926731737292E-004
   58.00000     -1.281460455611387E-004
   59.00000     -5.788401079288216E-005
