  0.0000000E+00 -1.889539419093343E-002
   1.000000     -1.836481730629688E-002
   2.000000     -1.784374964329823E-002
   3.000000     -1.733212378630424E-002
   4.000000     -1.682987190302285E-002
   5.000000     -1.633692573978610E-002
   6.000000     -1.585321661678517E-002
   7.000000     -1.537867542325181E-002
   8.000000     -1.491323261259386E-002
   9.000000     -1.445681819748243E-002
   10.00000     -1.400936174489478E-002
   11.00000     -1.357079237110441E-002
   12.00000     -1.314103873663239E-002
   13.00000     -1.272002904115290E-002
   14.00000     -1.230769101835225E-002
   15.00000     -1.190395193075152E-002
   16.00000     -1.150873856448634E-002
   17.00000     -1.112197722404760E-002
   18.00000     -1.074359372698614E-002
   19.00000     -1.037351339858534E-002
   20.00000     -1.001166106649521E-002
   21.00000     -9.657961055341452E-003
   22.00000     -9.312337181305322E-003
   23.00000     -8.974712746673398E-003
   24.00000     -8.645010534374479E-003
   25.00000     -8.323152802486996E-003
   26.00000     -8.009061278737864E-003
   27.00000     -7.702657154983580E-003
   28.00000     -7.403861081688531E-003
   29.00000     -7.112593162393476E-003
   30.00000     -6.828772948187449E-003
   31.00000     -6.552319432182164E-003
   32.00000     -6.283151043998102E-003
   33.00000     -6.021185644263965E-003
   34.00000     -5.766340519138474E-003
   35.00000     -5.518532374857926E-003
   36.00000     -5.277677332317015E-003
   37.00000     -5.043690921691267E-003
   38.00000     -4.816488077105107E-003
   39.00000     -4.595983131356372E-003
   40.00000     -4.382089810703353E-003
   41.00000     -4.174721229725199E-003
   42.00000     -3.973789886261814E-003
   43.00000     -3.779207656445289E-003
   44.00000     -3.590885789833319E-003
   45.00000     -3.408734904653132E-003
   46.00000     -3.232664983168992E-003
   47.00000     -3.062585367185264E-003
   48.00000     -2.898404753696769E-003
   49.00000     -2.740031190700229E-003
   50.00000     -2.587372073181325E-003
   51.00000     -2.440334139289482E-003
   52.00000     -2.298823466719284E-003
   53.00000     -2.162745469311809E-003
   54.00000     -2.032004893894027E-003
   55.00000     -1.906505817373518E-003
   56.00000     -1.786151644106800E-003
   57.00000     -1.670845103560205E-003
   58.00000     -1.560488248285558E-003
   59.00000     -1.454982452227942E-003
   60.00000     -1.354228409390766E-003
   61.00000     -1.258126132880212E-003
   62.00000     -1.166574954350648E-003
   63.00000     -1.079473523879665E-003
   64.00000     -9.967198102959218E-004
   65.00000     -9.182111019867516E-004
   66.00000     -8.438440082160828E-004
   67.00000     -7.735144609786944E-004
   68.00000     -7.071177174253172E-004
   69.00000     -6.445483628873949E-004
   70.00000     -5.857003145379661E-004
   71.00000     -5.304668257232857E-004
   72.00000     -4.787404910046136E-004
   73.00000     -4.304132519497685E-004
   74.00000     -3.853764037206196E-004
   75.00000     -3.435206025049401E-004
   76.00000     -3.047358738480962E-004
   77.00000     -2.689116219482925E-004
   78.00000     -2.359366399899848E-004
   79.00000     -2.056991216055011E-004
   80.00000     -1.780866735800954E-004
   81.00000     -1.529863299461273E-004
   82.00000     -1.302845676658173E-004
   83.00000     -1.098673241784381E-004
   84.00000     -9.162001721131718E-005
   85.00000     -7.542756745243853E-005
   86.00000     -6.117442501357553E-005
   87.00000     -4.874460118353948E-005
   88.00000     -3.802170799294282E-005
   89.00000     -2.888901003421845E-005
   90.00000     -2.122949679516029E-005
   91.00000     -1.492599187528226E-005
   92.00000     -9.861334244537075E-006
   93.00000     -5.918715404275181E-006
   94.00000     -2.982403804319631E-006
   95.00000     -9.396544588090631E-007
