  0.0000000E+00 -7.629525366715419E-002
   1.000000     -7.537921052250841E-002
   2.000000     -7.446999033153709E-002
   3.000000     -7.356756827202147E-002
   4.000000     -7.267192677550208E-002
   5.000000     -7.178304639967552E-002
   6.000000     -7.090090765367514E-002
   7.000000     -7.002549099782464E-002
   8.000000     -6.915677684342206E-002
   9.000000     -6.829474555251440E-002
   10.00000     -6.743937743766648E-002
   11.00000     -6.659065276175230E-002
   12.00000     -6.574855173768532E-002
   13.00000     -6.491305452824822E-002
   14.00000     -6.408414124579878E-002
   15.00000     -6.326179195198584E-002
   16.00000     -6.244598665828473E-002
   17.00000     -6.163670532576222E-002
   18.00000     -6.083392784979298E-002
   19.00000     -6.003763408783586E-002
   20.00000     -5.924780404420199E-002
   21.00000     -5.846441721760566E-002
   22.00000     -5.768745132773692E-002
   23.00000     -5.691689101711350E-002
   24.00000     -5.615272985573685E-002
   25.00000     -5.539489401888904E-002
   26.00000     -5.464330629643306E-002
   27.00000     -5.389836186056193E-002
   28.00000     -5.316011822834937E-002
   29.00000     -5.242626906648953E-002
   30.00000     -5.169786062181295E-002
   31.00000     -5.098506687318795E-002
   32.00000     -5.027860801363040E-002
   33.00000     -4.954754658362559E-002
   34.00000     -4.883271225504182E-002
   35.00000     -4.822853964726734E-002
   36.00000     -4.754878284701860E-002
   37.00000     -4.672759439636124E-002
   38.00000     -4.597628543866795E-002
   39.00000     -4.565774823278879E-002
   40.00000     -4.485327908354410E-002
   41.00000     -4.393919141568384E-002
   42.00000     -4.301894967405878E-002
   43.00000     -4.267729298796133E-002
   44.00000     -4.207672618825380E-002
   45.00000     -4.115434133933797E-002
   46.00000     -4.023500286211713E-002
   47.00000     -3.932275218791940E-002
   48.00000     -3.881924405702590E-002
   49.00000     -3.841603082371183E-002
   50.00000     -3.752161271396541E-002
   51.00000     -3.663683701491834E-002
   52.00000     -3.576302103338759E-002
   53.00000     -3.490089185373312E-002
   54.00000     -3.430091179155988E-002
   55.00000     -3.405011475697817E-002
   56.00000     -3.321286697291671E-002
   57.00000     -3.238817397632278E-002
   58.00000     -3.157658481882585E-002
   59.00000     -3.077833294340804E-002
   60.00000     -2.999359507566282E-002
   61.00000     -2.922277393883009E-002
   62.00000     -2.911927523674142E-002
   63.00000     -2.846493131801164E-002
   64.00000     -2.772128353419026E-002
   65.00000     -2.699138574524643E-002
   66.00000     -2.627524554683463E-002
   67.00000     -2.557283374198935E-002
   68.00000     -2.488409857573246E-002
   69.00000     -2.420897077645941E-002
   70.00000     -2.354738314029506E-002
   71.00000     -2.324042217257530E-002
   72.00000     -2.289909538839487E-002
   73.00000     -2.226421390819001E-002
   74.00000     -2.164248241884081E-002
   75.00000     -2.103378111076816E-002
   76.00000     -2.043796626499028E-002
   77.00000     -1.985488516595657E-002
   78.00000     -1.928437826052991E-002
   79.00000     -1.872628034272397E-002
   80.00000     -1.818042153136498E-002
   81.00000     -1.764662830555369E-002
   82.00000     -1.712472588604386E-002
   83.00000     -1.661630234651083E-002
   84.00000     -1.661167028260480E-002
   85.00000     -1.611583152198029E-002
   86.00000     -1.562850436803739E-002
   87.00000     -1.515233140330406E-002
   88.00000     -1.468712999294731E-002
   89.00000     -1.423271523539811E-002
   90.00000     -1.378890199813070E-002
   91.00000     -1.335550547127885E-002
   92.00000     -1.293234150903139E-002
   93.00000     -1.251922690207447E-002
   94.00000     -1.211597961169820E-002
   95.00000     -1.172241897565319E-002
   96.00000     -1.133836589080855E-002
   97.00000     -1.096364297664164E-002
   98.00000     -1.059807472509344E-002
   99.00000     -1.024148765070946E-002
   100.0000     -9.893710500106505E-003
   101.0000     -9.554574984363198E-003
   102.0000     -9.223944479338412E-003
   103.0000     -9.179257359968534E-003
   104.0000     -8.901543729039384E-003
   105.0000     -8.587337218772735E-003
   106.0000     -8.281114701680720E-003
   107.0000     -7.982720546440093E-003
   108.0000     -7.692000154780868E-003
   109.0000     -7.408801236394370E-003
   110.0000     -7.132973982154895E-003
   111.0000     -6.864371110966507E-003
   112.0000     -6.602847885734896E-003
   113.0000     -6.348262116937660E-003
   114.0000     -6.100474159012636E-003
   115.0000     -5.859346901561095E-003
   116.0000     -5.624745756372297E-003
   117.0000     -5.396538640902851E-003
   118.0000     -5.174595958684091E-003
   119.0000     -4.958790577048415E-003
   120.0000     -4.748997802508112E-003
   121.0000     -4.545095354090012E-003
   122.0000     -4.346963334894734E-003
   123.0000     -4.154484202132498E-003
   124.0000     -3.967542735863290E-003
   125.0000     -3.786026006652183E-003
   126.0000     -3.609823342340808E-003
   127.0000     -3.438826294113607E-003
   128.0000     -3.272928602033341E-003
   129.0000     -3.112026160208817E-003
   130.0000     -2.956016981744856E-003
   131.0000     -2.804801163621900E-003
   132.0000     -2.658280851646963E-003
   133.0000     -2.516360205608561E-003
   134.0000     -2.378945364773974E-003
   135.0000     -2.245944413859538E-003
   136.0000     -2.117267349611590E-003
   137.0000     -1.992826048141274E-003
   138.0000     -1.872534233164595E-003
   139.0000     -1.756307445323540E-003
   140.0000     -1.644063012795374E-003
   141.0000     -1.535720023474550E-003
   142.0000     -1.431199299170133E-003
   143.0000     -1.330423372685466E-003
   144.0000     -1.233316469938163E-003
   145.0000     -1.139804504222807E-003
   146.0000     -1.049815115461128E-003
   147.0000     -9.632780189326184E-004
   148.0000     -8.801430433266477E-004
   149.0000     -8.700938148131178E-004
   150.0000     -8.002746307876363E-004
   151.0000     -7.236836228822461E-004
   152.0000     -6.502755976087210E-004
   153.0000     -5.799887202616141E-004
   154.0000     -5.127620103862198E-004
   155.0000     -4.485360346800667E-004
   156.0000     -3.872530307114509E-004
   157.0000     -3.288569805853686E-004
   158.0000     -2.732936892659039E-004
   159.0000     -2.205108821731702E-004
   160.0000     -1.704583312814144E-004
   161.0000     -1.230880197122763E-004
   162.0000     -7.835435797177057E-005
   163.0000     -3.621447031609799E-005
