  0.0000000E+00 -7.840182152032195E-002
   1.000000     -7.747961562509881E-002
   2.000000     -7.656421950176123E-002
   3.000000     -7.565560595469611E-002
   4.000000     -7.475375811300737E-002
   5.000000     -7.385865646367412E-002
   6.000000     -7.297028144464537E-002
   7.000000     -7.208861344463216E-002
   8.000000     -7.121363280283061E-002
   9.000000     -7.034531980875736E-002
   10.00000     -6.948365470197097E-002
   11.00000     -6.862861767185940E-002
   12.00000     -6.778018885740836E-002
   13.00000     -6.693834834696523E-002
   14.00000     -6.610307617796578E-002
   15.00000     -6.527435233679024E-002
   16.00000     -6.445215675939414E-002
   17.00000     -6.363646932710033E-002
   18.00000     -6.282726985780585E-002
   19.00000     -6.202453819078670E-002
   20.00000     -6.122825417260974E-002
   21.00000     -6.043839655282384E-002
   22.00000     -5.965494479738999E-002
   23.00000     -5.887788844663964E-002
   24.00000     -5.810719858057478E-002
   25.00000     -5.734278201297965E-002
   26.00000     -5.658475044510521E-002
   27.00000     -5.583347543189214E-002
   28.00000     -5.508787751482739E-002
   29.00000     -5.434660173958411E-002
   30.00000     -5.361587592990311E-002
   31.00000     -5.289833102843863E-002
   32.00000     -5.216848540996465E-002
   33.00000     -5.142923162102391E-002
   34.00000     -5.077049874792985E-002
   35.00000     -5.012823729621659E-002
   36.00000     -4.933776456665423E-002
   37.00000     -4.851514540723074E-002
   38.00000     -4.811380267418499E-002
   39.00000     -4.744450773427872E-002
   40.00000     -4.652878154374390E-002
   41.00000     -4.559268086928904E-002
   42.00000     -4.507663831636537E-002
   43.00000     -4.463123823889238E-002
   44.00000     -4.369169232912258E-002
   45.00000     -4.275139421874653E-002
   46.00000     -4.181684745050739E-002
   47.00000     -4.125063608570776E-002
   48.00000     -4.088649744432112E-002
   49.00000     -3.996842420716368E-002
   50.00000     -3.905918022693961E-002
   51.00000     -3.816043820320476E-002
   52.00000     -3.727307535158111E-002
   53.00000     -3.676403525569619E-002
   54.00000     -3.639677984448553E-002
   55.00000     -3.553368159972665E-002
   56.00000     -3.468310149879120E-002
   57.00000     -3.384554352093112E-002
   58.00000     -3.302128648255757E-002
   59.00000     -3.221056120946304E-002
   60.00000     -3.161324419737350E-002
   61.00000     -3.141317779483097E-002
   62.00000     -3.063001005154442E-002
   63.00000     -2.986054371906580E-002
   64.00000     -2.910495685907862E-002
   65.00000     -2.836327058647412E-002
   66.00000     -2.763547400707080E-002
   67.00000     -2.692153297742329E-002
   68.00000     -2.622140288459322E-002
   69.00000     -2.576318504785630E-002
   70.00000     -2.553487315269075E-002
   71.00000     -2.486212182939744E-002
   72.00000     -2.420285023227692E-002
   73.00000     -2.355697779968835E-002
   74.00000     -2.292437734148495E-002
   75.00000     -2.230490962883637E-002
   76.00000     -2.169842641140733E-002
   77.00000     -2.110477190583432E-002
   78.00000     -2.052378404458469E-002
   79.00000     -1.995529613890894E-002
   80.00000     -1.939914828423664E-002
   81.00000     -1.916505426657719E-002
   82.00000     -1.885508810770228E-002
   83.00000     -1.832305310533443E-002
   84.00000     -1.780279601360395E-002
   85.00000     -1.729414037551745E-002
   86.00000     -1.679690144870472E-002
   87.00000     -1.631089278121667E-002
   88.00000     -1.583592716704163E-002
   89.00000     -1.537181713918932E-002
   90.00000     -1.491837534821374E-002
   91.00000     -1.447541488620566E-002
   92.00000     -1.404274957362418E-002
   93.00000     -1.362019421777701E-002
   94.00000     -1.320756485294267E-002
   95.00000     -1.280467898880468E-002
   96.00000     -1.241135600466183E-002
   97.00000     -1.202741934530910E-002
   98.00000     -1.175973558580247E-002
   99.00000     -1.165265625690380E-002
   100.0000     -1.128696569391120E-002
   101.0000     -1.093011869279687E-002
   102.0000     -1.058195617457446E-002
   103.0000     -1.024231009994783E-002
   104.0000     -9.911014159531842E-003
   105.0000     -9.587904317013108E-003
   106.0000     -9.272818941522621E-003
   107.0000     -8.965598868642528E-003
   108.0000     -8.666087437820272E-003
   109.0000     -8.374130517362679E-003
   110.0000     -8.089576520739295E-003
   111.0000     -7.812276415880981E-003
   112.0000     -7.542083728476570E-003
   113.0000     -7.278854539984101E-003
   114.0000     -7.022447480937387E-003
   115.0000     -6.772723720046744E-003
   116.0000     -6.529546949528757E-003
   117.0000     -6.292783367069904E-003
   118.0000     -6.062301654784237E-003
   119.0000     -5.837972955494430E-003
   120.0000     -5.619670846650750E-003
   121.0000     -5.407271312166639E-003
   122.0000     -5.200652712454990E-003
   123.0000     -4.999695752923962E-003
   124.0000     -4.804283451234135E-003
   125.0000     -4.614301103675451E-003
   126.0000     -4.429636251258532E-003
   127.0000     -4.250178646795468E-003
   128.0000     -4.075820226666136E-003
   129.0000     -3.906455101602424E-003
   130.0000     -3.741979649226899E-003
   131.0000     -3.582293792288965E-003
   132.0000     -3.479479433452275E-003
   133.0000     -3.427279046661648E-003
   134.0000     -3.276874685858840E-003
   135.0000     -3.130958518203578E-003
   136.0000     -2.989441762681734E-003
   137.0000     -2.852232709475081E-003
   138.0000     -2.719241167618798E-003
   139.0000     -2.590378667727973E-003
   140.0000     -2.465558468338231E-003
   141.0000     -2.344695531033046E-003
   142.0000     -2.227706488099364E-003
   143.0000     -2.114509608126705E-003
   144.0000     -2.005024761177125E-003
   145.0000     -1.899173384130147E-003
   146.0000     -1.796878446474071E-003
   147.0000     -1.698064416686407E-003
   148.0000     -1.602657229302690E-003
   149.0000     -1.510584252746057E-003
   150.0000     -1.421774257984860E-003
   151.0000     -1.336157388083227E-003
   152.0000     -1.253665128712178E-003
   153.0000     -1.174230279695434E-003
   154.0000     -1.097786927670886E-003
   155.0000     -1.024270419962627E-003
   156.0000     -9.536173397705391E-004
   157.0000     -8.857654828061475E-004
   158.0000     -8.206538355247216E-004
   159.0000     -7.582225551351760E-004
   160.0000     -6.984129516072192E-004
   161.0000     -6.411674719420999E-004
   162.0000     -5.864296870357714E-004
   163.0000     -5.341442815415660E-004
   164.0000     -4.842570472396124E-004
   165.0000     -4.367148805550372E-004
   166.0000     -3.914657850380257E-004
   167.0000     -3.484588798524759E-004
   168.0000     -3.076444156300759E-004
   169.0000     -2.689737994712198E-004
   170.0000     -2.323996314609268E-004
   171.0000     -1.978757558918578E-004
   172.0000     -1.653573315656444E-004
   173.0000     -1.348009272609887E-004
   174.0000     -1.061646510195764E-004
   175.0000     -7.940832581756463E-005
   176.0000     -5.449373034946250E-005
   177.0000     -3.138493366976379E-005
   178.0000     -1.004876936124601E-005
