  0.0000000E+00 -7.902543069613588E-002
   1.000000     -7.810140919212372E-002
   2.000000     -7.718419231655901E-002
   3.000000     -7.627375415827169E-002
   4.000000     -7.537007739213195E-002
   5.000000     -7.447314248541868E-002
   6.000000     -7.358292985627173E-002
   7.000000     -7.269941987347116E-002
   8.000000     -7.182259285618894E-002
   9.000000     -7.095242907378960E-002
   10.00000     -7.008890874557260E-002
   11.00000     -6.923201204055278E-002
   12.00000     -6.838171907722740E-002
   13.00000     -6.753800992333785E-002
   14.00000     -6.670086459560354E-002
   15.00000     -6.587026305961963E-002
   16.00000     -6.504618523036942E-002
   17.00000     -6.422861096687105E-002
   18.00000     -6.341752006866093E-002
   19.00000     -6.261289237006563E-002
   20.00000     -6.181470762863960E-002
   21.00000     -6.102294445481363E-002
   22.00000     -6.023758325067191E-002
   23.00000     -5.945861362559357E-002
   24.00000     -5.868599762135637E-002
   25.00000     -5.791965069375681E-002
   26.00000     -5.715974482759892E-002
   27.00000     -5.640654131820413E-002
   28.00000     -5.565868414865999E-002
   29.00000     -5.491563315276086E-002
   30.00000     -5.418448032043650E-002
   31.00000     -5.346357121239297E-002
   32.00000     -5.272680625061910E-002
   33.00000     -5.199221550180114E-002
   34.00000     -5.134703005190693E-002
   35.00000     -5.067589666653468E-002
   36.00000     -4.986371978734117E-002
   37.00000     -4.908157952906905E-002
   38.00000     -4.872400408203877E-002
   39.00000     -4.795049053307904E-002
   40.00000     -4.702292801797917E-002
   41.00000     -4.608560221679769E-002
   42.00000     -4.577397156303677E-002
   43.00000     -4.511539646639746E-002
   44.00000     -4.416870542584572E-002
   45.00000     -4.322358871625773E-002
   46.00000     -4.228524723570176E-002
   47.00000     -4.196772986745582E-002
   48.00000     -4.135022370170419E-002
   49.00000     -4.042734279058569E-002
   50.00000     -3.951388073213780E-002
   51.00000     -3.861104561816966E-002
   52.00000     -3.771996623589138E-002
   53.00000     -3.749191138219760E-002
   54.00000     -3.683951413624297E-002
   55.00000     -3.597238428307367E-002
   56.00000     -3.511795068967080E-002
   57.00000     -3.427660221356466E-002
   58.00000     -3.344861151550577E-002
   59.00000     -3.263426794013120E-002
   60.00000     -3.235040122024459E-002
   61.00000     -3.183328224414442E-002
   62.00000     -3.104639871323860E-002
   63.00000     -3.027336800516049E-002
   64.00000     -2.951426222955870E-002
   65.00000     -2.876909746522201E-002
   66.00000     -2.803786125213865E-002
   67.00000     -2.732052044604327E-002
   68.00000     -2.661712878396327E-002
   69.00000     -2.650907565994096E-002
   70.00000     -2.592719175968396E-002
   71.00000     -2.525110478779605E-002
   72.00000     -2.458856243076193E-002
   73.00000     -2.393945280395707E-002
   74.00000     -2.330364626621987E-002
   75.00000     -2.268100245199949E-002
   76.00000     -2.207137224135924E-002
   77.00000     -2.147459914422570E-002
   78.00000     -2.089052079613480E-002
   79.00000     -2.031897387918791E-002
   80.00000     -1.991970556650127E-002
   81.00000     -1.975971623100362E-002
   82.00000     -1.921271560337792E-002
   83.00000     -1.867768321702108E-002
   84.00000     -1.815445962229833E-002
   85.00000     -1.764286150158510E-002
   86.00000     -1.714270287932570E-002
   87.00000     -1.665379653830496E-002
   88.00000     -1.617595461015649E-002
   89.00000     -1.570898900384483E-002
   90.00000     -1.525271176748524E-002
   91.00000     -1.480693540786960E-002
   92.00000     -1.437147317889719E-002
   93.00000     -1.394613935132750E-002
   94.00000     -1.353074949923428E-002
   95.00000     -1.312512100583262E-002
   96.00000     -1.272907700952084E-002
   97.00000     -1.252286897656150E-002
   98.00000     -1.234240218785637E-002
   99.00000     -1.196497967541322E-002
   100.0000     -1.159659566744896E-002
   101.0000     -1.123708210720112E-002
   102.0000     -1.088626796273256E-002
   103.0000     -1.054398403803532E-002
   104.0000     -1.021006338348193E-002
   105.0000     -9.884341419408076E-003
   106.0000     -9.566656001879772E-003
   107.0000     -9.256847466927128E-003
   108.0000     -8.954758662396064E-003
   109.0000     -8.660234970678100E-003
   110.0000     -8.373124323915203E-003
   111.0000     -8.093277212660677E-003
   112.0000     -7.820546688747747E-003
   113.0000     -7.554788362975129E-003
   114.0000     -7.295860398140585E-003
   115.0000     -7.043623497894618E-003
   116.0000     -6.797940891854901E-003
   117.0000     -6.558678317365491E-003
   118.0000     -6.325703998282761E-003
   119.0000     -6.098888621126369E-003
   120.0000     -5.878105308952182E-003
   121.0000     -5.663229593308661E-003
   122.0000     -5.454139384761451E-003
   123.0000     -5.250714942759237E-003
   124.0000     -5.052838846618886E-003
   125.0000     -4.860395973088340E-003
   126.0000     -4.673273503753612E-003
   127.0000     -4.491361120765151E-003
   128.0000     -4.314555013936528E-003
   129.0000     -4.251174112190269E-003
   130.0000     -4.142723641231350E-003
   131.0000     -3.975799038698337E-003
   132.0000     -3.813660087025591E-003
   133.0000     -3.656208422404262E-003
   134.0000     -3.503346020268705E-003
   135.0000     -3.354976607594908E-003
   136.0000     -3.211005762642609E-003
   137.0000     -3.071340905687400E-003
   138.0000     -2.935891269262834E-003
   139.0000     -2.804567862976806E-003
   140.0000     -2.677283436676083E-003
   141.0000     -2.553952443173549E-003
   142.0000     -2.434491001003472E-003
   143.0000     -2.318816857434713E-003
   144.0000     -2.206849351850673E-003
   145.0000     -2.098509379577058E-003
   146.0000     -1.993719356210719E-003
   147.0000     -1.892403182490304E-003
   148.0000     -1.794486209747812E-003
   149.0000     -1.699895205973218E-003
   150.0000     -1.608558322520909E-003
   151.0000     -1.520405061491312E-003
   152.0000     -1.435366243813300E-003
   153.0000     -1.353373978061404E-003
   154.0000     -1.274361630038279E-003
   155.0000     -1.198263793156231E-003
   156.0000     -1.125016259657945E-003
   157.0000     -1.054555992718204E-003
   158.0000     -9.868210994752600E-004
   159.0000     -9.217508050493579E-004
   160.0000     -8.592854276150937E-004
   161.0000     -7.993663546049236E-004
   162.0000     -7.419360201416931E-004
   163.0000     -6.869378838098720E-004
   164.0000     -6.343164109072076E-004
   165.0000     -5.840170543447726E-004
   166.0000     -5.359862384043998E-004
   167.0000     -4.901713446129258E-004
   168.0000     -4.465207000563076E-004
   169.0000     -4.049835685431469E-004
   170.0000     -3.655101451340343E-004
   171.0000     -3.280515547029449E-004
   172.0000     -2.925598553885788E-004
   173.0000     -2.589880480608223E-004
   174.0000     -2.272900932894861E-004
   175.0000     -1.974209378098856E-004
   176.0000     -1.693365531980012E-004
   177.0000     -1.429939905046339E-004
   178.0000     -1.183514561276815E-004
   179.0000     -9.536841650788363E-005
   180.0000     -7.400574280857595E-005
   181.0000     -5.422591244973265E-005
   182.0000     -3.599329381303518E-005
   183.0000     -1.927455672499083E-005
   184.0000     -4.039280832232153E-006
