  0.0000000E+00 -8.017951505236821E-002
   1.000000     -7.925214446005839E-002
   2.000000     -7.833156636596125E-002
   3.000000     -7.741776130027567E-002
   4.000000     -7.651070974433474E-002
   5.000000     -7.561039213038484E-002
   6.000000     -7.471678884135331E-002
   7.000000     -7.382988021062281E-002
   8.000000     -7.294964652180050E-002
   9.000000     -7.207606800848804E-002
   10.00000     -7.120912485405084E-002
   11.00000     -7.034879719138433E-002
   12.00000     -6.949506510268244E-002
   13.00000     -6.864790861919809E-002
   14.00000     -6.780730772097256E-002
   15.00000     -6.697324233687282E-002
   16.00000     -6.614569234456610E-002
   17.00000     -6.532463756376614E-002
   18.00000     -6.451005776586637E-002
   19.00000     -6.370193276701294E-002
   20.00000     -6.290024211862795E-002
   21.00000     -6.210496438727060E-002
   22.00000     -6.131608193192086E-002
   23.00000     -6.053358196408662E-002
   24.00000     -5.975741069138248E-002
   25.00000     -5.898752011444035E-002
   26.00000     -5.822416641602208E-002
   27.00000     -5.746729149240057E-002
   28.00000     -5.671529620569014E-002
   29.00000     -5.596958481425467E-002
   30.00000     -5.523714566097277E-002
   31.00000     -5.450771214192508E-002
   32.00000     -5.376092231176628E-002
   33.00000     -5.304366598384497E-002
   34.00000     -5.240605510873980E-002
   35.00000     -5.167650557716059E-002
   36.00000     -5.084060161062311E-002
   37.00000     -5.021228765821519E-002
   38.00000     -4.976173880470041E-002
   39.00000     -4.888017122255346E-002
   40.00000     -4.793659170178607E-002
   41.00000     -4.711869766988441E-002
   42.00000     -4.694310325875849E-002
   43.00000     -4.600787692905764E-002
   44.00000     -4.505062778393526E-002
   45.00000     -4.409691259883186E-002
   46.00000     -4.330197194605688E-002
   47.00000     -4.314390208383605E-002
   48.00000     -4.220710270229511E-002
   49.00000     -4.127604212052184E-002
   50.00000     -4.035483568738801E-002
   51.00000     -3.944451114672502E-002
   52.00000     -3.883990666375570E-002
   53.00000     -3.854477109843769E-002
   54.00000     -3.765818844831863E-002
   55.00000     -3.678379069012810E-002
   56.00000     -3.592225081983227E-002
   57.00000     -3.507390632765180E-002
   58.00000     -3.423904578397768E-002
   59.00000     -3.371435733880838E-002
   60.00000     -3.341752952256222E-002
   61.00000     -3.261016001830577E-002
   62.00000     -3.181659278519241E-002
   63.00000     -3.103698417965374E-002
   64.00000     -3.027137949274596E-002
   65.00000     -2.951979018021283E-002
   66.00000     -2.878220356013972E-002
   67.00000     -2.805864656033371E-002
   68.00000     -2.788895696171800E-002
   69.00000     -2.734877577367759E-002
   70.00000     -2.665287185771734E-002
   71.00000     -2.597067925375755E-002
   72.00000     -2.530209912702697E-002
   73.00000     -2.464701154137014E-002
   74.00000     -2.400528436967811E-002
   75.00000     -2.337677553299634E-002
   76.00000     -2.276133456635959E-002
   77.00000     -2.215880452538681E-002
   78.00000     -2.156903372732077E-002
   79.00000     -2.131532330508383E-002
   80.00000     -2.099177336214952E-002
   81.00000     -2.042697160305858E-002
   82.00000     -1.987438113674772E-002
   83.00000     -1.933382878337081E-002
   84.00000     -1.880513144487987E-002
   85.00000     -1.828810332146065E-002
   86.00000     -1.778255699666373E-002
   87.00000     -1.728830402147125E-002
   88.00000     -1.680515537189652E-002
   89.00000     -1.633292184535468E-002
   90.00000     -1.587141441654644E-002
   91.00000     -1.542044456913917E-002
   92.00000     -1.497982464422516E-002
   93.00000     -1.454936844365855E-002
   94.00000     -1.412889631463347E-002
   95.00000     -1.393429748432090E-002
   96.00000     -1.371818508079228E-002
   97.00000     -1.331711519213513E-002
   98.00000     -1.292546918205872E-002
   99.00000     -1.254307302104057E-002
   100.0000     -1.216975037750224E-002
   101.0000     -1.180532662845290E-002
   102.0000     -1.144962926724758E-002
   103.0000     -1.110248804611954E-002
   104.0000     -1.076373506163721E-002
   105.0000     -1.043320481731407E-002
   106.0000     -1.011073427230408E-002
   107.0000     -9.796162879488778E-003
   108.0000     -9.489332614647645E-003
   109.0000     -9.190087997800590E-003
   110.0000     -8.898276107577818E-003
   111.0000     -8.613746589309022E-003
   112.0000     -8.336351657476399E-003
   113.0000     -8.065946093077914E-003
   114.0000     -7.802387236443672E-003
   115.0000     -7.545534976009460E-003
   116.0000     -7.295251733585658E-003
   117.0000     -7.051402446766365E-003
   118.0000     -6.813854549515798E-003
   119.0000     -6.582477953223483E-003
   120.0000     -6.357145035465264E-003
   121.0000     -6.137730669060365E-003
   122.0000     -5.924112542386302E-003
   123.0000     -5.716182894482752E-003
   124.0000     -5.678428479966437E-003
   125.0000     -5.513773677773563E-003
   126.0000     -5.316828925302441E-003
   127.0000     -5.125209728951046E-003
   128.0000     -4.938805830594619E-003
   129.0000     -4.757508129708187E-003
   130.0000     -4.581209515564157E-003
   131.0000     -4.409804932705565E-003
   132.0000     -4.243191366082340E-003
   133.0000     -4.081267809454982E-003
   134.0000     -3.923935228905939E-003
   135.0000     -3.771096524600197E-003
   136.0000     -3.622656491863451E-003
   137.0000     -3.478521782016966E-003
   138.0000     -3.338600863188040E-003
   139.0000     -3.202803981229791E-003
   140.0000     -3.071043120830851E-003
   141.0000     -2.943231966885657E-003
   142.0000     -2.819285866174114E-003
   143.0000     -2.699121789393731E-003
   144.0000     -2.582658293582153E-003
   145.0000     -2.469815484959289E-003
   146.0000     -2.360514982217659E-003
   147.0000     -2.254679880284606E-003
   148.0000     -2.152234714572802E-003
   149.0000     -2.053105425743382E-003
   150.0000     -1.957219324987926E-003
   151.0000     -1.864505059849093E-003
   152.0000     -1.774892580585460E-003
   153.0000     -1.688313107091262E-003
   154.0000     -1.604699096377211E-003
   155.0000     -1.523984210618001E-003
   156.0000     -1.446103285769527E-003
   157.0000     -1.370992300760520E-003
   158.0000     -1.298588347258333E-003
   159.0000     -1.228829600011795E-003
   160.0000     -1.161655287769620E-003
   161.0000     -1.097005664775713E-003
   162.0000     -1.034821982839604E-003
   163.0000     -9.750464639817864E-004
   164.0000     -9.176222736520178E-004
   165.0000     -8.624934945212022E-004
   166.0000     -8.096051008450492E-004
   167.0000     -7.589029333993128E-004
   168.0000     -7.103336749890863E-004
   169.0000     -6.638448265313617E-004
   170.0000     -6.193846837168295E-004
   171.0000     -5.769023142537775E-004
   172.0000     -5.363475357035580E-004
   173.0000     -4.976708939162924E-004
   174.0000     -4.608236420835593E-004
   175.0000     -4.257577204254299E-004
   176.0000     -3.924257365380929E-004
   177.0000     -3.607809464363486E-004
   178.0000     -3.307772363329377E-004
   179.0000     -3.023691052123666E-004
   180.0000     -2.755116482716487E-004
   181.0000     -2.501605413229415E-004
   182.0000     -2.262720262825486E-004
   183.0000     -2.038028979064036E-004
   184.0000     -1.827104919871155E-004
   185.0000     -1.629526752937783E-004
   186.0000     -1.444878376343406E-004
   187.0000     -1.272748865537255E-004
   188.0000     -1.112732453711612E-004
   189.0000     -9.644285553747091E-005
   190.0000     -8.274418469824040E-005
   191.0000     -7.013824246273451E-005
   192.0000     -5.858660682588455E-005
   193.0000     -4.805146569693321E-005
   194.0000     -3.849568046540261E-005
   195.0000     -2.988288276310011E-005
   196.0000     -2.217762313745482E-005
   197.0000     -1.534560461042254E-005
   198.0000     -9.354062875238530E-006
   199.0000     -4.172418117044651E-006
