  0.0000000E+00 -7.832338524784753E-002
   1.000000     -7.740140844833902E-002
   2.000000     -7.648624112567924E-002
   3.000000     -7.557785733964760E-002
   4.000000     -7.467623980421537E-002
   5.000000     -7.378136900887879E-002
   6.000000     -7.289322539412259E-002
   7.000000     -7.201178935119010E-002
   8.000000     -7.113704122185791E-002
   9.000000     -7.026896129820620E-002
   10.00000     -6.940752982238814E-002
   11.00000     -6.855272698639818E-002
   12.00000     -6.770453293184100E-002
   13.00000     -6.686292774970197E-002
   14.00000     -6.602789148006936E-002
   15.00000     -6.519940411198409E-002
   16.00000     -6.437744558408172E-002
   17.00000     -6.356199578053792E-002
   18.00000     -6.275303452171763E-002
   19.00000     -6.195054164740611E-002
   20.00000     -6.115449701402233E-002
   21.00000     -6.036487939296076E-002
   22.00000     -5.958166814330382E-002
   23.00000     -5.880485273741030E-002
   24.00000     -5.803440535887221E-002
   25.00000     -5.727023227761610E-002
   26.00000     -5.651243733126578E-002
   27.00000     -5.576140245882784E-002
   28.00000     -5.501608772059197E-002
   29.00000     -5.427505154249875E-002
   30.00000     -5.354437751269485E-002
   31.00000     -5.282718786471113E-002
   32.00000     -5.209825072277602E-002
   33.00000     -5.135866356156455E-002
   34.00000     -5.069791084786822E-002
   35.00000     -5.005892745737730E-002
   36.00000     -4.927158634924098E-002
   37.00000     -4.844597249129742E-002
   38.00000     -4.803494278369435E-002
   39.00000     -4.738058056888927E-002
   40.00000     -4.646658922286721E-002
   41.00000     -4.553097630749926E-002
   42.00000     -4.498874691173550E-002
   43.00000     -4.457013370893523E-002
   44.00000     -4.363166865760097E-002
   45.00000     -4.269198539500366E-002
   46.00000     -4.175796689518449E-002
   47.00000     -4.116042806749888E-002
   48.00000     -4.082809107221952E-002
   49.00000     -3.991068547706213E-002
   50.00000     -3.900197421341418E-002
   51.00000     -3.810374841158239E-002
   52.00000     -3.721687790748611E-002
   53.00000     -3.667245175645466E-002
   54.00000     -3.634106242803324E-002
   55.00000     -3.547848928777763E-002
   56.00000     -3.462839476022902E-002
   57.00000     -3.379131404612739E-002
   58.00000     -3.296752722935219E-002
   59.00000     -3.215726285937050E-002
   60.00000     -3.152053158752845E-002
   61.00000     -3.136029217427539E-002
   62.00000     -3.057762664512331E-002
   63.00000     -2.980860933045731E-002
   64.00000     -2.905346545562972E-002
   65.00000     -2.831221704847939E-002
   66.00000     -2.758485346093552E-002
   67.00000     -2.687134057412033E-002
   68.00000     -2.617163194425179E-002
   69.00000     -2.566934435420827E-002
   70.00000     -2.548550913310861E-002
   71.00000     -2.481318822971625E-002
   72.00000     -2.415432855820050E-002
   73.00000     -2.350886366151272E-002
   74.00000     -2.287666680668231E-002
   75.00000     -2.225759892697828E-002
   76.00000     -2.165151188767638E-002
   77.00000     -2.105825000188695E-002
   78.00000     -2.047765127007375E-002
   79.00000     -1.990954893024521E-002
   80.00000     -1.935377968529749E-002
   81.00000     -1.907012621528616E-002
   82.00000     -1.881009991151127E-002
   83.00000     -1.827844438092401E-002
   84.00000     -1.775856092297080E-002
   85.00000     -1.725027581998401E-002
   86.00000     -1.675340455732587E-002
   87.00000     -1.626776079072507E-002
   88.00000     -1.579315740076315E-002
   89.00000     -1.532940700044917E-002
   90.00000     -1.487632231716497E-002
   91.00000     -1.443371651765903E-002
   92.00000     -1.400140349505941E-002
   93.00000     -1.357919812685893E-002
   94.00000     -1.316691651296904E-002
   95.00000     -1.276437621565932E-002
   96.00000     -1.237139660387111E-002
   97.00000     -1.198780033108222E-002
   98.00000     -1.166374966846589E-002
   99.00000     -1.161335649885190E-002
   100.0000     -1.124802475714952E-002
   101.0000     -1.089151402686042E-002
   102.0000     -1.054368571497068E-002
   103.0000     -1.020437210473933E-002
   104.0000     -9.873406989963033E-003
   105.0000     -9.550626408528573E-003
   106.0000     -9.235868796554440E-003
   107.0000     -8.928975053978631E-003
   108.0000     -8.629788583302119E-003
   109.0000     -8.338155315072189E-003
   110.0000     -8.053923724403332E-003
   111.0000     -7.776944840388988E-003
   112.0000     -7.507072249468959E-003
   113.0000     -7.244162093492357E-003
   114.0000     -6.988073063067383E-003
   115.0000     -6.738666386696158E-003
   116.0000     -6.495805816141426E-003
   117.0000     -6.259357608420907E-003
   118.0000     -6.029190504797584E-003
   119.0000     -5.805175707089821E-003
   120.0000     -5.587186851617433E-003
   121.0000     -5.375099981062518E-003
   122.0000     -5.168793514515995E-003
   123.0000     -4.968148215972133E-003
   124.0000     -4.773047161539257E-003
   125.0000     -4.583375705681243E-003
   126.0000     -4.399021446945766E-003
   127.0000     -4.219874194038488E-003
   128.0000     -4.045825934460236E-003
   129.0000     -3.876770813209449E-003
   130.0000     -3.712605157012604E-003
   131.0000     -3.553227835077317E-003
   132.0000     -3.398563121808153E-003
   133.0000     -3.382358802886476E-003
   134.0000     -3.248429800582129E-003
   135.0000     -3.102824884699886E-003
   136.0000     -2.961618967044764E-003
   137.0000     -2.824720963095191E-003
   138.0000     -2.692040821453225E-003
   139.0000     -2.563490157735231E-003
   140.0000     -2.438982304193788E-003
   141.0000     -2.318432293544569E-003
   142.0000     -2.201756829155425E-003
   143.0000     -2.088874251627061E-003
   144.0000     -1.979704504468249E-003
   145.0000     -1.874169099780511E-003
   146.0000     -1.772191084332588E-003
   147.0000     -1.673695006216672E-003
   148.0000     -1.578606882201380E-003
   149.0000     -1.486854165868822E-003
   150.0000     -1.398365716610985E-003
   151.0000     -1.313071769558601E-003
   152.0000     -1.230903906516855E-003
   153.0000     -1.151795027992708E-003
   154.0000     -1.075679326402198E-003
   155.0000     -1.002492260566286E-003
   156.0000     -9.321705316164710E-004
   157.0000     -8.646520604548204E-004
   158.0000     -7.998759669408650E-004
   159.0000     -7.377825510121743E-004
   160.0000     -6.783132759902718E-004
   161.0000     -6.214107543798343E-004
   162.0000     -5.670187365394746E-004
   163.0000     -5.150821026972704E-004
   164.0000     -4.655468589026027E-004
   165.0000     -4.183601376624693E-004
   166.0000     -3.734702042207659E-004
   167.0000     -3.308264697144936E-004
   168.0000     -2.903795128186063E-004
   169.0000     -2.520811120078868E-004
   170.0000     -2.158842912847998E-004
   171.0000     -1.817433832430412E-004
   172.0000     -1.496141148101754E-004
   173.0000     -1.194537231871163E-004
   174.0000     -9.122111278231739E-005
   175.0000     -6.487706902628584E-005
   176.0000     -4.038455308864620E-005
   177.0000     -1.770911500196166E-005
