  0.0000000E+00 -7.867795140899106E-002
   1.000000     -7.775494134921798E-002
   2.000000     -7.683873832543082E-002
   3.000000     -7.592931639144473E-002
   4.000000     -7.502665824824820E-002
   5.000000     -7.413074437402935E-002
   6.000000     -7.324155519789775E-002
   7.000000     -7.235907109966511E-002
   8.000000     -7.148327240959572E-002
   9.000000     -7.061413940820505E-002
   10.00000     -6.975165232600918E-002
   11.00000     -6.889579134329987E-002
   12.00000     -6.804653658991230E-002
   13.00000     -6.720386814499073E-002
   14.00000     -6.636776603672633E-002
   15.00000     -6.553821024220002E-002
   16.00000     -6.471518068801733E-002
   17.00000     -6.389865724553954E-002
   18.00000     -6.308861972425604E-002
   19.00000     -6.228504796149021E-002
   20.00000     -6.148792176668732E-002
   21.00000     -6.069721981971976E-002
   22.00000     -5.991292198344343E-002
   23.00000     -5.913501793575498E-002
   24.00000     -5.836347479521341E-002
   25.00000     -5.759820224342287E-002
   26.00000     -5.683933931240897E-002
   27.00000     -5.608721474880513E-002
   28.00000     -5.534061751395430E-002
   29.00000     -5.459852680564110E-002
   30.00000     -5.386761897155434E-002
   31.00000     -5.314870201834213E-002
   32.00000     -5.241571382013098E-002
   33.00000     -5.167808322031868E-002
   34.00000     -5.102596278734783E-002
   35.00000     -5.037145483278746E-002
   36.00000     -4.957066527878278E-002
   37.00000     -4.876205111435082E-002
   38.00000     -4.838804201396397E-002
   39.00000     -4.766900022323371E-002
   40.00000     -4.674765016013406E-002
   41.00000     -4.581027385192004E-002
   42.00000     -4.538596236192161E-002
   43.00000     -4.484590913147991E-002
   44.00000     -4.390295451181679E-002
   45.00000     -4.296050805967158E-002
   46.00000     -4.202416504036124E-002
   47.00000     -4.156824747946100E-002
   48.00000     -4.109193768654694E-002
   49.00000     -4.017165930919227E-002
   50.00000     -3.926054407169140E-002
   51.00000     -3.835998710001436E-002
   52.00000     -3.747091722636196E-002
   53.00000     -3.708641761424074E-002
   54.00000     -3.659286352370714E-002
   55.00000     -3.572795900268635E-002
   56.00000     -3.487567116263673E-002
   57.00000     -3.403643390855798E-002
   58.00000     -3.321052251240646E-002
   59.00000     -3.239818116043527E-002
   60.00000     -3.193967911168984E-002
   61.00000     -3.159924462944651E-002
   62.00000     -3.081440297188617E-002
   63.00000     -3.004335725660918E-002
   64.00000     -2.928621158860066E-002
   65.00000     -2.854298445921560E-002
   66.00000     -2.781366419695951E-002
   67.00000     -2.709821677743399E-002
   68.00000     -2.639661022858951E-002
   69.00000     -2.609352513281547E-002
   70.00000     -2.570861242618182E-002
   71.00000     -2.503437491106082E-002
   72.00000     -2.437365418665351E-002
   73.00000     -2.372634771451948E-002
   74.00000     -2.309232702086840E-002
   75.00000     -2.247145234517949E-002
   76.00000     -2.186357504165959E-002
   77.00000     -2.126853899911912E-002
   78.00000     -2.068618195183157E-002
   79.00000     -2.011633782841912E-002
   80.00000     -1.955891619722645E-002
   81.00000     -1.949914653739309E-002
   82.00000     -1.901345276195650E-002
   83.00000     -1.848008798285918E-002
   84.00000     -1.795851649965639E-002
   85.00000     -1.744855720041158E-002
   86.00000     -1.695002470589929E-002
   87.00000     -1.646273220934250E-002
   88.00000     -1.598649220650220E-002
   89.00000     -1.552111695164121E-002
   90.00000     -1.506641882676368E-002
   91.00000     -1.462221066292441E-002
   92.00000     -1.418830602702173E-002
   93.00000     -1.376451948322710E-002
   94.00000     -1.335066684478495E-002
   95.00000     -1.294656547559590E-002
   96.00000     -1.255203508427184E-002
   97.00000     -1.216691877010645E-002
   98.00000     -1.209765141868610E-002
   99.00000     -1.179095076191018E-002
   100.0000     -1.142406119233441E-002
   101.0000     -1.106603211629547E-002
   102.0000     -1.071669430020736E-002
   103.0000     -1.037587902766072E-002
   104.0000     -1.004341967930702E-002
   105.0000     -9.719151970438855E-003
   106.0000     -9.402914039371440E-003
   107.0000     -9.094546498068155E-003
   108.0000     -8.793892466275743E-003
   109.0000     -8.500797595243177E-003
   110.0000     -8.215110083429344E-003
   111.0000     -7.936680685472729E-003
   112.0000     -7.665362715269857E-003
   113.0000     -7.401012043829530E-003
   114.0000     -7.143487092443839E-003
   115.0000     -6.892648821669437E-003
   116.0000     -6.648360716550028E-003
   117.0000     -6.410488768477707E-003
   118.0000     -6.178901454051933E-003
   119.0000     -5.953469711278004E-003
   120.0000     -5.734066913414399E-003
   121.0000     -5.520568840776002E-003
   122.0000     -5.312853650798134E-003
   123.0000     -5.110801846708985E-003
   124.0000     -4.914296245289581E-003
   125.0000     -4.723221944591302E-003
   126.0000     -4.537466293768916E-003
   127.0000     -4.356918872199058E-003
   128.0000     -4.181471511108967E-003
   129.0000     -4.011018621262174E-003
   130.0000     -3.845472231620489E-003
   131.0000     -3.821202081439443E-003
   132.0000     -3.684670730884694E-003
   133.0000     -3.528583292224169E-003
   134.0000     -3.377084006397218E-003
   135.0000     -3.230077858139018E-003
   136.0000     -3.087470841798864E-003
   137.0000     -2.949170682213281E-003
   138.0000     -2.815086890559070E-003
   139.0000     -2.685130748336591E-003
   140.0000     -2.559215276574501E-003
   141.0000     -2.437255201030286E-003
   142.0000     -2.319166916251367E-003
   143.0000     -2.204868449460492E-003
   144.0000     -2.094279424655721E-003
   145.0000     -1.987321027109091E-003
   146.0000     -1.883915968377409E-003
   147.0000     -1.783988451891996E-003
   148.0000     -1.687464139187746E-003
   149.0000     -1.594270116818362E-003
   150.0000     -1.504334864002830E-003
   151.0000     -1.417588221050045E-003
   152.0000     -1.333961358606397E-003
   153.0000     -1.253386747776875E-003
   154.0000     -1.175798131173755E-003
   155.0000     -1.101130494954871E-003
   156.0000     -1.029320041918600E-003
   157.0000     -9.603041657389249E-004
   158.0000     -8.940214264305168E-004
   159.0000     -8.304115271590035E-004
   160.0000     -7.694152925249537E-004
   161.0000     -7.109746484842967E-004
   162.0000     -6.550326040974547E-004
   163.0000     -6.015332353447152E-004
   164.0000     -5.504216713009363E-004
   165.0000     -5.016440830326739E-004
   166.0000     -4.551476756733298E-004
   167.0000     -4.108806842518325E-004
   168.0000     -3.687923740074081E-004
   169.0000     -3.288330461347055E-004
   170.0000     -2.909540501850045E-004
   171.0000     -2.551078047379874E-004
   172.0000     -2.212478284930879E-004
   173.0000     -1.893287846842118E-004
   174.0000     -1.593065428027616E-004
   175.0000     -1.311382631924279E-004
   176.0000     -1.047825124415797E-004
   177.0000     -8.019942111619746E-005
   178.0000     -5.735090108892502E-005
   179.0000     -3.620094903501411E-005
   180.0000     -1.671607847232674E-005
