  0.0000000E+00 -7.681898922967076E-002
   1.000000     -7.590141382158778E-002
   2.000000     -7.499065213358327E-002
   3.000000     -7.408668668461729E-002
   4.000000     -7.318949806268561E-002
   5.000000     -7.229906492454953E-002
   6.000000     -7.141537340919754E-002
   7.000000     -7.053839831033312E-002
   8.000000     -6.966812190340294E-002
   9.000000     -6.880452453175746E-002
   10.00000     -6.794758648913282E-002
   11.00000     -6.709728801945064E-002
   12.00000     -6.625360743381159E-002
   13.00000     -6.541653052395491E-002
   14.00000     -6.458603173471074E-002
   15.00000     -6.376209299098465E-002
   16.00000     -6.294469428476179E-002
   17.00000     -6.213381555670903E-002
   18.00000     -6.132943668094358E-002
   19.00000     -6.053153750830920E-002
   20.00000     -5.974009802362371E-002
   21.00000     -5.895509752593196E-002
   22.00000     -5.817651393756662E-002
   23.00000     -5.740433353516228E-002
   24.00000     -5.663854602960810E-002
   25.00000     -5.587906737674618E-002
   26.00000     -5.512585910173497E-002
   27.00000     -5.437935536554801E-002
   28.00000     -5.363934529211273E-002
   29.00000     -5.290349594653219E-002
   30.00000     -5.217424014831384E-002
   31.00000     -5.146107820275213E-002
   32.00000     -5.074939133514896E-002
   33.00000     -5.001339929632926E-002
   34.00000     -4.931064078082820E-002
   35.00000     -4.870829705724857E-002
   36.00000     -4.799683821433015E-002
   37.00000     -4.716472196984495E-002
   38.00000     -4.649475314343082E-002
   39.00000     -4.612548311356083E-002
   40.00000     -4.527115845206296E-002
   41.00000     -4.435019484196034E-002
   42.00000     -4.343565755714078E-002
   43.00000     -4.325909379288465E-002
   44.00000     -4.247899030594897E-002
   45.00000     -4.155171338165277E-002
   46.00000     -4.062846843255800E-002
   47.00000     -3.971315296759620E-002
   48.00000     -3.942265586769789E-002
   49.00000     -3.880241931075296E-002
   50.00000     -3.790411952502144E-002
   51.00000     -3.701584970228623E-002
   52.00000     -3.613863314654101E-002
   53.00000     -3.527327534244686E-002
   54.00000     -3.491328553811586E-002
   55.00000     -3.441928340240529E-002
   56.00000     -3.357858987612612E-002
   57.00000     -3.275068749652878E-002
   58.00000     -3.193594144110666E-002
   59.00000     -3.113457722459802E-002
   60.00000     -3.034677926909104E-002
   61.00000     -2.974009187337153E-002
   62.00000     -2.957231764122682E-002
   63.00000     -2.881207030030401E-002
   64.00000     -2.806544313261045E-002
   65.00000     -2.733260857810704E-002
   66.00000     -2.661356498114602E-002
   67.00000     -2.590828118357389E-002
   68.00000     -2.521670462528412E-002
   69.00000     -2.453876797196303E-002
   70.00000     -2.387606359820175E-002
   71.00000     -2.386627038298851E-002
   72.00000     -2.322335966539846E-002
   73.00000     -2.258573112793334E-002
   74.00000     -2.196129123357524E-002
   75.00000     -2.134990758218145E-002
   76.00000     -2.075143480048772E-002
   77.00000     -2.016571929145154E-002
   78.00000     -1.959260079186696E-002
   79.00000     -1.903191347636853E-002
   80.00000     -1.848348699458042E-002
   81.00000     -1.794714805958852E-002
   82.00000     -1.742273619313268E-002
   83.00000     -1.724818258877659E-002
   84.00000     -1.690998311632564E-002
   85.00000     -1.640882975678306E-002
   86.00000     -1.591903002009015E-002
   87.00000     -1.544040453795154E-002
   88.00000     -1.497276841471675E-002
   89.00000     -1.451593594802464E-002
   90.00000     -1.406972140658632E-002
   91.00000     -1.363393943599512E-002
   92.00000     -1.320840536830045E-002
   93.00000     -1.279293548505289E-002
   94.00000     -1.238734724820471E-002
   95.00000     -1.199145950531856E-002
   96.00000     -1.160509267386677E-002
   97.00000     -1.122806891131027E-002
   98.00000     -1.086021228855454E-002
   99.00000     -1.050134904780902E-002
   100.0000     -1.015130868213801E-002
   101.0000     -9.821362723275417E-003
   102.0000     -9.809752999725037E-003
   103.0000     -9.476997667608828E-003
   104.0000     -9.152410481152836E-003
   105.0000     -8.835977366345601E-003
   106.0000     -8.527539230938203E-003
   107.0000     -8.226938460504625E-003
   108.0000     -7.934019773302863E-003
   109.0000     -7.648630363752084E-003
   110.0000     -7.370619948522558E-003
   111.0000     -7.099840786046424E-003
   112.0000     -6.836147684248367E-003
   113.0000     -6.579398000940007E-003
   114.0000     -6.329451638693905E-003
   115.0000     -6.086171035143912E-003
   116.0000     -5.849421149361746E-003
   117.0000     -5.619069444793984E-003
   118.0000     -5.394985869165623E-003
   119.0000     -5.177042831713088E-003
   120.0000     -4.965115178057122E-003
   121.0000     -4.759080163013496E-003
   122.0000     -4.558817421599888E-003
   123.0000     -4.364208938482769E-003
   124.0000     -4.175139016088892E-003
   125.0000     -3.991494241588255E-003
   126.0000     -3.813163452935230E-003
   127.0000     -3.640037704151511E-003
   128.0000     -3.472010230010860E-003
   129.0000     -3.308976410281723E-003
   130.0000     -3.150833733677971E-003
   131.0000     -2.997481761649097E-003
   132.0000     -2.848822092155514E-003
   133.0000     -2.704758323560465E-003
   134.0000     -2.565196018788267E-003
   135.0000     -2.430042669931094E-003
   136.0000     -2.299207663555413E-003
   137.0000     -2.172602247170759E-003
   138.0000     -2.050139497904268E-003
   139.0000     -1.931734296411866E-003
   140.0000     -1.817303317461583E-003
   141.0000     -1.706765099462825E-003
   142.0000     -1.600040891308979E-003
   143.0000     -1.519234287421873E-003
   144.0000     -1.497031402544561E-003
   145.0000     -1.397707897619583E-003
   146.0000     -1.301956848310201E-003
   147.0000     -1.209714140560690E-003
   148.0000     -1.120908366347812E-003
   149.0000     -1.035469291806398E-003
   150.0000     -9.533281379175231E-004
   151.0000     -8.744176161413765E-004
   152.0000     -7.986719306934043E-004
   153.0000     -7.260267759373623E-004
   154.0000     -6.564193356406746E-004
   155.0000     -5.897882866740086E-004
   156.0000     -5.260738088172781E-004
   157.0000     -4.652176022456745E-004
   158.0000     -4.071629145126343E-004
   159.0000     -3.518545792889889E-004
   160.0000     -2.992390697747003E-004
   161.0000     -2.492645706258632E-004
   162.0000     -2.018810735492244E-004
   163.0000     -1.570405035911437E-004
   164.0000     -1.146968858767483E-004
   165.0000     -7.480656661945032E-005
   166.0000     -3.732850841892258E-005
   167.0000     -2.224689600596371E-006
