  0.0000000E+00 -8.043010237932101E-002
   1.000000     -7.950200576658761E-002
   2.000000     -7.858069997209322E-002
   3.000000     -7.766616551873640E-002
   4.000000     -7.675838288052088E-002
   5.000000     -7.585733248232254E-002
   6.000000     -7.496299469966727E-002
   7.000000     -7.407534985850013E-002
   8.000000     -7.319437823495695E-002
   9.000000     -7.232006005513252E-002
   10.00000     -7.145237549484827E-002
   11.00000     -7.059130467942400E-002
   12.00000     -6.973682768344137E-002
   13.00000     -6.888892453050394E-002
   14.00000     -6.804757519297301E-002
   15.00000     -6.721275959202248E-002
   16.00000     -6.638445759746772E-002
   17.00000     -6.556264902087595E-002
   18.00000     -6.474731362845930E-002
   19.00000     -6.393843122998753E-002
   20.00000     -6.313598132749426E-002
   21.00000     -6.233994252262213E-002
   22.00000     -6.155029759616599E-002
   23.00000     -6.076703277591895E-002
   24.00000     -5.999009142163112E-002
   25.00000     -5.921943674930061E-002
   26.00000     -5.845533540409993E-002
   27.00000     -5.769764497550909E-002
   28.00000     -5.694477463275437E-002
   29.00000     -5.619858650726783E-002
   30.00000     -5.546570482682108E-002
   31.00000     -5.473410760662625E-002
   32.00000     -5.398586332127799E-002
   33.00000     -5.327349781163641E-002
   34.00000     -5.263390535204612E-002
   35.00000     -5.189211429953085E-002
   36.00000     -5.105453331662346E-002
   37.00000     -5.046616651250072E-002
   38.00000     -4.997554073546310E-002
   39.00000     -4.908131156068892E-002
   40.00000     -4.813500767463492E-002
   41.00000     -4.739114834101704E-002
   42.00000     -4.714828960632180E-002
   43.00000     -4.620134743892759E-002
   44.00000     -4.524198666977124E-002
   45.00000     -4.428647893094489E-002
   46.00000     -4.358862222139851E-002
   47.00000     -4.333309539188276E-002
   48.00000     -4.239301908910897E-002
   49.00000     -4.146022176039701E-002
   50.00000     -4.053734288025943E-002
   51.00000     -3.962542691373472E-002
   52.00000     -3.913204544398429E-002
   53.00000     -3.872414754816073E-002
   54.00000     -3.783585618920889E-002
   55.00000     -3.695989105682317E-002
   56.00000     -3.609681176516245E-002
   57.00000     -3.524695180112077E-002
   58.00000     -3.441061889139036E-002
   59.00000     -3.401023715850908E-002
   60.00000     -3.358764028710023E-002
   61.00000     -3.277877027963792E-002
   62.00000     -3.198375845948905E-002
   63.00000     -3.120272413462143E-002
   64.00000     -3.043571053616800E-002
   65.00000     -2.968272853633803E-002
   66.00000     -2.894376658591764E-002
   67.00000     -2.821929808245613E-002
   68.00000     -2.818793806849319E-002
   69.00000     -2.750762897978654E-002
   70.00000     -2.681038515077735E-002
   71.00000     -2.612687022840971E-002
   72.00000     -2.545698137319592E-002
   73.00000     -2.480059792488418E-002
   74.00000     -2.415758733783167E-002
   75.00000     -2.352780720682793E-002
   76.00000     -2.291110686014886E-002
   77.00000     -2.230732981084078E-002
   78.00000     -2.171636183188868E-002
   79.00000     -2.161815750874783E-002
   80.00000     -2.113783962415750E-002
   81.00000     -2.057181666773700E-002
   82.00000     -2.001802000098710E-002
   83.00000     -1.947627186857159E-002
   84.00000     -1.894638857957962E-002
   85.00000     -1.842818400832889E-002
   86.00000     -1.792147046585498E-002
   87.00000     -1.742605924948110E-002
   88.00000     -1.694176109213703E-002
   89.00000     -1.646838655707736E-002
   90.00000     -1.600574639629449E-002
   91.00000     -1.555365189467024E-002
   92.00000     -1.511191528006538E-002
   93.00000     -1.468035086149421E-002
   94.00000     -1.425889752363452E-002
   95.00000     -1.424047911789804E-002
   96.00000     -1.384697386292345E-002
   97.00000     -1.344481193275671E-002
   98.00000     -1.305208421807436E-002
   99.00000     -1.266861321887709E-002
   100.0000     -1.229422214329528E-002
   101.0000     -1.192873611352814E-002
   102.0000     -1.157198240829834E-002
   103.0000     -1.122379057822335E-002
   104.0000     -1.088399252439880E-002
   105.0000     -1.055242255874957E-002
   106.0000     -1.022891745181921E-002
   107.0000     -9.913316470432318E-003
   108.0000     -9.605461406628713E-003
   109.0000     -9.305196598865527E-003
   110.0000     -9.012368946285137E-003
   111.0000     -8.726827916746128E-003
   112.0000     -8.448425549232752E-003
   113.0000     -8.177016451222759E-003
   114.0000     -7.912457791562679E-003
   115.0000     -7.654609289426639E-003
   116.0000     -7.403333200041063E-003
   117.0000     -7.158494298246135E-003
   118.0000     -6.919959862242029E-003
   119.0000     -6.687599664855886E-003
   120.0000     -6.461286005395136E-003
   121.0000     -6.240894037161936E-003
   122.0000     -6.026313938809080E-003
   123.0000     -5.988178937504710E-003
   124.0000     -5.817373748559168E-003
   125.0000     -5.614016548353388E-003
   126.0000     -5.416100526167758E-003
   127.0000     -5.223513057481506E-003
   128.0000     -5.036142717945775E-003
   129.0000     -4.853880112260723E-003
   130.0000     -4.676617940061803E-003
   131.0000     -4.504250981411250E-003
   132.0000     -4.336676065437728E-003
   133.0000     -4.173792033977075E-003
   134.0000     -4.015499703374553E-003
   135.0000     -3.861701825520990E-003
   136.0000     -3.712303048574571E-003
   137.0000     -3.567209877593357E-003
   138.0000     -3.426330635216175E-003
   139.0000     -3.289575422481639E-003
   140.0000     -3.156856079858574E-003
   141.0000     -3.028086148541808E-003
   142.0000     -2.903180832062192E-003
   143.0000     -2.782056958249983E-003
   144.0000     -2.664632941587347E-003
   145.0000     -2.550828745979129E-003
   146.0000     -2.440565847968359E-003
   147.0000     -2.333767200420533E-003
   148.0000     -2.230357196693514E-003
   149.0000     -2.130261635311850E-003
   150.0000     -2.033407685159366E-003
   151.0000     -1.939723851200359E-003
   152.0000     -1.849139940740468E-003
   153.0000     -1.761587030234240E-003
   154.0000     -1.676997432645626E-003
   155.0000     -1.595304665365042E-003
   156.0000     -1.516443418686927E-003
   157.0000     -1.440349524847947E-003
   158.0000     -1.366959927627324E-003
   159.0000     -1.296212652508682E-003
   160.0000     -1.228046777400218E-003
   161.0000     -1.162402403912333E-003
   162.0000     -1.099220629189097E-003
   163.0000     -1.038443518288099E-003
   164.0000     -9.800140771066808E-004
   165.0000     -9.238762258476473E-004
   166.0000     -8.699747730193634E-004
   167.0000     -8.182553899654902E-004
   168.0000     -7.686645859171723E-004
   169.0000     -7.211496835622855E-004
   170.0000     -6.756587951257706E-004
   171.0000     -6.321407989543003E-004
   172.0000     -5.905453166000342E-004
   173.0000     -5.508226903975774E-004
   174.0000     -5.129239615284569E-004
   175.0000     -4.768008485694552E-004
   176.0000     -4.424057265198265E-004
   177.0000     -4.096916063055117E-004
   178.0000     -3.786121147581010E-004
   179.0000     -3.491214750689053E-004
   180.0000     -3.211744877203676E-004
   181.0000     -2.947265119000136E-004
   182.0000     -2.697334474048740E-004
   183.0000     -2.461517170496915E-004
   184.0000     -2.239382495976458E-004
   185.0000     -2.030504632398333E-004
   186.0000     -1.834462496602406E-004
   187.0000     -1.650839587353690E-004
   188.0000     -1.479223839365719E-004
   189.0000     -1.319207485269507E-004
   190.0000     -1.170386926778373E-004
   191.0000     -1.032362616772818E-004
   192.0000     -9.047389546790397E-005
   193.0000     -7.871241984768417E-005
   194.0000     -6.791303980509044E-005
   195.0000     -5.803733566934318E-005
   196.0000     -4.904726307471446E-005
   197.0000     -4.090515823830018E-005
   198.0000     -3.357375086085895E-005
   199.0000     -2.701618831583809E-005
   200.0000     -2.119607715311525E-005
   201.0000     -1.607755225771518E-005
   202.0000     -1.162539234474833E-005
   203.0000     -7.805217785414405E-006
   204.0000     -4.583846085783666E-006
   205.0000     -1.929981069737706E-006
