  0.0000000E+00 -7.891333140426737E-002
   1.000000     -7.798963606473390E-002
   2.000000     -7.707274615004377E-002
   3.000000     -7.616263570626712E-002
   4.000000     -7.525928742716398E-002
   5.000000     -7.436268178351466E-002
   6.000000     -7.347279919697575E-002
   7.000000     -7.258962003987429E-002
   8.000000     -7.171312463493283E-002
   9.000000     -7.084329325509781E-002
   10.00000     -6.998010612326608E-002
   11.00000     -6.912354341207054E-002
   12.00000     -6.827358524364449E-002
   13.00000     -6.743021168938694E-002
   14.00000     -6.659340276969619E-002
   15.00000     -6.576313845384987E-002
   16.00000     -6.493939866056214E-002
   17.00000     -6.412216325280778E-002
   18.00000     -6.331141203325830E-002
   19.00000     -6.250712483729086E-002
   20.00000     -6.170928143980638E-002
   21.00000     -6.091786047122224E-002
   22.00000     -6.013284215539043E-002
   23.00000     -5.935421615456469E-002
   24.00000     -5.858194615232579E-002
   25.00000     -5.781594547446742E-002
   26.00000     -5.705637570988187E-002
   27.00000     -5.630352153426354E-002
   28.00000     -5.555607085088399E-002
   29.00000     -5.481332157330720E-002
   30.00000     -5.408225121607433E-002
   31.00000     -5.336201663613983E-002
   32.00000     -5.262644357216843E-002
   33.00000     -5.189075147626655E-002
   34.00000     -5.124352121101003E-002
   35.00000     -5.057786854760590E-002
   36.00000     -4.976916805937885E-002
   37.00000     -4.897733056632619E-002
   38.00000     -4.861685280744316E-002
   39.00000     -4.785978573495531E-002
   40.00000     -4.693413696579370E-002
   41.00000     -4.599649944169912E-002
   42.00000     -4.564906589138899E-002
   43.00000     -4.502851765615116E-002
   44.00000     -4.408298398431340E-002
   45.00000     -4.313872483436483E-002
   46.00000     -4.220097832116716E-002
   47.00000     -4.183890445897874E-002
   48.00000     -4.126692000507087E-002
   49.00000     -4.034486535378625E-002
   50.00000     -3.943215951518094E-002
   51.00000     -3.853005858311172E-002
   52.00000     -3.763959660714970E-002
   53.00000     -3.736113667400472E-002
   54.00000     -3.675995269563435E-002
   55.00000     -3.589353718224383E-002
   56.00000     -3.503979546354682E-002
   57.00000     -3.419912784507417E-002
   58.00000     -3.337180760781294E-002
   59.00000     -3.255810328764455E-002
   60.00000     -3.221791413665599E-002
   61.00000     -3.175778863216455E-002
   62.00000     -3.097156038146984E-002
   63.00000     -3.019916977728211E-002
   64.00000     -2.944069616975752E-002
   65.00000     -2.869615633458712E-002
   66.00000     -2.796553804267700E-002
   67.00000     -2.724880774148629E-002
   68.00000     -2.654596825968272E-002
   69.00000     -2.637505027054776E-002
   70.00000     -2.585668152850701E-002
   71.00000     -2.518119003667141E-002
   72.00000     -2.451923513727736E-002
   73.00000     -2.387070705040500E-002
   74.00000     -2.323547647344196E-002
   75.00000     -2.261340322973263E-002
   76.00000     -2.200433834951958E-002
   77.00000     -2.140812545995303E-002
   78.00000     -2.082460220243627E-002
   79.00000     -2.025360393313505E-002
   80.00000     -1.978411604509514E-002
   81.00000     -1.969486484672829E-002
   82.00000     -1.914843436091790E-002
   83.00000     -1.861393953106413E-002
   84.00000     -1.809124870046946E-002
   85.00000     -1.758017907201669E-002
   86.00000     -1.708054484644969E-002
   87.00000     -1.659215893569324E-002
   88.00000     -1.611483358773097E-002
   89.00000     -1.564838082231974E-002
   90.00000     -1.519261279480512E-002
   91.00000     -1.474734211604056E-002
   92.00000     -1.431238214003024E-002
   93.00000     -1.388754723018841E-002
   94.00000     -1.347265303072337E-002
   95.00000     -1.306751687561458E-002
   96.00000     -1.267195987297354E-002
   97.00000     -1.238572655837782E-002
   98.00000     -1.228576515022781E-002
   99.00000     -1.190883548680515E-002
   100.0000     -1.154093301021376E-002
   101.0000     -1.118189802211918E-002
   102.0000     -1.083155983568084E-002
   103.0000     -1.048974938889940E-002
   104.0000     -1.015629983434208E-002
   105.0000     -9.831046685969310E-003
   106.0000     -9.513827890084472E-003
   107.0000     -9.204483871139708E-003
   108.0000     -8.902857564174272E-003
   109.0000     -8.608794437814206E-003
   110.0000     -8.322142509614655E-003
   111.0000     -8.042752354811607E-003
   112.0000     -7.770477109252607E-003
   113.0000     -7.505172467132179E-003
   114.0000     -7.246696674066494E-003
   115.0000     -6.994910515985875E-003
   116.0000     -6.749677304280271E-003
   117.0000     -6.510862857587164E-003
   118.0000     -6.278335480593163E-003
   119.0000     -6.051965940192025E-003
   120.0000     -5.831627439325685E-003
   121.0000     -5.617195588855089E-003
   122.0000     -5.408548377844356E-003
   123.0000     -5.205566142817532E-003
   124.0000     -5.008131537053291E-003
   125.0000     -4.816129502691182E-003
   126.0000     -4.629447255479383E-003
   127.0000     -4.447974331999272E-003
   128.0000     -4.271603177627929E-003
   129.0000     -4.112525039566292E-003
   130.0000     -4.100178152867257E-003
   131.0000     -3.933729542992086E-003
   132.0000     -3.772030068944319E-003
   133.0000     -3.615017296768466E-003
   134.0000     -3.462593697426972E-003
   135.0000     -3.314663145988999E-003
   136.0000     -3.171131320711007E-003
   137.0000     -3.031905730567266E-003
   138.0000     -2.896895693570889E-003
   139.0000     -2.766012304044074E-003
   140.0000     -2.639168396733528E-003
   141.0000     -2.516278509999606E-003
   142.0000     -2.397258848858679E-003
   143.0000     -2.282027248208198E-003
   144.0000     -2.170503136399540E-003
   145.0000     -2.062607499250965E-003
   146.0000     -1.958262844568910E-003
   147.0000     -1.857393167223684E-003
   148.0000     -1.759923914823191E-003
   149.0000     -1.665781954019982E-003
   150.0000     -1.574895537486825E-003
   151.0000     -1.487194271594305E-003
   152.0000     -1.402609084825165E-003
   153.0000     -1.321072196960600E-003
   154.0000     -1.242517089076741E-003
   155.0000     -1.166878474392418E-003
   156.0000     -1.094092270017345E-003
   157.0000     -1.024095569648750E-003
   158.0000     -9.568266172827384E-004
   159.0000     -8.922247820067680E-004
   160.0000     -8.302305339604321E-004
   161.0000     -7.707854215626514E-004
   162.0000     -7.138320501264736E-004
   163.0000     -6.593140620058971E-004
   164.0000     -6.071761184542307E-004
   165.0000     -5.573638834110714E-004
   166.0000     -5.098240094889167E-004
   167.0000     -4.645041264975779E-004
   168.0000     -4.213528329303591E-004
   169.0000     -3.803196909508322E-004
   170.0000     -3.413552255678959E-004
   171.0000     -3.044109288898133E-004
   172.0000     -2.694392706164090E-004
   173.0000     -2.363937163043410E-004
   174.0000     -2.052287554551154E-004
   175.0000     -1.758999422097799E-004
   176.0000     -1.483639524887678E-004
   177.0000     -1.225786629650406E-004
   178.0000     -9.850325959171252E-005
   179.0000     -7.609838700671754E-005
   180.0000     -5.532635586398377E-005
   181.0000     -3.615143457793366E-005
   182.0000     -1.854026814602405E-005
   183.0000     -2.462495838759690E-006
