  0.0000000E+00 -7.522838534665104E-002
   1.000000     -7.431547925164841E-002
   2.000000     -7.340940371866234E-002
   3.000000     -7.251013398420186E-002
   4.000000     -7.161765251095562E-002
   5.000000     -7.073193989501309E-002
   6.000000     -6.985297668416091E-002
   7.000000     -6.898074337765812E-002
   8.000000     -6.811522042602919E-002
   9.000000     -6.725638823080546E-002
   10.00000     -6.640422714435025E-002
   11.00000     -6.555871746960051E-002
   12.00000     -6.471983945985367E-002
   13.00000     -6.388757331854637E-002
   14.00000     -6.306189919901545E-002
   15.00000     -6.224279720416753E-002
   16.00000     -6.143024598991156E-002
   17.00000     -6.062422975055537E-002
   18.00000     -5.982472423733991E-002
   19.00000     -5.903171072611719E-002
   20.00000     -5.824516923065918E-002
   21.00000     -5.746507961758493E-002
   22.00000     -5.669141963647899E-002
   23.00000     -5.592417051208702E-002
   24.00000     -5.516332953606821E-002
   25.00000     -5.440884873235066E-002
   26.00000     -5.366059952276310E-002
   27.00000     -5.291883875931681E-002
   28.00000     -5.218404434890111E-002
   29.00000     -5.145439176456520E-002
   30.00000     -5.072848222515621E-002
   31.00000     -5.001555196735265E-002
   32.00000     -4.931724804609141E-002
   33.00000     -4.859982073071707E-002
   34.00000     -4.787022296464942E-002
   35.00000     -4.724066207781816E-002
   36.00000     -4.662435402204650E-002
   37.00000     -4.583925351957494E-002
   38.00000     -4.500962283532772E-002
   39.00000     -4.460937370165339E-002
   40.00000     -4.399658680308434E-002
   41.00000     -4.310103542563687E-002
   42.00000     -4.218680226011248E-002
   43.00000     -4.147878645461067E-002
   44.00000     -4.125111479385727E-002
   45.00000     -4.034413027239072E-002
   46.00000     -3.943297661428146E-002
   47.00000     -3.852804645135504E-002
   48.00000     -3.763866837561305E-002
   49.00000     -3.757798995117537E-002
   50.00000     -3.674190496393421E-002
   51.00000     -3.586432693884888E-002
   52.00000     -3.499747350407894E-002
   53.00000     -3.414211427226398E-002
   54.00000     -3.329904675736560E-002
   55.00000     -3.305123367478498E-002
   56.00000     -3.246745234225950E-002
   57.00000     -3.164934806172714E-002
   58.00000     -3.084420644340238E-002
   59.00000     -3.005230955592598E-002
   60.00000     -2.927383676628954E-002
   61.00000     -2.850892952221181E-002
   62.00000     -2.785564104831985E-002
   63.00000     -2.775722104709388E-002
   64.00000     -2.701990973857626E-002
   65.00000     -2.629601065707967E-002
   66.00000     -2.558579648880461E-002
   67.00000     -2.488924618266549E-002
   68.00000     -2.420631075289142E-002
   69.00000     -2.353692157201503E-002
   70.00000     -2.288099468767162E-002
   71.00000     -2.223845184744606E-002
   72.00000     -2.196131301921112E-002
   73.00000     -2.160903974822429E-002
   74.00000     -2.099285018296181E-002
   75.00000     -2.038962571788453E-002
   76.00000     -1.979923706883210E-002
   77.00000     -1.922153422316256E-002
   78.00000     -1.865635928851898E-002
   79.00000     -1.810354845323928E-002
   80.00000     -1.756293306325340E-002
   81.00000     -1.703434049567416E-002
   82.00000     -1.651759501051948E-002
   83.00000     -1.601251905861300E-002
   84.00000     -1.551894418865520E-002
   85.00000     -1.531971286750590E-002
   86.00000     -1.503661684966563E-002
   87.00000     -1.456546164368260E-002
   88.00000     -1.410523572400232E-002
   89.00000     -1.365576151192549E-002
   90.00000     -1.321685566212217E-002
   91.00000     -1.278833461504097E-002
   92.00000     -1.237001534812690E-002
   93.00000     -1.196171572734255E-002
   94.00000     -1.156325476353735E-002
   95.00000     -1.117445282602146E-002
   96.00000     -1.079513182771310E-002
   97.00000     -1.042511538766441E-002
   98.00000     -1.006422897434090E-002
   99.00000     -9.712300032479314E-003
   100.0000     -9.369158097013611E-003
   101.0000     -9.034634901189099E-003
   102.0000     -8.708564502593030E-003
   103.0000     -8.390783556695725E-003
   104.0000     -8.081133347838406E-003
   105.0000     -7.870965597080103E-003
   106.0000     -7.779423141118496E-003
   107.0000     -7.485562096677333E-003
   108.0000     -7.199348070543587E-003
   109.0000     -6.920639747125044E-003
   110.0000     -6.649288956539457E-003
   111.0000     -6.385149537062626E-003
   112.0000     -6.128077769710788E-003
   113.0000     -5.877932454803600E-003
   114.0000     -5.634574928485973E-003
   115.0000     -5.397869061428943E-003
   116.0000     -5.167681249476730E-003
   117.0000     -4.943880399372977E-003
   118.0000     -4.726337910886010E-003
   119.0000     -4.514927656059902E-003
   120.0000     -4.309525956069985E-003
   121.0000     -4.110011556065244E-003
   122.0000     -3.916265598305118E-003
   123.0000     -3.728171593876200E-003
   124.0000     -3.545615393237688E-003
   125.0000     -3.368485155834849E-003
   126.0000     -3.196671318994146E-003
   127.0000     -3.030066566312477E-003
   128.0000     -2.868565795738342E-003
   129.0000     -2.712066087535405E-003
   130.0000     -2.560466672317233E-003
   131.0000     -2.413668899339359E-003
   132.0000     -2.271576205232262E-003
   133.0000     -2.134094083367415E-003
   134.0000     -2.001130054049823E-003
   135.0000     -1.872593635743593E-003
   136.0000     -1.748396317550715E-003
   137.0000     -1.628451533180083E-003
   138.0000     -1.512674636671656E-003
   139.0000     -1.400982880171516E-003
   140.0000     -1.293295394092894E-003
   141.0000     -1.189533170053339E-003
   142.0000     -1.089619047041561E-003
   143.0000     -9.934777013504532E-004
   144.0000     -9.010356409196737E-004
   145.0000     -8.122212048655888E-004
   146.0000     -7.269645691485226E-004
   147.0000     -6.451977595497123E-004
   148.0000     -5.668546734207610E-004
   149.0000     -4.918711120513244E-004
   150.0000     -4.201848260015949E-004
   151.0000     -3.517355764290718E-004
   152.0000     -2.864652163590215E-004
   153.0000     -2.243177971205682E-004
   154.0000     -1.652397069516673E-004
   155.0000     -1.091798513166092E-004
   156.0000     -5.608988817379799E-005
   157.0000     -5.924536920717599E-006
