  0.0000000E+00 -8.065215154423248E-002
   1.000000     -7.972340985291806E-002
   2.000000     -7.880146194978806E-002
   3.000000     -7.788628167073443E-002
   4.000000     -7.697785171018065E-002
   5.000000     -7.607615248656195E-002
   6.000000     -7.518116436891135E-002
   7.000000     -7.429286767665723E-002
   8.000000     -7.341124267938683E-002
   9.000000     -7.253626959661741E-002
   10.00000     -7.166792859756560E-002
   11.00000     -7.080619980091256E-002
   12.00000     -6.995106327457423E-002
   13.00000     -6.910249903545670E-002
   14.00000     -6.826048704919838E-002
   15.00000     -6.742500723023959E-002
   16.00000     -6.659603944150937E-002
   17.00000     -6.577356348748477E-002
   18.00000     -6.495755913003076E-002
   19.00000     -6.414800617235179E-002
   20.00000     -6.334488407213601E-002
   21.00000     -6.254817147671032E-002
   22.00000     -6.175785152816757E-002
   23.00000     -6.097390944634132E-002
   24.00000     -6.019628635206315E-002
   25.00000     -5.942495623596029E-002
   26.00000     -5.866019199628566E-002
   27.00000     -5.790177373470457E-002
   28.00000     -5.714813890181782E-002
   29.00000     -5.640155433571509E-002
   30.00000     -5.566821498270579E-002
   31.00000     -5.493463550059741E-002
   32.00000     -5.418537134256182E-002
   33.00000     -5.347752638089460E-002
   34.00000     -5.283508007258818E-002
   35.00000     -5.208280571819414E-002
   36.00000     -5.124510191447977E-002
   37.00000     -5.069164754669871E-002
   38.00000     -5.016301491743872E-002
   39.00000     -4.925939035194065E-002
   40.00000     -4.831091132625783E-002
   41.00000     -4.763651955461210E-002
   42.00000     -4.732590426255429E-002
   43.00000     -4.637271647643362E-002
   44.00000     -4.541151565269646E-002
   45.00000     -4.445445761313670E-002
   46.00000     -4.384330339936555E-002
   47.00000     -4.349995392669044E-002
   48.00000     -4.255772721306394E-002
   49.00000     -4.162339715559684E-002
   50.00000     -4.069903906477459E-002
   51.00000     -3.978574098798588E-002
   52.00000     -3.939088780225991E-002
   53.00000     -3.888302104722464E-002
   54.00000     -3.799326445266826E-002
   55.00000     -3.711591229066329E-002
   56.00000     -3.625146988346150E-002
   57.00000     -3.540026832674003E-002
   58.00000     -3.456265140303780E-002
   59.00000     -3.427237225684605E-002
   60.00000     -3.373833934346942E-002
   61.00000     -3.292815732602249E-002
   62.00000     -3.213186652724394E-002
   63.00000     -3.134956954298757E-002
   64.00000     -3.058130813521741E-002
   65.00000     -2.982709277914426E-002
   66.00000     -2.908691390514481E-002
   67.00000     -2.845396930606022E-002
   68.00000     -2.836049293931266E-002
   69.00000     -2.764837311321117E-002
   70.00000     -2.694994414429208E-002
   71.00000     -2.626525823341339E-002
   72.00000     -2.559421033042243E-002
   73.00000     -2.493667922232513E-002
   74.00000     -2.429253201163915E-002
   75.00000     -2.366162601939122E-002
   76.00000     -2.304381044540278E-002
   77.00000     -2.243892979350948E-002
   78.00000     -2.188673377589608E-002
   79.00000     -2.184662754146340E-002
   80.00000     -2.126725837307043E-002
   81.00000     -2.070015645638855E-002
   82.00000     -2.014529182223315E-002
   83.00000     -1.960248484137352E-002
   84.00000     -1.907155140537901E-002
   85.00000     -1.855230511778992E-002
   86.00000     -1.804455805352813E-002
   87.00000     -1.754812128776986E-002
   88.00000     -1.706280534014437E-002
   89.00000     -1.658842056910969E-002
   90.00000     -1.612477753474581E-002
   91.00000     -1.567168736278354E-002
   92.00000     -1.522896226999567E-002
   93.00000     -1.479641827382433E-002
   94.00000     -1.451200885131487E-002
   95.00000     -1.437383307059308E-002
   96.00000     -1.396109498477086E-002
   97.00000     -1.355796877031140E-002
   98.00000     -1.316428374699728E-002
   99.00000     -1.277986141066206E-002
   100.0000     -1.240452467755122E-002
   101.0000     -1.203809846460846E-002
   102.0000     -1.168040986669990E-002
   103.0000     -1.133128825878802E-002
   104.0000     -1.099056537076184E-002
   105.0000     -1.065807534644123E-002
   106.0000     -1.033365479078970E-002
   107.0000     -1.001714280728926E-002
   108.0000     -9.708381026709310E-003
   109.0000     -9.407213628204411E-003
   110.0000     -9.113487353516622E-003
   111.0000     -8.827051514964497E-003
   112.0000     -8.547757997849226E-003
   113.0000     -8.275461257866136E-003
   114.0000     -8.010018314128861E-003
   115.0000     -7.751288738493955E-003
   116.0000     -7.499134642207882E-003
   117.0000     -7.253420661964488E-003
   118.0000     -7.014013951561822E-003
   119.0000     -6.780784205416324E-003
   120.0000     -6.553603897312569E-003
   121.0000     -6.332353483682211E-003
   122.0000     -6.262618186243619E-003
   123.0000     -6.116880389160090E-003
   124.0000     -5.907104423632408E-003
   125.0000     -5.702887054453684E-003
   126.0000     -5.504113806124715E-003
   127.0000     -5.310670957778869E-003
   128.0000     -5.122446819948016E-003
   129.0000     -4.939331830491212E-003
   130.0000     -4.761218545516646E-003
   131.0000     -4.588001609631632E-003
   132.0000     -4.419577720227750E-003
   133.0000     -4.255845589581901E-003
   134.0000     -4.096705906015792E-003
   135.0000     -3.942061294624453E-003
   136.0000     -3.791816277832817E-003
   137.0000     -3.645877235925318E-003
   138.0000     -3.504152367657360E-003
   139.0000     -3.366551651018226E-003
   140.0000     -3.232986804217340E-003
   141.0000     -3.103371246938462E-003
   142.0000     -2.977620061911731E-003
   143.0000     -2.855649956839850E-003
   144.0000     -2.737379226714093E-003
   145.0000     -2.622727716548560E-003
   146.0000     -2.511616784559477E-003
   147.0000     -2.403969265810478E-003
   148.0000     -2.299709436345473E-003
   149.0000     -2.198762977823279E-003
   150.0000     -2.101056942668706E-003
   151.0000     -2.006519719752010E-003
   152.0000     -1.915081000606398E-003
   153.0000     -1.826671746188915E-003
   154.0000     -1.741224154193666E-003
   155.0000     -1.658671626918231E-003
   156.0000     -1.578948739688472E-003
   157.0000     -1.501991209841176E-003
   158.0000     -1.427735866264638E-003
   159.0000     -1.356120619497815E-003
   160.0000     -1.287084432383542E-003
   161.0000     -1.220567291274087E-003
   162.0000     -1.156510177785628E-003
   163.0000     -1.094855041095024E-003
   164.0000     -1.035544770776440E-003
   165.0000     -9.785231701690358E-004
   166.0000     -9.237349302713256E-004
   167.0000     -8.711256041547038E-004
   168.0000     -8.206415818882864E-004
   169.0000     -7.722300659676070E-004
   170.0000     -7.258390472402882E-004
   171.0000     -6.814172813177386E-004
   172.0000     -6.389142654673793E-004
   173.0000     -5.982802159740377E-004
   174.0000     -5.594660459629956E-004
   175.0000     -5.224233436749905E-004
   176.0000     -4.871043511838856E-004
   177.0000     -4.534619435480384E-004
   178.0000     -4.214496083852908E-004
   179.0000     -3.910214258623184E-004
   180.0000     -3.621320490889870E-004
   181.0000     -3.347366849079305E-004
   182.0000     -3.087910750693281E-004
   183.0000     -2.842514777822131E-004
   184.0000     -2.610746496316269E-004
   185.0000     -2.392178278527483E-004
   186.0000     -2.186387129520443E-004
   187.0000     -1.992954516663028E-004
   188.0000     -1.811466202494106E-004
   189.0000     -1.641512080783288E-004
   190.0000     -1.482686015677683E-004
   191.0000     -1.334585683853730E-004
   192.0000     -1.196812419571752E-004
   193.0000     -1.068971062546336E-004
   194.0000     -9.506698085400934E-005
   195.0000     -8.415200625880791E-005
   196.0000     -7.411362947636047E-005
   197.0000     -6.491358983956705E-005
   198.0000     -5.651390506488804E-005
   199.0000     -4.887685753762647E-005
   200.0000     -4.196498081573331E-005
   201.0000     -3.574104634337222E-005
   202.0000     -3.016805036563613E-005
   203.0000     -2.520920103545997E-005
   204.0000     -2.082790570437310E-005
   205.0000     -1.698775838835497E-005
   206.0000     -1.365252740026319E-005
   207.0000     -1.078614314031162E-005
   208.0000     -8.352686036034349E-006
   209.0000     -6.316374623427721E-006
   210.0000     -4.641553760760806E-006
   211.0000     -3.292682966969862E-006
   212.0000     -2.234324876844336E-006
   213.0000     -1.431133806093125E-006
   214.0000     -8.478444223371630E-007
   215.0000     -4.492605262911337E-007
   216.0000     -2.002439800877748E-007
   217.0000     -6.570396308256973E-008
   218.0000     -1.018354313545030E-008
