  0.0000000E+00 -7.400116226559161E-002
   1.000000     -7.309188032652812E-002
   2.000000     -7.218943422477227E-002
   3.000000     -7.129380469806892E-002
   4.000000     -7.040497243663410E-002
   5.000000     -6.952291808295467E-002
   6.000000     -6.864762223157049E-002
   7.000000     -6.777906542885381E-002
   8.000000     -6.691722817281855E-002
   9.000000     -6.606209091283857E-002
   10.00000     -6.521363404951429E-002
   11.00000     -6.437183793439002E-002
   12.00000     -6.353668286975901E-002
   13.00000     -6.270814910844175E-002
   14.00000     -6.188621685356843E-002
   15.00000     -6.107086625824459E-002
   16.00000     -6.026207742552053E-002
   17.00000     -5.945983041029260E-002
   18.00000     -5.866410521141019E-002
   19.00000     -5.787488174821299E-002
   20.00000     -5.709213858520990E-002
   21.00000     -5.631586018247953E-002
   22.00000     -5.554602058053621E-002
   23.00000     -5.478259924473147E-002
   24.00000     -5.402559165677635E-002
   25.00000     -5.327497928020192E-002
   26.00000     -5.253062239891512E-002
   27.00000     -5.179258075923755E-002
   28.00000     -5.106154085925878E-002
   29.00000     -5.033664961621242E-002
   30.00000     -4.961485199134065E-002
   31.00000     -4.890164171158201E-002
   32.00000     -4.820785387755912E-002
   33.00000     -4.750829384321834E-002
   34.00000     -4.677867888643514E-002
   35.00000     -4.610266160430136E-002
   36.00000     -4.553313814440970E-002
   37.00000     -4.481318301076182E-002
   38.00000     -4.398115210200603E-002
   39.00000     -4.333290352138540E-002
   40.00000     -4.298481501353515E-002
   41.00000     -4.213431662033787E-002
   42.00000     -4.123232135796238E-002
   43.00000     -4.033092607267977E-002
   44.00000     -4.006388295203998E-002
   45.00000     -3.941040390219632E-002
   46.00000     -3.850943049161924E-002
   47.00000     -3.761336361793378E-002
   48.00000     -3.672522941049833E-002
   49.00000     -3.616739079031746E-002
   50.00000     -3.584369229776706E-002
   51.00000     -3.497492894300962E-002
   52.00000     -3.411615080233568E-002
   53.00000     -3.326866896640471E-002
   54.00000     -3.243309048494469E-002
   55.00000     -3.162167861716161E-002
   56.00000     -3.160141958098323E-002
   57.00000     -3.079883055903583E-002
   58.00000     -3.000114742626707E-002
   59.00000     -2.921658567001334E-002
   60.00000     -2.844534831994194E-002
   61.00000     -2.768757210277439E-002
   62.00000     -2.694336743250482E-002
   63.00000     -2.639986729440272E-002
   64.00000     -2.621250028946182E-002
   65.00000     -2.549562432882721E-002
   66.00000     -2.479225046771009E-002
   67.00000     -2.410246200781119E-002
   68.00000     -2.342621704417741E-002
   69.00000     -2.276344977321595E-002
   70.00000     -2.211407692384806E-002
   71.00000     -2.147800130854365E-002
   72.00000     -2.085512377665967E-002
   73.00000     -2.048874925007299E-002
   74.00000     -2.024520520828843E-002
   75.00000     -1.964832599734703E-002
   76.00000     -1.906420114922061E-002
   77.00000     -1.849270551986017E-002
   78.00000     -1.793368459518409E-002
   79.00000     -1.738697650919940E-002
   80.00000     -1.685241422980961E-002
   81.00000     -1.632982659541606E-002
   82.00000     -1.581903910937828E-002
   83.00000     -1.531987465406416E-002
   84.00000     -1.483215426465796E-002
   85.00000     -1.435569881220887E-002
   86.00000     -1.389038345953467E-002
   87.00000     -1.383022522690804E-002
   88.00000     -1.343581943157118E-002
   89.00000     -1.299205865931582E-002
   90.00000     -1.255882563686078E-002
   91.00000     -1.213594096612689E-002
   92.00000     -1.172322334884698E-002
   93.00000     -1.132049203185430E-002
   94.00000     -1.092756731227404E-002
   95.00000     -1.054427080693431E-002
   96.00000     -1.017042565490106E-002
   97.00000     -9.805856686646059E-003
   98.00000     -9.450390569962365E-003
   99.00000     -9.103855936974745E-003
   100.0000     -8.766083494854438E-003
   101.0000     -8.436906122211870E-003
   102.0000     -8.116158953105138E-003
   103.0000     -7.803679451179469E-003
   104.0000     -7.499307478880360E-003
   105.0000     -7.202885376905230E-003
   106.0000     -6.914258126157619E-003
   107.0000     -6.633274245885286E-003
   108.0000     -6.364977361237310E-003
   109.0000     -6.359516502885692E-003
   110.0000     -6.093617975584547E-003
   111.0000     -5.834667650501445E-003
   112.0000     -5.582771707978641E-003
   113.0000     -5.337791323768305E-003
   114.0000     -5.099589280187949E-003
   115.0000     -4.868030750627987E-003
   116.0000     -4.642983403608894E-003
   117.0000     -4.424317417747027E-003
   118.0000     -4.211905474745751E-003
   119.0000     -4.005622744211321E-003
   120.0000     -3.805346864318092E-003
   121.0000     -3.610957919866447E-003
   122.0000     -3.422338418512328E-003
   123.0000     -3.239373265659355E-003
   124.0000     -3.061949738378711E-003
   125.0000     -2.889957458676454E-003
   126.0000     -2.723288366390529E-003
   127.0000     -2.561836691989907E-003
   128.0000     -2.405498929539364E-003
   129.0000     -2.254173810101104E-003
   130.0000     -2.107762275841929E-003
   131.0000     -1.966167455131961E-003
   132.0000     -1.829294638940880E-003
   133.0000     -1.697051258853792E-003
   134.0000     -1.569346867074047E-003
   135.0000     -1.446093118810767E-003
   136.0000     -1.327203757515513E-003
   137.0000     -1.212594603492541E-003
   138.0000     -1.102183546505346E-003
   139.0000     -9.958905431070972E-004
   140.0000     -8.936376195764628E-004
   141.0000     -7.953488815165445E-004
   142.0000     -7.009505314214392E-004
   143.0000     -6.103708958191396E-004
   144.0000     -5.235404640085928E-004
   145.0000     -4.403919409422969E-004
   146.0000     -3.608603175224228E-004
   147.0000     -2.848829625448124E-004
   148.0000     -2.123997418512904E-004
   149.0000     -1.433531720918847E-004
   150.0000     -7.768861910817582E-005
   151.0000     -1.535455470283202E-005
