  0.0000000E+00 -8.038746206627959E-002
   1.000000     -7.945948685471271E-002
   2.000000     -7.853830694377589E-002
   3.000000     -7.762389656220268E-002
   4.000000     -7.671623828370400E-002
   5.000000     -7.581531253440567E-002
   6.000000     -7.492109969108607E-002
   7.000000     -7.403358008095022E-002
   8.000000     -7.315273398139797E-002
   9.000000     -7.227854161979572E-002
   10.00000     -7.141098317324286E-002
   11.00000     -7.055003876834066E-002
   12.00000     -6.969568848096011E-002
   13.00000     -6.884791233599900E-002
   14.00000     -6.800669030711866E-002
   15.00000     -6.717200231679589E-002
   16.00000     -6.634382823617406E-002
   17.00000     -6.552214787819793E-002
   18.00000     -6.470694100993921E-002
   19.00000     -6.389818744232761E-002
   20.00000     -6.309586668586221E-002
   21.00000     -6.229995733499582E-002
   22.00000     -6.151044209962966E-002
   23.00000     -6.072730738656873E-002
   24.00000     -5.995049701759712E-002
   25.00000     -5.917997222696314E-002
   26.00000     -5.841599812594878E-002
   27.00000     -5.765844691194534E-002
   28.00000     -5.690572460096794E-002
   29.00000     -5.615961532240371E-002
   30.00000     -5.542681427386225E-002
   31.00000     -5.469559117473215E-002
   32.00000     -5.394757233186519E-002
   33.00000     -5.323435628134968E-002
   34.00000     -5.259519466477441E-002
   35.00000     -5.185545840009636E-002
   36.00000     -5.101805416124897E-002
   37.00000     -5.042289763699864E-002
   38.00000     -4.993934284816388E-002
   39.00000     -4.904709892104527E-002
   40.00000     -4.810123935928273E-002
   41.00000     -4.734433725024526E-002
   42.00000     -4.711384525560462E-002
   43.00000     -4.616843217016101E-002
   44.00000     -4.520942791917219E-002
   45.00000     -4.425422238989443E-002
   46.00000     -4.353976014963117E-002
   47.00000     -4.330099639535202E-002
   48.00000     -4.236138629609244E-002
   49.00000     -4.142888393014264E-002
   50.00000     -4.050628940650115E-002
   51.00000     -3.959464240423836E-002
   52.00000     -3.908233512281216E-002
   53.00000     -3.869363217006069E-002
   54.00000     -3.780562617064243E-002
   55.00000     -3.692992758001851E-002
   56.00000     -3.606711015459649E-002
   57.00000     -3.521750796164098E-002
   58.00000     -3.438142438382583E-002
   59.00000     -3.395989284882103E-002
   60.00000     -3.355869774234368E-002
   61.00000     -3.275008108837835E-002
   62.00000     -3.195531498405649E-002
   63.00000     -3.117452320268613E-002
   64.00000     -3.040774929194155E-002
   65.00000     -2.965500421366705E-002
   66.00000     -2.891627616142016E-002
   67.00000     -2.819179973438801E-002
   68.00000     -2.813722975824930E-002
   69.00000     -2.748059984120148E-002
   70.00000     -2.678358379757220E-002
   71.00000     -2.610029381897606E-002
   72.00000     -2.543062760487835E-002
   73.00000     -2.477446460966486E-002
   74.00000     -2.413167235719392E-002
   75.00000     -2.350210849655637E-002
   76.00000     -2.288562238732340E-002
   77.00000     -2.228205742876802E-002
   78.00000     -2.169128578852939E-002
   79.00000     -2.156663768198121E-002
   80.00000     -2.111298593006142E-002
   81.00000     -2.054717042690869E-002
   82.00000     -1.999357893321983E-002
   83.00000     -1.945203421252378E-002
   84.00000     -1.892235266374702E-002
   85.00000     -1.840434821491835E-002
   86.00000     -1.789783322294800E-002
   87.00000     -1.740261902809218E-002
   88.00000     -1.691851640446650E-002
   89.00000     -1.644533595495822E-002
   90.00000     -1.598288846905463E-002
   91.00000     -1.553098526429915E-002
   92.00000     -1.508943858233125E-002
   93.00000     -1.465806258807879E-002
   94.00000     -1.423671313971359E-002
   95.00000     -1.418844541161577E-002
   96.00000     -1.382505912882273E-002
   97.00000     -1.342308262501921E-002
   98.00000     -1.303053886828458E-002
   99.00000     -1.264725067182970E-002
   100.0000     -1.227304130914535E-002
   101.0000     -1.190773594366826E-002
   102.0000     -1.155116189002659E-002
   103.0000     -1.120314873286850E-002
   104.0000     -1.086352840637173E-002
   105.0000     -1.053213525491882E-002
   106.0000     -1.020880608101282E-002
   107.0000     -9.893380183008076E-003
   108.0000     -9.585699384077854E-003
   109.0000     -9.285608053439497E-003
   110.0000     -8.992953120636740E-003
   111.0000     -8.707584083581309E-003
   112.0000     -8.429353010965283E-003
   113.0000     -8.158114539628666E-003
   114.0000     -7.893725867413671E-003
   115.0000     -7.636046742083525E-003
   116.0000     -7.384939446936073E-003
   117.0000     -7.140268784089541E-003
   118.0000     -6.901902057429751E-003
   119.0000     -6.669709061128065E-003
   120.0000     -6.443562098614323E-003
   121.0000     -6.223336202741714E-003
   122.0000     -6.008913638650714E-003
   123.0000     -5.935485873165496E-003
   124.0000     -5.800146642405971E-003
   125.0000     -5.596955426196247E-003
   126.0000     -5.399204320775665E-003
   127.0000     -5.206781384788937E-003
   128.0000     -5.019575275366688E-003
   129.0000     -4.837476634953778E-003
   130.0000     -4.660378192567398E-003
   131.0000     -4.488174755166225E-003
   132.0000     -4.320763177780403E-003
   133.0000     -4.158042327635211E-003
   134.0000     -3.999913046141502E-003
   135.0000     -3.846278110019624E-003
   136.0000     -3.697042192063737E-003
   137.0000     -3.552111821801475E-003
   138.0000     -3.411395346192151E-003
   139.0000     -3.274802890459921E-003
   140.0000     -3.142246319134799E-003
   141.0000     -3.013639197359331E-003
   142.0000     -2.888896752507911E-003
   143.0000     -2.767935836160476E-003
   144.0000     -2.650674886463377E-003
   145.0000     -2.537033890911165E-003
   146.0000     -2.426934349571200E-003
   147.0000     -2.320299238778916E-003
   148.0000     -2.217052975318208E-003
   149.0000     -2.117121381107658E-003
   150.0000     -2.020431648403963E-003
   151.0000     -1.926912305537099E-003
   152.0000     -1.836493183183510E-003
   153.0000     -1.749105381188492E-003
   154.0000     -1.664681235941515E-003
   155.0000     -1.583154288309108E-003
   156.0000     -1.504459252130489E-003
   157.0000     -1.428531983273544E-003
   158.0000     -1.355309449256376E-003
   159.0000     -1.284729699429659E-003
   160.0000     -1.216731835721287E-003
   161.0000     -1.151255983939512E-003
   162.0000     -1.088243265631739E-003
   163.0000     -1.027635770496735E-003
   164.0000     -9.693765293430970E-004
   165.0000     -9.134094875931272E-004
   166.0000     -8.596794793237671E-004
   167.0000     -8.081322018423314E-004
   168.0000     -7.587141907895214E-004
   169.0000     -7.113727957657931E-004
   170.0000     -6.660561564754747E-004
   171.0000     -6.227131793833101E-004
   172.0000     -5.812935148798008E-004
   173.0000     -5.417475349497013E-004
   174.0000     -5.040263113420271E-004
   175.0000     -4.680815942380492E-004
   176.0000     -4.338657914163430E-004
   177.0000     -4.013319479158287E-004
   178.0000     -3.704337261986314E-004
   179.0000     -3.411253868186418E-004
   180.0000     -3.133617696035644E-004
   181.0000     -2.870982753636127E-004
   182.0000     -2.622908481448912E-004
   183.0000     -2.388959580527726E-004
   184.0000     -2.168705846800260E-004
   185.0000     -1.961722011858779E-004
   186.0000     -1.767587590893471E-004
   187.0000     -1.585886738609848E-004
   188.0000     -1.416208114263370E-004
   189.0000     -1.258144757354814E-004
   190.0000     -1.111293976075404E-004
   191.0000     -9.752572513881984E-005
   192.0000     -8.496401607562212E-005
   193.0000     -7.340523271821835E-005
   194.0000     -6.281074016832346E-005
   195.0000     -5.314230910821503E-005
   196.0000     -4.436212488689221E-005
   197.0000     -3.643280563572300E-005
   198.0000     -2.931743371508972E-005
   199.0000     -2.297960753140660E-005
   200.0000     -1.738352574242666E-005
   201.0000     -1.249412544662923E-005
   202.0000     -8.277315717702379E-006
   203.0000     -4.700392446693860E-006
   204.0000     -1.732833779262158E-006
