  0.0000000E+00 -1.868399973752205E-002
   1.000000     -1.805426274843499E-002
   2.000000     -1.743774030798458E-002
   3.000000     -1.683432615657716E-002
   4.000000     -1.624391328923119E-002
   5.000000     -1.566639394602323E-002
   6.000000     -1.510165960243616E-002
   7.000000     -1.454960095959956E-002
   8.000000     -1.401010793443632E-002
   9.000000     -1.348306964971242E-002
   10.00000     -1.296837442399638E-002
   11.00000     -1.246590976152791E-002
   12.00000     -1.197556234201837E-002
   13.00000     -1.149721801036325E-002
   14.00000     -1.103076176629562E-002
   15.00000     -1.057607775398084E-002
   16.00000     -1.013304925155786E-002
   17.00000     -9.701558660641227E-003
   18.00000     -9.281487495796803E-003
   19.00000     -8.872716373998510E-003
   20.00000     -8.475125004085727E-003
   21.00000     -8.088592176231826E-003
   22.00000     -7.712995751449075E-003
   23.00000     -7.348212651140267E-003
   24.00000     -6.994118846729189E-003
   25.00000     -6.650589349390465E-003
   26.00000     -6.317498199903412E-003
   27.00000     -5.994718458674937E-003
   28.00000     -5.682122195951011E-003
   29.00000     -5.379580482272153E-003
   30.00000     -5.086963379212836E-003
   31.00000     -4.804139930460466E-003
   32.00000     -4.530978153291180E-003
   33.00000     -4.267345030519581E-003
   34.00000     -4.013106502998518E-003
   35.00000     -3.768127462760141E-003
   36.00000     -3.532271746910926E-003
   37.00000     -3.305402132404346E-003
   38.00000     -3.087380331839524E-003
   39.00000     -2.878066990458941E-003
   40.00000     -2.677321684552233E-003
   41.00000     -2.485002921513481E-003
   42.00000     -2.300968141841614E-003
   43.00000     -2.125073723446942E-003
   44.00000     -1.957174988692632E-003
   45.00000     -1.797126214703137E-003
   46.00000     -1.644780647596520E-003
   47.00000     -1.499990521460062E-003
   48.00000     -1.362607083097507E-003
   49.00000     -1.232480623857806E-003
   50.00000     -1.109460520225830E-003
   51.00000     -9.933952853584975E-004
   52.00000     -8.841326344342105E-004
   53.00000     -7.815195676434284E-004
   54.00000     -6.854024759861101E-004
   55.00000     -5.956272769794637E-004
   56.00000     -5.120395902032994E-004
   57.00000     -4.344849668373190E-004
   58.00000     -3.628091938277777E-004
   59.00000     -2.968587035358030E-004
   60.00000     -2.364811363442111E-004
   61.00000     -1.815261317935002E-004
   62.00000     -1.318464734117851E-004
   63.00000     -8.729980470863879E-005
   64.00000     -4.775131708891294E-005
   65.00000     -1.307820523784499E-005
