  0.0000000E+00 -1.798394379819120E-002
   1.000000     -1.736002971540282E-002
   2.000000     -1.674937079837500E-002
   3.000000     -1.615186138548196E-002
   4.000000     -1.556739508323630E-002
   5.000000     -1.499586475725061E-002
   6.000000     -1.443716252312722E-002
   7.000000     -1.389117973727334E-002
   8.000000     -1.335780698767585E-002
   9.000000     -1.283693408460638E-002
   10.00000     -1.232845005130028E-002
   11.00000     -1.183224311459803E-002
   12.00000     -1.134820069556797E-002
   13.00000     -1.087620940012376E-002
   14.00000     -1.041615500965146E-002
   15.00000     -9.967922471656149E-003
   16.00000     -9.531395890458058E-003
   17.00000     -9.106458517951348E-003
   18.00000     -8.692992744453570E-003
   19.00000     -8.290880089665718E-003
   20.00000     -7.900001193789172E-003
   21.00000     -7.520235808816006E-003
   22.00000     -7.151462790046189E-003
   23.00000     -6.793560087873784E-003
   24.00000     -6.446404739891090E-003
   25.00000     -6.109872863374503E-003
   26.00000     -5.783839648217735E-003
   27.00000     -5.468179350394287E-003
   28.00000     -5.162765286039450E-003
   29.00000     -4.867469826255165E-003
   30.00000     -4.582164392764287E-003
   31.00000     -4.306719454559390E-003
   32.00000     -4.041004525704156E-003
   33.00000     -3.784888164502814E-003
   34.00000     -3.538237974253725E-003
   35.00000     -3.300920605879647E-003
   36.00000     -3.072801762758036E-003
   37.00000     -2.853746208157588E-003
   38.00000     -2.643617775758035E-003
   39.00000     -2.442279383843530E-003
   40.00000     -2.249593053886073E-003
   41.00000     -2.065419934405767E-003
   42.00000     -1.889620331204612E-003
   43.00000     -1.722053745355442E-003
   44.00000     -1.562578920681002E-003
   45.00000     -1.411053902946782E-003
   46.00000     -1.267336113625932E-003
   47.00000     -1.131282441965045E-003
   48.00000     -1.002749360265129E-003
   49.00000     -8.815930689548891E-004
   50.00000     -7.676696803685108E-004
   51.00000     -6.608354535230075E-004
   52.00000     -5.609470971557711E-004
   53.00000     -4.678621657487738E-004
   54.00000     -3.814395848035133E-004
   55.00000     -3.015403599593435E-004
   56.00000     -2.280285546988231E-004
   57.00000     -1.607726729837685E-004
   58.00000     -9.964767574682616E-005
   59.00000     -4.453803602119302E-005
