  0.0000000E+00 -1.784670932406014E-002
   1.000000     -1.722394330541867E-002
   2.000000     -1.661444061442151E-002
   3.000000     -1.601809571542553E-002
   4.000000     -1.543480234407339E-002
   5.000000     -1.486445349838509E-002
   6.000000     -1.430694142978611E-002
   7.000000     -1.376215763408813E-002
   8.000000     -1.322999284241678E-002
   9.000000     -1.271033701210496E-002
   10.00000     -1.220307931755973E-002
   11.00000     -1.170810814111196E-002
   12.00000     -1.122531106386965E-002
   13.00000     -1.075457485657548E-002
   14.00000     -1.029578547050309E-002
   15.00000     -9.848828028396981E-003
   16.00000     -9.413586815484735E-003
   17.00000     -8.989945270586412E-003
   18.00000     -8.577785977344609E-003
   19.00000     -8.176990655611824E-003
   20.00000     -7.787440153026891E-003
   21.00000     -7.409014436823778E-003
   22.00000     -7.041592585919284E-003
   23.00000     -6.685052783333332E-003
   24.00000     -6.339272309000733E-003
   25.00000     -6.004127533048681E-003
   26.00000     -5.679493909616366E-003
   27.00000     -5.365245971313408E-003
   28.00000     -5.061257324427100E-003
   29.00000     -4.767400644998033E-003
   30.00000     -4.483547675917749E-003
   31.00000     -4.209569225218928E-003
   32.00000     -3.945335165758541E-003
   33.00000     -3.690714436535207E-003
   34.00000     -3.445575045928246E-003
   35.00000     -3.209784077191354E-003
   36.00000     -2.983207696615274E-003
   37.00000     -2.765711164846541E-003
   38.00000     -2.557158851961532E-003
   39.00000     -2.357414257024223E-003
   40.00000     -2.166340033027044E-003
   41.00000     -1.983798018326423E-003
   42.00000     -1.809649275965841E-003
   43.00000     -1.643754142639632E-003
   44.00000     -1.485972289530246E-003
   45.00000     -1.336162797884644E-003
   46.00000     -1.194184253061112E-003
   47.00000     -1.059894861938602E-003
   48.00000     -9.331526002193830E-004
   49.00000     -8.138153984355512E-004
   50.00000     -7.017413787594908E-004
   51.00000     -5.967891595186827E-004
   52.00000     -4.988182514923789E-004
   53.00000     -4.076895810764471E-004
   54.00000     -3.232661927514148E-004
   55.00000     -2.454142115779090E-004
   56.00000     -1.740041943290008E-004
   57.00000     -1.089130827134990E-004
   58.00000     -5.002713085850601E-005
