  0.0000000E+00 -1.881605345125525E-002
   1.000000     -1.818522427028480E-002
   2.000000     -1.756760216195117E-002
   3.000000     -1.696308076188022E-002
   4.000000     -1.637155295818950E-002
   5.000000     -1.579291088187869E-002
   6.000000     -1.522704589710003E-002
   7.000000     -1.467384859132765E-002
   8.000000     -1.413320876542652E-002
   9.000000     -1.360501542361250E-002
   10.00000     -1.308915676332769E-002
   11.00000     -1.258552016501344E-002
   12.00000     -1.209399218180019E-002
   13.00000     -1.161445852911852E-002
   14.00000     -1.114680407422822E-002
   15.00000     -1.069091282568480E-002
   16.00000     -1.024666792274258E-002
   17.00000     -9.813951624703388E-003
   18.00000     -9.392645300230703E-003
   19.00000     -8.982629416624420E-003
   20.00000     -8.583783529082772E-003
   21.00000     -8.195986269955758E-003
   22.00000     -7.819115338014318E-003
   23.00000     -7.453047487740840E-003
   24.00000     -7.097658518670791E-003
   25.00000     -6.752823264804727E-003
   26.00000     -6.418415584109451E-003
   27.00000     -6.094308348142320E-003
   28.00000     -5.780373431826405E-003
   29.00000     -5.476481703408132E-003
   30.00000     -5.182503014646169E-003
   31.00000     -4.898306191261401E-003
   32.00000     -4.623759023710864E-003
   33.00000     -4.358728258334527E-003
   34.00000     -4.103079588946346E-003
   35.00000     -3.856677648937193E-003
   36.00000     -3.619386003983492E-003
   37.00000     -3.391067145455610E-003
   38.00000     -3.171582484645341E-003
   39.00000     -2.960792347945464E-003
   40.00000     -2.758555973142514E-003
   41.00000     -2.564731507011229E-003
   42.00000     -2.379176004432921E-003
   43.00000     -2.201745429306019E-003
   44.00000     -2.032294657576298E-003
   45.00000     -1.870677482772580E-003
   46.00000     -1.716746624536352E-003
   47.00000     -1.570353740734771E-003
   48.00000     -1.431349443900750E-003
   49.00000     -1.299583322930022E-003
   50.00000     -1.174903971219900E-003
   51.00000     -1.057159022772257E-003
   52.00000     -9.461951982343880E-004
   53.00000     -8.418583634802742E-004
   54.00000     -7.439936042005122E-004
   55.00000     -6.524453211934841E-004
   56.00000     -5.670573528156277E-004
   57.00000     -4.876731336301194E-004
   58.00000     -4.141359021654104E-004
   59.00000     -3.462889766437013E-004
   60.00000     -2.839761269318918E-004
   61.00000     -2.270420862936099E-004
   62.00000     -1.753332724818127E-004
   63.00000     -1.286988336716889E-004
   64.00000     -8.699222055375527E-005
   65.00000     -5.007365694236329E-005
   66.00000     -1.781425131493417E-005
