  0.0000000E+00 -1.705132603220878E-002
   1.000000     -1.643525749739634E-002
   2.000000     -1.583250094419742E-002
   3.000000     -1.524295162824453E-002
   4.000000     -1.466650409822697E-002
   5.000000     -1.410305218802397E-002
   6.000000     -1.355248900884484E-002
   7.000000     -1.301470694142031E-002
   8.000000     -1.248959762822415E-002
   9.000000     -1.197705196578311E-002
   10.00000     -1.147696009706727E-002
   11.00000     -1.098921140400228E-002
   12.00000     -1.051369450012768E-002
   13.00000     -1.005029722343046E-002
   14.00000     -9.598906629397020E-003
   15.00000     -9.159408984318423E-003
   16.00000     -8.731689758897633E-003
   17.00000     -8.315633622218162E-003
   18.00000     -7.911124436129459E-003
   19.00000     -7.518045250120689E-003
   20.00000     -7.136278296768691E-003
   21.00000     -6.765704987847300E-003
   22.00000     -6.406205911211428E-003
   23.00000     -6.057660828577101E-003
   24.00000     -5.719948674342782E-003
   25.00000     -5.392947555625087E-003
   26.00000     -5.076534753698841E-003
   27.00000     -4.770586727080215E-003
   28.00000     -4.474979116522509E-003
   29.00000     -4.189586752246651E-003
   30.00000     -3.914283663794204E-003
   31.00000     -3.648943092955737E-003
   32.00000     -3.393437510329483E-003
   33.00000     -3.147638636173592E-003
   34.00000     -2.911417466354732E-003
   35.00000     -2.684644304383522E-003
   36.00000     -2.467188800744946E-003
   37.00000     -2.258920001027234E-003
   38.00000     -2.059706404722170E-003
   39.00000     -1.869416037058582E-003
   40.00000     -1.687916536865201E-003
   41.00000     -1.515075264312993E-003
   42.00000     -1.350759433520434E-003
   43.00000     -1.194836276569426E-003
   44.00000     -1.047173247621964E-003
   45.00000     -9.076382788571945E-004
   46.00000     -7.761001042611000E-004
   47.00000     -6.524286736063787E-004
   48.00000     -5.364956883460038E-004
   49.00000     -4.281753054864727E-004
   50.00000     -3.273450780577206E-004
   51.00000     -2.338872374031316E-004
   52.00000     -1.476904842735921E-004
   53.00000     -6.865256465672508E-005
