  0.0000000E+00 -1.608387538309462E-002
   1.000000     -1.547605630545787E-002
   2.000000     -1.488161166737444E-002
   3.000000     -1.430043784077688E-002
   4.000000     -1.373243052652761E-002
   5.000000     -1.317748474853339E-002
   6.000000     -1.263549484805817E-002
   7.000000     -1.210635447824372E-002
   8.000000     -1.158995659889367E-002
   9.000000     -1.108619347155526E-002
   10.00000     -1.059495665495194E-002
   11.00000     -1.011613700081748E-002
   12.00000     -9.649624650205245E-003
   13.00000     -9.195309030329751E-003
   14.00000     -8.753078852036926E-003
   15.00000     -8.322822107990534E-003
   16.00000     -7.904426071685877E-003
   17.00000     -7.497777297413645E-003
   18.00000     -7.102761621321823E-003
   19.00000     -6.719264163739708E-003
   20.00000     -6.347169332961277E-003
   21.00000     -5.986360830710832E-003
   22.00000     -5.636721659559724E-003
   23.00000     -5.298134132602831E-003
   24.00000     -4.970479885758516E-003
   25.00000     -4.653639893133426E-003
   26.00000     -4.347494485956248E-003
   27.00000     -4.051923375706595E-003
   28.00000     -3.766805682170182E-003
   29.00000     -3.492019967315822E-003
   30.00000     -3.227444276075240E-003
   31.00000     -2.972956185350435E-003
   32.00000     -2.728432862870940E-003
   33.00000     -2.493751137920602E-003
   34.00000     -2.268787586444610E-003
   35.00000     -2.053418633702679E-003
   36.00000     -1.847520678488568E-003
   37.00000     -1.650970244068862E-003
   38.00000     -1.463644162523688E-003
   39.00000     -1.285419801250752E-003
   40.00000     -1.116175343270789E-003
   41.00000     -9.557901370159369E-004
   42.00000     -8.041451370608808E-004
   43.00000     -6.611234656882547E-004
   44.00000     -5.266111377552882E-004
   45.00000     -4.004980105591895E-004
   46.00000     -2.826790506688967E-004
   47.00000     -1.730560589342189E-004
   48.00000     -7.154007815116636E-005
