  0.0000000E+00 -1.529474133356585E-002
   1.000000     -1.469373844522233E-002
   2.000000     -1.410616381557728E-002
   3.000000     -1.353191486854263E-002
   4.000000     -1.297088839538324E-002
   5.000000     -1.242298055122588E-002
   6.000000     -1.188808685196681E-002
   7.000000     -1.136610217164428E-002
   8.000000     -1.085692074033181E-002
   9.000000     -1.036043614264010E-002
   10.00000     -9.876541316905236E-003
   11.00000     -9.405128555166418E-003
   12.00000     -8.946089504043278E-003
   13.00000     -8.499315166648537E-003
   14.00000     -8.064695905677500E-003
   15.00000     -7.642121447847405E-003
   16.00000     -7.231480889899798E-003
   17.00000     -6.832662706370510E-003
   18.00000     -6.445554759426517E-003
   19.00000     -6.070044311059704E-003
   20.00000     -5.706018038024132E-003
   21.00000     -5.353362049938360E-003
   22.00000     -5.011961911075197E-003
   23.00000     -4.681702666448190E-003
   24.00000     -4.362468872917945E-003
   25.00000     -4.054144636199321E-003
   26.00000     -3.756613654814906E-003
   27.00000     -3.469759272283471E-003
   28.00000     -3.193464539090259E-003
   29.00000     -2.927612286364462E-003
   30.00000     -2.672085213628989E-003
   31.00000     -2.426765993579298E-003
   32.00000     -2.191537397603297E-003
   33.00000     -1.966282446753015E-003
   34.00000     -1.750884594201525E-003
   35.00000     -1.545227946987065E-003
   36.00000     -1.349197537273755E-003
   37.00000     -1.162679656674954E-003
   38.00000     -9.855622718740978E-004
   39.00000     -8.177355464448250E-004
   40.00000     -6.590925034851270E-004
   41.00000     -5.095298781412578E-004
   42.00000     -3.689492311565157E-004
   43.00000     -2.372584292166955E-004
   44.00000     -1.143736540606770E-004
   45.00000     -2.221970596501798E-007
