  0.0000000E+00 -1.465600474360386E-002
   1.000000     -1.406057864786405E-002
   2.000000     -1.347862640499136E-002
   3.000000     -1.291004639502066E-002
   4.000000     -1.235473640360722E-002
   5.000000     -1.181259362111120E-002
   6.000000     -1.128351464231408E-002
   7.000000     -1.076739546687773E-002
   8.000000     -1.026413150063922E-002
   9.000000     -9.773617557859923E-003
   10.00000     -9.295747864555344E-003
   11.00000     -8.830416063064228E-003
   12.00000     -8.377515218028481E-003
   13.00000     -7.936937823980370E-003
   14.00000     -7.508575814780057E-003
   15.00000     -7.092320575163443E-003
   16.00000     -6.688062954719250E-003
   17.00000     -6.295693284665919E-003
   18.00000     -5.915101397851821E-003
   19.00000     -5.546176652493513E-003
   20.00000     -5.188807960252968E-003
   21.00000     -4.842883819361698E-003
   22.00000     -4.508292353650024E-003
   23.00000     -4.184921358502849E-003
   24.00000     -3.872658354973618E-003
   25.00000     -3.571390653560045E-003
   26.00000     -3.281005429463035E-003
   27.00000     -3.001389811584304E-003
   28.00000     -2.732430988043193E-003
   29.00000     -2.474016331689840E-003
   30.00000     -2.226033549983164E-003
   31.00000     -1.988370864790344E-003
   32.00000     -1.760917229222875E-003
   33.00000     -1.543562590739103E-003
   34.00000     -1.336198212616928E-003
   35.00000     -1.138717069879665E-003
   36.00000     -9.510143413493377E-004
   37.00000     -7.729880275175955E-004
   38.00000     -6.045397356237519E-004
   39.00000     -4.455756908177525E-004
   40.00000     -2.960080590955989E-004
   41.00000     -1.557567100146852E-004
   42.00000     -2.475161630259288E-005
