  0.0000000E+00 -1.919013867830964E-002
   1.000000     -1.855622600301723E-002
   2.000000     -1.793549953165235E-002
   3.000000     -1.732785261606775E-002
   4.000000     -1.673317785530975E-002
   5.000000     -1.615136708586254E-002
   6.000000     -1.558231137177259E-002
   7.000000     -1.502590099465879E-002
   8.000000     -1.448202544361633E-002
   9.000000     -1.395057340500039E-002
   10.00000     -1.343143275211144E-002
   11.00000     -1.292449053477117E-002
   12.00000     -1.242963296880242E-002
   13.00000     -1.194674542540914E-002
   14.00000     -1.147571242046358E-002
   15.00000     -1.101641760371411E-002
   16.00000     -1.056874374789888E-002
   17.00000     -1.013257273780006E-002
   18.00000     -9.707785559220918E-003
   19.00000     -9.294262287903490E-003
   20.00000     -8.891882078400073E-003
   21.00000     -8.500523152901451E-003
   22.00000     -8.120062790034030E-003
   23.00000     -7.750377313639240E-003
   24.00000     -7.391342081546998E-003
   25.00000     -7.042831474361967E-003
   26.00000     -6.704718884268446E-003
   27.00000     -6.376876703884472E-003
   28.00000     -6.059176315173847E-003
   29.00000     -5.751488078445951E-003
   30.00000     -5.453681321460160E-003
   31.00000     -5.165624328666173E-003
   32.00000     -4.887184330608856E-003
   33.00000     -4.618227493527419E-003
   34.00000     -4.358618909190193E-003
   35.00000     -4.108222585001188E-003
   36.00000     -3.866901434426729E-003
   37.00000     -3.634517267793256E-003
   38.00000     -3.410930783513021E-003
   39.00000     -3.196001559805359E-003
   40.00000     -2.989588046986953E-003
   41.00000     -2.791547560417407E-003
   42.00000     -2.601736274198562E-003
   43.00000     -2.420009215743933E-003
   44.00000     -2.246220261347156E-003
   45.00000     -2.080222132911862E-003
   46.00000     -1.921866396023192E-003
   47.00000     -1.771003459585919E-003
   48.00000     -1.627482577291313E-003
   49.00000     -1.491151851240124E-003
   50.00000     -1.361858238111841E-003
   51.00000     -1.239447558374243E-003
   52.00000     -1.123764509144433E-003
   53.00000     -1.014652681474867E-003
   54.00000     -9.119545830588597E-004
   55.00000     -8.155116676416477E-004
   56.00000     -7.251643728262458E-004
   57.00000     -6.407521685280793E-004
   58.00000     -5.621136191280250E-004
   59.00000     -4.890864635192264E-004
   60.00000     -4.215077189313300E-004
   61.00000     -3.592138169452573E-004
   62.00000     -3.020407840051492E-004
   63.00000     -2.498244848935010E-004
   64.00000     -2.024009576948662E-004
   65.00000     -1.596068858138590E-004
   66.00000     -1.212802827798595E-004
   67.00000     -8.726152181378977E-005
   68.00000     -5.739495391793320E-005
   69.00000     -3.153159894940070E-005
   70.00000     -9.533969462873020E-006
