  0.0000000E+00 -1.470879472960751E-002
   1.000000     -1.432350114278804E-002
   2.000000     -1.394007942491349E-002
   3.000000     -1.364081780112281E-002
   4.000000     -1.308893480436982E-002
   5.000000     -1.279739277349540E-002
   6.000000     -1.233296693678801E-002
   7.000000     -1.151144212934902E-002
   8.000000     -1.068522673340392E-002
   9.000000     -1.066026098869387E-002
   10.00000     -9.817549746899124E-003
   11.00000     -8.995945933956638E-003
   12.00000     -8.209680744015374E-003
   13.00000     -7.465929119588182E-003
   14.00000     -7.007923042407647E-003
   15.00000     -6.768406525569077E-003
   16.00000     -6.118586934746419E-003
   17.00000     -5.516218808301131E-003
   18.00000     -4.960047105980395E-003
   19.00000     -4.448125308463006E-003
   20.00000     -3.978096105463858E-003
   21.00000     -3.547384095624694E-003
   22.00000     -3.153330161678017E-003
   23.00000     -2.793283783079401E-003
   24.00000     -2.464664946905336E-003
   25.00000     -2.165004153037347E-003
   26.00000     -1.891966726082255E-003
   27.00000     -1.643365985659571E-003
   28.00000     -1.417168646717246E-003
   29.00000     -1.211495909583016E-003
   30.00000     -1.137297869219570E-003
   31.00000     -1.024609610136956E-003
   32.00000     -8.549337590490558E-004
   33.00000     -7.010113316861008E-004
   34.00000     -5.615198445094217E-004
   35.00000     -4.352554126957213E-004
   36.00000     -3.211252635543875E-004
   37.00000     -2.181395425913876E-004
   38.00000     -1.254038621588353E-004
   39.00000     -4.211251140784473E-005
