  0.0000000E+00 -1.722826246326985E-002
   1.000000     -1.682442535620635E-002
   2.000000     -1.646142329184382E-002
   3.000000     -1.605330801475375E-002
   4.000000     -1.554313720381867E-002
   5.000000     -1.534548957502780E-002
   6.000000     -1.452146974722121E-002
   7.000000     -1.362137156671539E-002
   8.000000     -1.353763383988112E-002
   9.000000     -1.269781968686876E-002
   10.00000     -1.178356184642162E-002
   11.00000     -1.089615984014665E-002
   12.00000     -1.004749695890845E-002
   13.00000     -9.986555561698895E-003
   14.00000     -9.244150433698608E-003
   15.00000     -8.490014964245958E-003
   16.00000     -7.786169155964279E-003
   17.00000     -7.132242723225522E-003
   18.00000     -6.526812961490720E-003
   19.00000     -5.967786689242511E-003
   20.00000     -5.452670980515613E-003
   21.00000     -4.978764219713973E-003
   22.00000     -4.543289797171358E-003
   23.00000     -4.245744512086695E-003
   24.00000     -4.143477929255135E-003
   25.00000     -3.776662638588542E-003
   26.00000     -3.440261856050714E-003
   27.00000     -3.131850689217894E-003
   28.00000     -2.849153781742502E-003
   29.00000     -2.590052904297801E-003
   30.00000     -2.352586469993701E-003
   31.00000     -2.134945339886170E-003
   32.00000     -1.935466276348683E-003
   33.00000     -1.752623972999809E-003
   34.00000     -1.585022318131538E-003
   35.00000     -1.431385353566229E-003
   36.00000     -1.290548248693846E-003
   37.00000     -1.161448505739910E-003
   38.00000     -1.043117536962689E-003
   39.00000     -9.346727000763215E-004
   40.00000     -8.353098392792694E-004
   41.00000     -7.442963517834361E-004
   42.00000     -6.609647806816224E-004
   43.00000     -5.847069221270849E-004
   44.00000     -5.149684264761432E-004
   45.00000     -4.512438680434313E-004
   46.00000     -3.930722555479104E-004
   47.00000     -3.400329545469455E-004
   48.00000     -2.917419937276884E-004
   49.00000     -2.478487285793543E-004
   50.00000     -2.080328385979211E-004
   51.00000     -1.720016378482663E-004
   52.00000     -1.394876837416912E-004
   53.00000     -1.102466759883076E-004
   54.00000     -8.405564827275726E-005
   55.00000     -6.071147211026011E-005
   56.00000     -4.002972142270223E-005
   57.00000     -2.184400048279862E-005
   58.00000     -6.005947576918840E-006
