  0.0000000E+00 -1.641407083142958E-002
   1.000000     -1.601564368198114E-002
   2.000000     -1.564729789877782E-002
   3.000000     -1.528017202891614E-002
   4.000000     -1.468779004085311E-002
   5.000000     -1.459019516574059E-002
   6.000000     -1.381641608138195E-002
   7.000000     -1.294093574217801E-002
   8.000000     -1.261822387017775E-002
   9.000000     -1.204183640717182E-002
   10.00000     -1.114995315907671E-002
   11.00000     -1.028374437757837E-002
   12.00000     -9.455120413280950E-003
   13.00000     -9.026668854459094E-003
   14.00000     -8.671024900597003E-003
   15.00000     -7.935145380101453E-003
   16.00000     -7.248701411299125E-003
   17.00000     -6.611383485953262E-003
   18.00000     -6.021819903443868E-003
   19.00000     -5.477964275584493E-003
   20.00000     -4.977366995186199E-003
   21.00000     -4.517366677788980E-003
   22.00000     -4.095223766954484E-003
   23.00000     -3.708212303029710E-003
   24.00000     -3.353683112593164E-003
   25.00000     -3.243934707784819E-003
   26.00000     -3.029088754916576E-003
   27.00000     -2.732045065390141E-003
   28.00000     -2.460296929324736E-003
   29.00000     -2.211752984038425E-003
   30.00000     -1.984476694297194E-003
   31.00000     -1.776682761131451E-003
   32.00000     -1.586730693258462E-003
   33.00000     -1.413117212489907E-003
   34.00000     -1.254467129474584E-003
   35.00000     -1.109524909423506E-003
   36.00000     -9.771454990290542E-004
   37.00000     -8.562856837894964E-004
   38.00000     -7.459957685924368E-004
   39.00000     -6.454117207542877E-004
   40.00000     -5.537478264404703E-004
   41.00000     -4.702898849219174E-004
   42.00000     -3.943889475548824E-004
   43.00000     -3.254555977115619E-004
   44.00000     -2.629547628875607E-004
   45.00000     -2.064010503329235E-004
   46.00000     -1.553546030968152E-004
   47.00000     -1.094174858701353E-004
   48.00000     -6.823063312692510E-005
   49.00000     -3.147143374620207E-005
