  0.0000000E+00 -1.610015520343351E-002
   1.000000     -1.570400989016765E-002
   2.000000     -1.533295205815080E-002
   3.000000     -1.498072442773371E-002
   4.000000     -1.437615287193997E-002
   5.000000     -1.427931402119552E-002
   6.000000     -1.354404787765874E-002
   7.000000     -1.267836485059060E-002
   8.000000     -1.226285629782896E-002
   9.000000     -1.178845862692078E-002
   10.00000     -1.090522899041796E-002
   11.00000     -1.004720874695608E-002
   12.00000     -9.226360512923741E-003
   13.00000     -8.655896770452963E-003
   14.00000     -8.449659791748406E-003
   15.00000     -7.720840333600158E-003
   16.00000     -7.041119416695948E-003
   17.00000     -6.410218175741111E-003
   18.00000     -5.826784815538373E-003
   19.00000     -5.288791114503891E-003
   20.00000     -4.793804285915300E-003
   21.00000     -4.339178596888348E-003
   22.00000     -3.922189096429770E-003
   23.00000     -3.540123425805436E-003
   24.00000     -3.190343442149023E-003
   25.00000     -2.870348679188563E-003
   26.00000     -2.856977711235159E-003
   27.00000     -2.577674377574387E-003
   28.00000     -2.310164519267516E-003
   29.00000     -2.065708891543557E-003
   30.00000     -1.842381092170572E-003
   31.00000     -1.638405360478613E-003
   32.00000     -1.452150417721825E-003
   33.00000     -1.282121693557808E-003
   34.00000     -1.126952757900490E-003
   35.00000     -9.853964394323292E-004
   36.00000     -8.563159567781373E-004
   37.00000     -7.386762828463140E-004
   38.00000     -6.315358505733119E-004
   39.00000     -5.340389522513958E-004
   40.00000     -4.454081067267401E-004
   41.00000     -3.649377251061842E-004
   42.00000     -2.919877887573559E-004
   43.00000     -2.259783277059464E-004
   44.00000     -1.663844478278888E-004
   45.00000     -1.127319626166916E-004
   46.00000     -6.459367093851622E-005
   47.00000     -2.158636606656564E-005
