  0.0000000E+00 -1.520554471579356E-002
   1.000000     -1.481629432067452E-002
   2.000000     -1.443693719124137E-002
   3.000000     -1.412191242707542E-002
   4.000000     -1.354294228607900E-002
   5.000000     -1.333389542825238E-002
   6.000000     -1.276611766916385E-002
   7.000000     -1.192867764519639E-002
   8.000000     -1.124813929816692E-002
   9.000000     -1.106484166939244E-002
   10.00000     -1.020644816972085E-002
   11.00000     -9.371819027244517E-003
   12.00000     -8.573185299225886E-003
   13.00000     -7.817676753044685E-003
   14.00000     -7.597122654447620E-003
   15.00000     -7.108940532520314E-003
   16.00000     -6.448423677338601E-003
   17.00000     -5.835850735259581E-003
   18.00000     -5.269928523813381E-003
   19.00000     -4.748681074985151E-003
   20.00000     -4.269723941250384E-003
   21.00000     -3.830456417750830E-003
   22.00000     -3.428195668682353E-003
   23.00000     -3.060268844557598E-003
   24.00000     -2.724074824857842E-003
   25.00000     -2.417124077940585E-003
   26.00000     -2.137062879302933E-003
   27.00000     -1.881686984116782E-003
   28.00000     -1.752172527840608E-003
   29.00000     -1.648938873275116E-003
   30.00000     -1.436932388283658E-003
   31.00000     -1.243913037914956E-003
   32.00000     -1.068278229602753E-003
   33.00000     -9.085605002333678E-004
   34.00000     -7.634200585948880E-004
   35.00000     -6.316361850830050E-004
   36.00000     -5.120986195028445E-004
   37.00000     -4.037992127976580E-004
   38.00000     -3.058240132367725E-004
   39.00000     -2.173459080385331E-004
   40.00000     -1.376179171296839E-004
   41.00000     -6.596723375356638E-005
   42.00000     -1.790131508864644E-006
