  0.0000000E+00 -1.793982778175563E-002
   1.000000     -1.753659302663657E-002
   2.000000     -1.713913015863172E-002
   3.000000     -1.674740659922780E-002
   4.000000     -1.636138960938044E-002
   5.000000     -1.598104628806235E-002
   6.000000     -1.560634357079825E-002
   7.000000     -1.523724822818686E-002
   8.000000     -1.487372686441183E-002
   9.000000     -1.451574591574002E-002
   10.00000     -1.416327164900845E-002
   11.00000     -1.381627016009681E-002
   12.00000     -1.347470737239417E-002
   13.00000     -1.313854903524708E-002
   14.00000     -1.280776072240080E-002
   15.00000     -1.248230783042934E-002
   16.00000     -1.216215557715208E-002
   17.00000     -1.184726900004347E-002
   18.00000     -1.153761295462849E-002
   19.00000     -1.123315211287082E-002
   20.00000     -1.093385096154947E-002
   21.00000     -1.063967380062911E-002
   22.00000     -1.035058474161585E-002
   23.00000     -1.006654770590982E-002
   24.00000     -9.787526423146318E-003
   25.00000     -9.513484429530601E-003
   26.00000     -9.244385066164139E-003
   27.00000     -8.980191477364667E-003
   28.00000     -8.720866608980181E-003
   29.00000     -8.466373206696418E-003
   30.00000     -8.216673814339230E-003
   31.00000     -7.971730772173878E-003
   32.00000     -7.731506215197697E-003
   33.00000     -7.495962071431747E-003
   34.00000     -7.265060060210255E-003
   35.00000     -7.038761690465511E-003
   36.00000     -6.817028259016327E-003
   37.00000     -6.599820848852961E-003
   38.00000     -6.387100327425290E-003
   39.00000     -6.178827344930814E-003
   40.00000     -5.974962332608152E-003
   41.00000     -5.775465501032819E-003
   42.00000     -5.580296838420104E-003
   43.00000     -5.389416108931976E-003
   44.00000     -5.202782850994043E-003
   45.00000     -5.020356375619705E-003
   46.00000     -4.842095764746649E-003
   47.00000     -4.667959869583803E-003
   48.00000     -4.497907308972125E-003
   49.00000     -4.331896467760893E-003
   50.00000     -4.169885495200584E-003
   51.00000     -4.011832303353367E-003
   52.00000     -3.857694565525107E-003
   53.00000     -3.707429714719065E-003
   54.00000     -3.560994942113867E-003
   55.00000     -3.418347195567798E-003
   56.00000     -3.279443178151375E-003
   57.00000     -3.144239346711110E-003
   58.00000     -3.012691910466559E-003
   59.00000     -2.884756829642450E-003
   60.00000     -2.760389814139355E-003
   61.00000     -2.639546322245005E-003
   62.00000     -2.522181559389386E-003
   63.00000     -2.408250476946561E-003
   64.00000     -2.297707771085301E-003
   65.00000     -2.190507881673070E-003
   66.00000     -2.086604991235615E-003
   67.00000     -1.985953023976261E-003
   68.00000     -1.888505644856990E-003
   69.00000     -1.794216258747543E-003
   70.00000     -1.703038009643504E-003
   71.00000     -1.614923779959193E-003
   72.00000     -1.529826189898319E-003
   73.00000     -1.447697596907360E-003
   74.00000     -1.368490095214783E-003
   75.00000     -1.292155515461636E-003
   76.00000     -1.218645424427393E-003
   77.00000     -1.147911124856599E-003
   78.00000     -1.079903655389880E-003
   79.00000     -1.014573790606336E-003
   80.00000     -9.518720411803531E-004
   81.00000     -8.917486541607914E-004
   82.00000     -8.341536133765112E-004
   83.00000     -7.790366399745796E-004
   84.00000     -7.263471930971102E-004
   85.00000     -6.760344707043156E-004
   86.00000     -6.280474105478050E-004
   87.00000     -5.823346913035464E-004
   88.00000     -5.388447338702148E-004
   89.00000     -4.975257028403171E-004
   90.00000     -4.583255081534198E-004
   91.00000     -4.211918069380995E-004
   92.00000     -3.860720055535091E-004
   93.00000     -3.529132618390620E-004
   94.00000     -3.216624875840661E-004
   95.00000     -2.922663512288246E-004
   96.00000     -2.646712808111103E-004
   97.00000     -2.388234671737147E-004
   98.00000     -2.146688674514045E-004
   99.00000     -1.921532088594078E-004
   100.0000     -1.712219928103635E-004
   101.0000     -1.518204993933383E-004
   102.0000     -1.338937922578449E-004
   103.0000     -1.173867239597532E-004
   104.0000     -1.022439418435653E-004
   105.0000     -8.840989456472418E-005
   106.0000     -7.582883939599624E-005
   107.0000     -6.444485052430838E-005
   108.0000     -5.420182864132811E-005
   109.0000     -4.504351228385544E-005
   110.0000     -3.691349163091677E-005
   111.0000     -2.975522588556258E-005
   112.0000     -2.351206610913155E-005
   113.0000     -1.812728672600842E-005
   114.0000     -1.354413152195571E-005
   115.0000     -9.705885308570542E-006
   116.0000     -6.555994327556505E-006
   117.0000     -4.038287820392984E-006
   118.0000     -2.097436523817508E-006
   119.0000     -6.800753116614763E-007
