  0.0000000E+00 -7.653204220090515E-002
   1.000000     -7.548640700100885E-002
   2.000000     -7.527871225058358E-002
   3.000000     -7.301403089624037E-002
   4.000000     -7.136601019886614E-002
   5.000000     -6.980635094759662E-002
   6.000000     -6.611048383907156E-002
   7.000000     -6.287661944307517E-002
   8.000000     -6.217417311340414E-002
   9.000000     -5.816769741972293E-002
   10.00000     -5.420609218319647E-002
   11.00000     -5.036527066921561E-002
   12.00000     -4.796416186500595E-002
   13.00000     -4.669320120730384E-002
   14.00000     -4.321808208015684E-002
   15.00000     -3.995419640755855E-002
   16.00000     -3.690618276697991E-002
   17.00000     -3.407209574025384E-002
   18.00000     -3.144561678588292E-002
   19.00000     -2.901763957491764E-002
   20.00000     -2.677740036819340E-002
   21.00000     -2.471327714866631E-002
   22.00000     -2.384874224617317E-002
   23.00000     -2.281334632336990E-002
   24.00000     -2.106576865780503E-002
   25.00000     -1.945904055058497E-002
   26.00000     -1.798216126039579E-002
   27.00000     -1.662473051037909E-002
   28.00000     -1.537700054339474E-002
   29.00000     -1.422989542146156E-002
   30.00000     -1.317500779364183E-002
   31.00000     -1.220458053112209E-002
   32.00000     -1.131147858731345E-002
   33.00000     -1.048915493874605E-002
   34.00000     -9.731613356652111E-003
   35.00000     -9.033369946025827E-003
   36.00000     -8.389414792532360E-003
   37.00000     -7.795174621714848E-003
   38.00000     -7.246477057897462E-003
   39.00000     -6.739516841152877E-003
   40.00000     -6.270824196767421E-003
   41.00000     -5.837235435764252E-003
   42.00000     -5.435865784560422E-003
   43.00000     -5.064084387305288E-003
   44.00000     -4.719491388865746E-003
   45.00000     -4.399896984568195E-003
   46.00000     -4.103302310812676E-003
   47.00000     -3.827882045667517E-003
   48.00000     -3.571968588418727E-003
   49.00000     -3.334037690225707E-003
   50.00000     -3.112695413382511E-003
   51.00000     -2.906666303373778E-003
   52.00000     -2.714782665347455E-003
   53.00000     -2.535974844379101E-003
   54.00000     -2.369262416677927E-003
   55.00000     -2.213746206479207E-003
   56.00000     -2.068601050649564E-003
   57.00000     -1.933069239917657E-003
   58.00000     -1.806454572084970E-003
   59.00000     -1.688116958552279E-003
   60.00000     -1.577467531012469E-003
   61.00000     -1.473964200220412E-003
   62.00000     -1.377107623374959E-003
   63.00000     -1.286437540859134E-003
   64.00000     -1.201529446909955E-003
   65.00000     -1.121991562255857E-003
   66.00000     -1.047462079896001E-003
   67.00000     -9.776066580291032E-004
   68.00000     -9.121161366963601E-004
   69.00000     -8.507044570073962E-004
   70.00000     -7.931067638952695E-004
   71.00000     -7.390776752158761E-004
   72.00000     -6.883897016897963E-004
   73.00000     -6.408318036990666E-004
   74.00000     -5.962080723132045E-004
   75.00000     -5.543365231444608E-004
   76.00000     -5.150479927343262E-004
   77.00000     -4.781851281652719E-004
   78.00000     -4.436014614840575E-004
   79.00000     -4.111605613256312E-004
   80.00000     -3.807352548501310E-004
   81.00000     -3.522069137560106E-004
   82.00000     -3.254647987187367E-004
   83.00000     -3.004054571331405E-004
   84.00000     -2.769321695132990E-004
   85.00000     -2.549544403338545E-004
   86.00000     -2.343875294837931E-004
   87.00000     -2.151520208538572E-004
   88.00000     -1.971734248944346E-004
   89.00000     -1.803818122665370E-004
   90.00000     -1.647114759663250E-004
   91.00000     -1.501006195373249E-004
   92.00000     -1.364910691957741E-004
   93.00000     -1.238280078859447E-004
   94.00000     -1.120597294558368E-004
   95.00000     -1.011374113009654E-004
   96.00000     -9.101490396679216E-005
   97.00000     -8.164853633010599E-005
   98.00000     -7.299693509769144E-005
   99.00000     -6.502085746800995E-005
   100.0000     -5.768303589967909E-005
   101.0000     -5.094803402011854E-005
   102.0000     -4.478211278992481E-005
   103.0000     -3.915310611437085E-005
   104.0000     -3.403030516384377E-005
   105.0000     -2.938435073135825E-005
   106.0000     -2.518713301887656E-005
   107.0000     -2.141169830717473E-005
   108.0000     -1.803216202919187E-005
   109.0000     -1.502362783900773E-005
   110.0000     -1.236211235556957E-005
   111.0000     -1.002447537596580E-005
   112.0000     -7.988355523414108E-006
   113.0000     -6.232111571136004E-006
   114.0000     -4.734770171183400E-006
   115.0000     -3.475981652894875E-006
   116.0000     -2.435987506623765E-006
   117.0000     -1.595607642727290E-006
   118.0000     -9.362670725250075E-007
   119.0000     -4.401167796682810E-007
   120.0000     -9.044064514183571E-008
