  0.0000000E+00 -7.605108174580713E-002
   1.000000     -7.500511170580998E-002
   2.000000     -7.479730388349912E-002
   3.000000     -7.256821533414394E-002
   4.000000     -7.084562925230282E-002
   5.000000     -6.937679970639100E-002
   6.000000     -6.569626610187242E-002
   7.000000     -6.233453883557095E-002
   8.000000     -6.177446232982946E-002
   9.000000     -5.778175301782022E-002
   10.00000     -5.383320853984010E-002
   11.00000     -5.000479534126597E-002
   12.00000     -4.739905161513203E-002
   13.00000     -4.634452467494321E-002
   14.00000     -4.288063500453106E-002
   15.00000     -3.962744472238154E-002
   16.00000     -3.658962608791136E-002
   17.00000     -3.376526447721784E-002
   18.00000     -3.114806980275264E-002
   19.00000     -2.872896206714932E-002
   20.00000     -2.649720192788210E-002
   21.00000     -2.444118994388918E-002
   22.00000     -2.325911805634777E-002
   23.00000     -2.254902367017742E-002
   24.00000     -2.080888347295296E-002
   25.00000     -1.920928376403084E-002
   26.00000     -1.773924084225270E-002
   27.00000     -1.638837025761118E-002
   28.00000     -1.514693878260098E-002
   29.00000     -1.400588503464856E-002
   30.00000     -1.295681384522465E-002
   31.00000     -1.199198043864210E-002
   32.00000     -1.110426111763193E-002
   33.00000     -1.028711950909444E-002
   34.00000     -9.534569388143704E-003
   35.00000     -8.841136265191334E-003
   36.00000     -8.201819076870833E-003
   37.00000     -7.612052885632362E-003
   38.00000     -7.067673175747446E-003
   39.00000     -6.564882104395818E-003
   40.00000     -6.100216902540721E-003
   41.00000     -5.670520504397992E-003
   42.00000     -5.272914403793422E-003
   43.00000     -4.904773681153950E-003
   44.00000     -4.563704109274954E-003
   45.00000     -4.247521224133837E-003
   46.00000     -3.954231235008951E-003
   47.00000     -3.682013643142544E-003
   48.00000     -3.429205438039412E-003
   49.00000     -3.194286743659044E-003
   50.00000     -2.975867792096977E-003
   51.00000     -2.772677109031541E-003
   52.00000     -2.583550802637967E-003
   53.00000     -2.407422855416696E-003
   54.00000     -2.243316326152039E-003
   55.00000     -2.090335376806152E-003
   56.00000     -1.947658046430511E-003
   57.00000     -1.814529701057654E-003
   58.00000     -1.690257094975366E-003
   59.00000     -1.574202984762352E-003
   60.00000     -1.465781242976166E-003
   61.00000     -1.364452423442340E-003
   62.00000     -1.269719734714891E-003
   63.00000     -1.181125382488010E-003
   64.00000     -1.098247245562007E-003
   65.00000     -1.020695853431797E-003
   66.00000     -9.481116367013567E-004
   67.00000     -8.801624243600166E-004
   68.00000     -8.165411645122797E-004
   69.00000     -7.569638474573068E-004
   70.00000     -7.011676120903848E-004
   71.00000     -6.489090184682361E-004
   72.00000     -5.999624710628189E-004
   73.00000     -5.541187787432063E-004
   74.00000     -5.111838388874553E-004
   75.00000     -4.709774342535124E-004
   76.00000     -4.333321323415382E-004
   77.00000     -3.980922779742793E-004
   78.00000     -3.651130707170598E-004
   79.00000     -3.342597195657956E-004
   80.00000     -3.054066680591706E-004
   81.00000     -2.784368836282907E-004
   82.00000     -2.532412055916235E-004
   83.00000     -2.297177467419586E-004
   84.00000     -2.077713439622323E-004
   85.00000     -1.873130537545899E-004
   86.00000     -1.682596889787150E-004
   87.00000     -1.505333934769286E-004
   88.00000     -1.340612516224628E-004
   89.00000     -1.187749301707047E-004
   90.00000     -1.046103501311448E-004
   91.00000     -9.150738672218935E-005
   92.00000     -7.940959583909814E-005
   93.00000     -6.826396588200221E-005
   94.00000     -5.802069429452191E-005
   95.00000     -4.863298881451171E-005
   96.00000     -4.005689433877362E-005
   97.00000     -3.225114762788615E-005
   98.00000     -2.517706414104748E-005
   99.00000     -1.879846468976579E-005
   100.0000     -1.308165551732681E-005
   101.0000     -7.995486357720794E-006
   102.0000     -3.511532735203900E-006
