  0.0000000E+00 -7.594977069558216E-002
   1.000000     -7.490411675849959E-002
   2.000000     -7.469549406911422E-002
   3.000000     -7.247430153996423E-002
   4.000000     -7.073600796273261E-002
   5.000000     -6.928631218814041E-002
   6.000000     -6.560900880404201E-002
   7.000000     -6.222034693924795E-002
   8.000000     -6.169026058876236E-002
   9.000000     -5.770045167073282E-002
   10.00000     -5.375465851812312E-002
   11.00000     -4.992885920436589E-002
   12.00000     -4.728000852804997E-002
   13.00000     -4.627107399999617E-002
   14.00000     -4.280954989845595E-002
   15.00000     -3.955861266174654E-002
   16.00000     -3.652294166393040E-002
   17.00000     -3.370062876831814E-002
   18.00000     -3.108538988143840E-002
   19.00000     -2.866815055291623E-002
   20.00000     -2.643817657972853E-002
   21.00000     -2.438387328140638E-002
   22.00000     -2.313491096204648E-002
   23.00000     -2.249334263996706E-002
   24.00000     -2.075476920427710E-002
   25.00000     -1.915667113834509E-002
   26.00000     -1.768806834267020E-002
   27.00000     -1.633857970162821E-002
   28.00000     -1.509847534830113E-002
   29.00000     -1.395869606771772E-002
   30.00000     -1.291085015673924E-002
   31.00000     -1.194719514264295E-002
   32.00000     -1.106060971931879E-002
   33.00000     -1.024455975763914E-002
   34.00000     -9.493061140560555E-003
   35.00000     -8.800641360330963E-003
   36.00000     -8.162301218693581E-003
   37.00000     -7.573477534997868E-003
   38.00000     -7.030007450028321E-003
   39.00000     -6.528094684288689E-003
   40.00000     -6.064277945504200E-003
   41.00000     -5.635401564199514E-003
   42.00000     -5.238588355692819E-003
   43.00000     -4.871214652293321E-003
   44.00000     -4.530887413881568E-003
   45.00000     -4.215423303177015E-003
   46.00000     -3.922829599981818E-003
   47.00000     -3.651286823667071E-003
   48.00000     -3.399132933018204E-003
   49.00000     -3.164848975719417E-003
   50.00000     -2.947046065093497E-003
   51.00000     -2.744453568391671E-003
   52.00000     -2.555908398352093E-003
   53.00000     -2.380345307489293E-003
   54.00000     -2.216788092344652E-003
   55.00000     -2.064341622515928E-003
   56.00000     -1.922184616559585E-003
   57.00000     -1.789563093739681E-003
   58.00000     -1.665784437035902E-003
   59.00000     -1.550212008798763E-003
   60.00000     -1.442260265952152E-003
   61.00000     -1.341390326700051E-003
   62.00000     -1.247105945316027E-003
   63.00000     -1.158949855802717E-003
   64.00000     -1.076500449031774E-003
   65.00000     -9.993687514399908E-004
   66.00000     -9.271956764920358E-004
   67.00000     -8.596495229528588E-004
   68.00000     -7.964236965686746E-004
   69.00000     -7.372346340599870E-004
   70.00000     -6.818199104067541E-004
   71.00000     -6.299365122751951E-004
   72.00000     -5.813592621200076E-004
   73.00000     -5.358793790099928E-004
   74.00000     -4.933031635898396E-004
   75.00000     -4.534507958176405E-004
   76.00000     -4.161552352236044E-004
   77.00000     -3.812612144308110E-004
   78.00000     -3.486243175764393E-004
   79.00000     -3.181101360818052E-004
   80.00000     -2.895934949509177E-004
   81.00000     -2.629577434398521E-004
   82.00000     -2.380941045401028E-004
   83.00000     -2.149010782667704E-004
   84.00000     -1.932838942442141E-004
   85.00000     -1.731540095447120E-004
   86.00000     -1.544286481684238E-004
   87.00000     -1.370303789632124E-004
   88.00000     -1.208867291817905E-004
   89.00000     -1.059298312733750E-004
   90.00000     -9.209610092590253E-005
   91.00000     -7.932594483663431E-005
   92.00000     -6.756349723241750E-005
   93.00000     -5.675638484330264E-005
   94.00000     -4.685552095148736E-005
   95.00000     -3.781493045355136E-005
   96.00000     -2.959160987563179E-005
   97.00000     -2.214542949990219E-005
   98.00000     -1.543909022860871E-005
   99.00000     -9.438157654617683E-006
   100.0000     -4.111214716348540E-006
