  0.0000000E+00 -7.316893321163583E-002
   1.000000     -7.217138653557964E-002
   2.000000     -7.185893953694744E-002
   3.000000     -6.989562903741492E-002
   4.000000     -6.772608660303855E-002
   5.000000     -6.680173087951936E-002
   6.000000     -6.321314752544477E-002
   7.000000     -5.937843649849449E-002
   8.000000     -5.908479474518734E-002
   9.000000     -5.546812752343788E-002
   10.00000     -5.159787914463635E-002
   11.00000     -4.784385075240086E-002
   12.00000     -4.425432403955307E-002
   13.00000     -4.401136852214840E-002
   14.00000     -4.085773835879231E-002
   15.00000     -3.766866414632852E-002
   16.00000     -3.469196190502323E-002
   17.00000     -3.192590166424082E-002
   18.00000     -2.936436392606645E-002
   19.00000     -2.699842655895274E-002
   20.00000     -2.481749649783033E-002
   21.00000     -2.281010994836901E-002
   22.00000     -2.096449134597878E-002
   23.00000     -1.972449383398921E-002
   24.00000     -1.926893609746522E-002
   25.00000     -1.771207032568997E-002
   26.00000     -1.628301064679536E-002
   27.00000     -1.497146775128439E-002
   28.00000     -1.376779729018402E-002
   29.00000     -1.266301998766912E-002
   30.00000     -1.164881894794062E-002
   31.00000     -1.071752177449914E-002
   32.00000     -9.862072871055356E-003
   33.00000     -9.075999784950689E-003
   34.00000     -8.353376346937919E-003
   35.00000     -7.688784547522097E-003
   36.00000     -7.077276493251037E-003
   37.00000     -6.514337350086952E-003
   38.00000     -5.995849863655588E-003
   39.00000     -5.518060816885678E-003
   40.00000     -5.077549621395036E-003
   41.00000     -4.671199122910787E-003
   42.00000     -4.296168620351419E-003
   43.00000     -3.949869043517131E-003
   44.00000     -3.629940198614947E-003
   45.00000     -3.334229968869622E-003
   46.00000     -3.060775345367786E-003
   47.00000     -2.807785158182397E-003
   48.00000     -2.573624377605701E-003
   49.00000     -2.356799858423359E-003
   50.00000     -2.155947405446574E-003
   51.00000     -1.969820045153883E-003
   52.00000     -1.797277395681408E-003
   53.00000     -1.637276035115677E-003
   54.00000     -1.488860775788678E-003
   55.00000     -1.351156759849440E-003
   56.00000     -1.223362298656702E-003
   57.00000     -1.104742385421251E-003
   58.00000     -9.946227826410294E-004
   59.00000     -8.923848665828129E-004
   60.00000     -7.974604551399609E-004
   61.00000     -7.093277734687331E-004
   62.00000     -6.275073128159472E-004
   63.00000     -5.515582652290303E-004
   64.00000     -4.810752593377465E-004
   65.00000     -4.156854007763098E-004
   66.00000     -3.550455898887457E-004
   67.00000     -2.988400925715643E-004
   68.00000     -2.467783431831434E-004
   69.00000     -1.985929614766232E-004
   70.00000     -1.540379686110791E-004
   71.00000     -1.128871906328905E-004
   72.00000     -7.493284165520275E-005
   73.00000     -3.998428370702531E-005
   74.00000     -7.866966558799720E-006
