  0.0000000E+00 -1.786125034166055E-002
   1.000000     -1.723045028290805E-002
   2.000000     -1.661568354946380E-002
   3.000000     -1.601838332225200E-002
   4.000000     -1.537776325700804E-002
   5.000000     -1.494059167332537E-002
   6.000000     -1.434465559429648E-002
   7.000000     -1.343715221774210E-002
   8.000000     -1.288429968483228E-002
   9.000000     -1.246150665696708E-002
   10.00000     -1.149241885592835E-002
   11.00000     -1.054574805804673E-002
   12.00000     -9.638518451951881E-003
   13.00000     -8.927124490007800E-003
   14.00000     -8.779051305861480E-003
   15.00000     -7.973286140134176E-003
   16.00000     -7.221808955960036E-003
   17.00000     -6.524770828282725E-003
   18.00000     -5.880799127161689E-003
   19.00000     -5.287723556118898E-003
   20.00000     -4.742899867145339E-003
   21.00000     -4.243432318562854E-003
   22.00000     -3.786327637837585E-003
   23.00000     -3.368600344659041E-003
   24.00000     -2.987343568459884E-003
   25.00000     -2.639781330295798E-003
   26.00000     -2.488198431740312E-003
   27.00000     -2.323224256947819E-003
   28.00000     -2.035293363134897E-003
   29.00000     -1.773639870713824E-003
   30.00000     -1.536144811554772E-003
   31.00000     -1.320850087919488E-003
   32.00000     -1.125957021004449E-003
   33.00000     -9.498183096260650E-004
   34.00000     -7.909288212404519E-004
   35.00000     -6.479160596505196E-004
   36.00000     -5.195307627284313E-004
   37.00000     -4.046379526269537E-004
   38.00000     -3.022087043322436E-004
   39.00000     -2.113128977233790E-004
   40.00000     -1.311132882645452E-004
   41.00000     -6.086142163642810E-005
