  0.0000000E+00 -1.163708912475283E-002
   1.000000     -1.106201501449114E-002
   2.000000     -1.050012860780572E-002
   3.000000     -9.951946937965750E-003
   4.000000     -9.445966010900732E-003
   5.000000     -8.890745251169480E-003
   6.000000     -8.307121586020620E-003
   7.000000     -8.069666995466900E-003
   8.000000     -7.366527718472320E-003
   9.000000     -6.581154517174268E-003
   10.00000     -5.813740546833476E-003
   11.00000     -5.766987807863432E-003
   12.00000     -5.055993817710173E-003
   13.00000     -4.348944892284431E-003
   14.00000     -3.687348574294360E-003
   15.00000     -3.073789391502936E-003
   16.00000     -2.508734021050736E-003
   17.00000     -1.991326560791242E-003
   18.00000     -1.520420294367041E-003
   19.00000     -1.495917075203188E-003
   20.00000     -1.092023152329758E-003
   21.00000     -7.055474099527041E-004
   22.00000     -3.577378019877342E-004
   23.00000     -4.602832360426137E-005
