  0.0000000E+00 -1.238034028307350E-002
   1.000000     -1.179836734434210E-002
   2.000000     -1.122915944154698E-002
   3.000000     -1.067676844273016E-002
   4.000000     -1.016154763127305E-002
   5.000000     -9.574591546156292E-003
   6.000000     -9.070727104212382E-003
   7.000000     -8.745033642227246E-003
   8.000000     -7.982592219150124E-003
   9.000000     -7.173812490893799E-003
   10.00000     -6.634560506802093E-003
   11.00000     -6.373622578100747E-003
   12.00000     -5.608042239524949E-003
   13.00000     -4.882497883497046E-003
   14.00000     -4.203359437951245E-003
   15.00000     -3.573052845072791E-003
   16.00000     -2.991962112223167E-003
   17.00000     -2.459364187090429E-003
   18.00000     -2.391545855250899E-003
   19.00000     -1.972724144235879E-003
   20.00000     -1.530654545708405E-003
   21.00000     -1.130272649549724E-003
   22.00000     -7.689465495816246E-004
   23.00000     -4.440371594087914E-004
   24.00000     -1.529830408906075E-004
