  0.0000000E+00 -1.315294916417820E-002
   1.000000     -1.256387284332449E-002
   2.000000     -1.198727598322187E-002
   3.000000     -1.143106584759687E-002
   4.000000     -1.090172451870297E-002
   5.000000     -1.028761101370074E-002
   6.000000     -9.875626825187465E-003
   7.000000     -9.423191074353240E-003
   8.000000     -8.620589453661228E-003
   9.000000     -7.788910234595645E-003
   10.00000     -7.520406668940084E-003
   11.00000     -6.966813049429454E-003
   12.00000     -6.180411686915954E-003
   13.00000     -5.435779788594294E-003
   14.00000     -4.738502805115606E-003
   15.00000     -4.090883249655198E-003
   16.00000     -3.493291140219659E-003
   17.00000     -3.319942747935055E-003
   18.00000     -2.944348981723410E-003
   19.00000     -2.442731317851600E-003
   20.00000     -1.985866301653580E-003
   21.00000     -1.571179581676380E-003
   22.00000     -1.195970830386063E-003
   23.00000     -8.575385882779355E-004
   24.00000     -5.532564430765506E-004
   25.00000     -2.806232950296141E-004
   26.00000     -3.729638775117070E-005
