  0.0000000E+00 -1.952376315368944E-002
   1.000000     -1.887907413145536E-002
   2.000000     -1.825206595966359E-002
   3.000000     -1.762837866237907E-002
   4.000000     -1.699813600481987E-002
   5.000000     -1.657687050202224E-002
   6.000000     -1.580752945681610E-002
   7.000000     -1.485161606783171E-002
   8.000000     -1.473492178121099E-002
   9.000000     -1.380583890362018E-002
   10.00000     -1.278820493256720E-002
   11.00000     -1.179723810469172E-002
   12.00000     -1.088927739860916E-002
   13.00000     -1.084605985953258E-002
   14.00000     -9.949226322697551E-003
   15.00000     -9.105323671319412E-003
   16.00000     -8.317734093041214E-003
   17.00000     -7.586193965318868E-003
   18.00000     -6.909202272363888E-003
   19.00000     -6.284478946557195E-003
   20.00000     -5.709280011800858E-003
   21.00000     -5.180618250979522E-003
   22.00000     -4.695429454982598E-003
   23.00000     -4.535449545683711E-003
   24.00000     -4.250564101430278E-003
   25.00000     -3.843153716102897E-003
   26.00000     -3.470280509102944E-003
   27.00000     -3.129245712983277E-003
   28.00000     -2.817513848355401E-003
   29.00000     -2.532722556146645E-003
   30.00000     -2.272682437098266E-003
   31.00000     -2.035372470430870E-003
   32.00000     -1.818932723352401E-003
   33.00000     -1.621655434959017E-003
   34.00000     -1.441975225900892E-003
   35.00000     -1.278458958855934E-003
   36.00000     -1.129795612537312E-003
   37.00000     -9.947864143078553E-004
   38.00000     -8.723353912353467E-004
   39.00000     -7.614404379937718E-004
   40.00000     -6.611849561619807E-004
   41.00000     -5.707300886212170E-004
   42.00000     -4.893075515583511E-004
   43.00000     -4.162130526062521E-004
   44.00000     -3.508002751697774E-004
   45.00000     -2.924754048591655E-004
   46.00000     -2.406921735857449E-004
   47.00000     -1.949474002986898E-004
   48.00000     -1.547770154772953E-004
   49.00000     -1.197525718562053E-004
   50.00000     -8.947827225752319E-005
   51.00000     -6.358860026371263E-005
   52.00000     -4.174675383415515E-005
   53.00000     -2.364434576018431E-005
   54.00000     -9.003530105581916E-006
