  0.0000000E+00 -1.969373094944276E-002
   1.000000     -1.904765189078515E-002
   2.000000     -1.841934065143894E-002
   3.000000     -1.779282732379718E-002
   4.000000     -1.716626805270249E-002
   5.000000     -1.674012666641582E-002
   6.000000     -1.595620014352696E-002
   7.000000     -1.500780314432359E-002
   8.000000     -1.491153112972388E-002
   9.000000     -1.394280104862880E-002
   10.00000     -1.292032048671798E-002
   11.00000     -1.192485446570578E-002
   12.00000     -1.108791202942205E-002
   13.00000     -1.097065275715963E-002
   14.00000     -1.006853010435458E-002
   15.00000     -9.220770815173746E-003
   16.00000     -8.429504809895785E-003
   17.00000     -7.694452249542657E-003
   18.00000     -7.014099815060458E-003
   19.00000     -6.386156554113493E-003
   20.00000     -5.807868638297024E-003
   21.00000     -5.276240410964155E-003
   22.00000     -4.788272678011948E-003
   23.00000     -4.744115955199066E-003
   24.00000     -4.340583763581844E-003
   25.00000     -3.930517325939556E-003
   26.00000     -3.555081061651378E-003
   27.00000     -3.211566758453625E-003
   28.00000     -2.897432217597831E-003
   29.00000     -2.610308839077905E-003
   30.00000     -2.348001286039566E-003
   31.00000     -2.108482852876883E-003
   32.00000     -1.889888144867309E-003
   33.00000     -1.690504138224659E-003
   34.00000     -1.508760368474406E-003
   35.00000     -1.343218770894972E-003
   36.00000     -1.192563534980333E-003
   37.00000     -1.055591217353005E-003
   38.00000     -9.312012723032199E-004
   39.00000     -8.183870976091084E-004
   40.00000     -7.162276492738804E-004
   41.00000     -6.238796477096232E-004
   42.00000     -5.405703763102602E-004
   43.00000     -4.655910587867893E-004
   44.00000     -3.982907922377647E-004
   45.00000     -3.380710073610414E-004
   46.00000     -2.843804245281866E-004
   47.00000     -2.367104740212997E-004
   48.00000     -1.945911502593562E-004
   49.00000     -1.575872733578028E-004
   50.00000     -1.252951374248313E-004
   51.00000     -9.733953507756021E-005
   52.00000     -7.337116514916115E-005
   53.00000     -5.306446328048243E-005
   54.00000     -3.611596226815263E-005
   55.00000     -2.224344281550025E-005
   56.00000     -1.118653815377870E-005
   57.00000     -2.710725940570737E-006
