  0.0000000E+00 -1.779034823891112E-002
   1.000000     -1.716015173171425E-002
   2.000000     -1.654589824729722E-002
   3.000000     -1.594962271154530E-002
   4.000000     -1.530962536054158E-002
   5.000000     -1.486933894170970E-002
   6.000000     -1.428181623251301E-002
   7.000000     -1.337733755154104E-002
   8.000000     -1.280451870632614E-002
   9.000000     -1.240392994442921E-002
   10.00000     -1.143701108672823E-002
   11.00000     -1.049224130105311E-002
   12.00000     -9.586800480805865E-003
   13.00000     -8.843420952903198E-003
   14.00000     -8.728925907356265E-003
   15.00000     -7.924892189457401E-003
   16.00000     -7.174961826380330E-003
   17.00000     -6.479401276511106E-003
   18.00000     -5.836844012463893E-003
   19.00000     -5.245124582324960E-003
   20.00000     -4.701603117216566E-003
   21.00000     -4.203387936896989E-003
   22.00000     -3.747489576476130E-003
   23.00000     -3.330926133936579E-003
   24.00000     -2.950793983729854E-003
   25.00000     -2.604316927936285E-003
   26.00000     -2.400681595529292E-003
   27.00000     -2.288814591351852E-003
   28.00000     -2.001917700038526E-003
   29.00000     -1.741265979310585E-003
   30.00000     -1.504749136273967E-003
   31.00000     -1.290412318776926E-003
   32.00000     -1.096459913706668E-003
   33.00000     -9.212477097777798E-004
   34.00000     -7.632737566298290E-004
   35.00000     -6.211688959145521E-004
   36.00000     -4.936874385348178E-004
   37.00000     -3.796983238301147E-004
   38.00000     -2.781770449707943E-004
   39.00000     -1.881986368710961E-004
   40.00000     -1.089321188734256E-004
   41.00000     -3.963703011894453E-005
