  0.0000000E+00 -1.823023840463872E-002
   1.000000     -1.759631086979899E-002
   2.000000     -1.697887287182105E-002
   3.000000     -1.637606818771554E-002
   4.000000     -1.573353510753762E-002
   5.000000     -1.530969176887359E-002
   6.000000     -1.467097354310159E-002
   7.000000     -1.374838278247011E-002
   8.000000     -1.329917556993056E-002
   9.000000     -1.276073337051386E-002
   10.00000     -1.178057544160911E-002
   11.00000     -1.082402800322706E-002
   12.00000     -9.907507866840831E-003
   13.00000     -9.362821712809537E-003
   14.00000     -9.039370689570758E-003
   15.00000     -8.224983155399565E-003
   16.00000     -7.465465643243496E-003
   17.00000     -6.760746315870869E-003
   18.00000     -6.109422078947144E-003
   19.00000     -5.509297680191812E-003
   20.00000     -4.957706255625121E-003
   21.00000     -4.451731103263270E-003
   22.00000     -3.988359356221313E-003
   23.00000     -3.564587350647866E-003
   24.00000     -3.177494550583984E-003
   25.00000     -2.943450203089013E-003
   26.00000     -2.824227162079408E-003
   27.00000     -2.502237827116649E-003
   28.00000     -2.208969904201488E-003
   29.00000     -1.942124993596715E-003
   30.00000     -1.699563185663674E-003
   31.00000     -1.479310789170282E-003
   32.00000     -1.279553951720800E-003
   33.00000     -1.098630139841337E-003
   34.00000     -9.350186863611197E-004
   35.00000     -7.873310081713863E-004
   36.00000     -6.543008920950060E-004
   37.00000     -5.347751278241684E-004
   38.00000     -4.277046928879537E-004
   39.00000     -3.321366550692930E-004
   40.00000     -2.472069521558447E-004
   41.00000     -1.721342465079331E-004
   42.00000     -1.062151589775565E-004
   43.00000     -4.882142888873938E-005
