  0.0000000E+00 -6.751346015409854E-003
   1.000000     -6.223834177898681E-003
   2.000000     -5.711381249034154E-003
   3.000000     -5.213090329276245E-003
   4.000000     -4.720241857641097E-003
   5.000000     -4.281325214581369E-003
   6.000000     -3.857380341606592E-003
   7.000000     -3.292446960294297E-003
   8.000000     -2.821877460173398E-003
   9.000000     -2.626186550556047E-003
   10.00000     -2.006732036644920E-003
   11.00000     -1.391787267767757E-003
   12.00000     -8.086490021127224E-004
   13.00000     -2.652930679937965E-004
   14.00000     -8.460293960005992E-005
