  0.0000000E+00 -1.929130803299045E-002
   1.000000     -1.864852937111474E-002
   2.000000     -1.802328157944378E-002
   3.000000     -1.740345310749652E-002
   4.000000     -1.676887059042890E-002
   5.000000     -1.635239350137103E-002
   6.000000     -1.560398090160503E-002
   7.000000     -1.464801752615995E-002
   8.000000     -1.448305491152790E-002
   9.000000     -1.361839648391455E-002
   10.00000     -1.260741203463459E-002
   11.00000     -1.162260766272819E-002
   12.00000     -1.068040349779639E-002
   13.00000     -1.061262033893597E-002
   14.00000     -9.785970413828596E-003
   15.00000     -8.947348020317289E-003
   16.00000     -8.164790915960210E-003
   17.00000     -7.438058870905704E-003
   18.00000     -6.765667854116171E-003
   19.00000     -6.145352776906697E-003
   20.00000     -5.574383262388080E-003
   21.00000     -5.049784214200609E-003
   22.00000     -4.568492031409794E-003
   23.00000     -4.249826395243366E-003
   24.00000     -4.127389521477757E-003
   25.00000     -3.723630200185256E-003
   26.00000     -3.354269529057470E-003
   27.00000     -3.016633351738253E-003
   28.00000     -2.708195778081216E-003
   29.00000     -2.426603151953765E-003
   30.00000     -2.169674348540124E-003
   31.00000     -1.935396288071262E-003
   32.00000     -1.721916693701434E-003
   33.00000     -1.527535212911786E-003
   34.00000     -1.350693661254284E-003
   35.00000     -1.189965916077625E-003
   36.00000     -1.044047824518465E-003
   37.00000     -9.117473722407951E-004
   38.00000     -7.919752743370093E-004
   39.00000     -6.837360887579361E-004
   40.00000     -5.861199094055397E-004
   41.00000     -4.982946661342238E-004
   42.00000     -4.194990391990447E-004
   43.00000     -3.490359840575907E-004
   44.00000     -2.862668577318704E-004
   45.00000     -2.306061401003232E-004
   46.00000     -1.815167539759118E-004
   47.00000     -1.385060107957950E-004
   48.00000     -1.011222539681398E-004
   49.00000     -6.895236224073333E-005
   50.00000     -4.162046781238795E-005
   51.00000     -1.878869584372443E-005
   52.00000     -1.619500681425004E-007
