  0.0000000E+00 -1.726127649820537E-002
   1.000000     -1.663561353460299E-002
   2.000000     -1.602520078880733E-002
   3.000000     -1.543619371711706E-002
   4.000000     -1.480315031251359E-002
   5.000000     -1.433487182327116E-002
   6.000000     -1.381126660136279E-002
   7.000000     -1.293071981808262E-002
   8.000000     -1.220923905216579E-002
   9.000000     -1.197296572982094E-002
   10.00000     -1.102316831343601E-002
   11.00000     -1.009261896766693E-002
   12.00000     -9.200555558557998E-003
   13.00000     -8.356322357580263E-003
   14.00000     -8.216507398114074E-003
   15.00000     -7.563469945191750E-003
   16.00000     -6.825103395568216E-003
   17.00000     -6.140585452903604E-003
   18.00000     -5.508599694203050E-003
   19.00000     -4.927017434646025E-003
   20.00000     -4.393231851563510E-003
   21.00000     -3.904381928598401E-003
   22.00000     -3.457507022721894E-003
   23.00000     -3.049652504827726E-003
   24.00000     -2.677940425380684E-003
   25.00000     -2.339615246925339E-003
   26.00000     -2.032072749290743E-003
   27.00000     -1.753190247010790E-003
   28.00000     -1.746598738253855E-003
   29.00000     -1.499710851683577E-003
   30.00000     -1.270545613122553E-003
   31.00000     -1.063414731343228E-003
   32.00000     -8.765485725846055E-004
   33.00000     -7.083281319600243E-004
   34.00000     -5.572777098881979E-004
   35.00000     -4.220562352533931E-004
   36.00000     -3.014488607121337E-004
   37.00000     -1.943594159164624E-004
   38.00000     -9.980428759434590E-005
   39.00000     -1.690852818252688E-005
