  0.0000000E+00 -2.594383157231725E-002
   1.000000     -2.444606374618025E-002
   2.000000     -2.300416469700636E-002
   3.000000     -2.161729580666421E-002
   4.000000     -2.028460756896871E-002
   5.000000     -1.900523933444008E-002
   6.000000     -1.777831904995217E-002
   7.000000     -1.660296299348162E-002
   8.000000     -1.547827550421625E-002
   9.000000     -1.440334870834108E-002
   10.00000     -1.337726224084775E-002
   11.00000     -1.239908296387785E-002
   12.00000     -1.146786468207200E-002
   13.00000     -1.058264785561598E-002
   14.00000     -9.742459311672841E-003
   15.00000     -8.946311955073867E-003
   16.00000     -8.193204479247122E-003
   17.00000     -7.482121078490007E-003
   18.00000     -6.812031162888352E-003
   19.00000     -6.181889077311892E-003
   20.00000     -5.590633826139865E-003
   21.00000     -5.037188805569419E-003
   22.00000     -4.520461545569496E-003
   23.00000     -4.039343463822038E-003
   24.00000     -3.592709634222714E-003
   25.00000     -3.179418572825313E-003
   26.00000     -2.798312044410243E-003
   27.00000     -2.448214893189436E-003
   28.00000     -2.127934901498857E-003
   29.00000     -1.836262680713715E-003
   30.00000     -1.571971598987645E-003
   31.00000     -1.333817750836691E-003
   32.00000     -1.120539974008819E-003
   33.00000     -9.308599195200931E-004
   34.00000     -7.634821812373407E-004
   35.00000     -6.170944919080490E-004
   36.00000     -4.903679932078388E-004
   37.00000     -3.819575882346840E-004
   38.00000     -2.905023862272268E-004
   39.00000     -2.146262516357243E-004
   40.00000     -1.529384743614826E-004
   41.00000     -1.040345883329937E-004
   42.00000     -6.649739105931244E-005
   43.00000     -3.889828746109082E-005
   44.00000     -1.979931135802148E-005
   45.00000     -7.757127721654884E-006
   46.00000     -1.336339933714230E-006
