  0.0000000E+00 -1.912086345742720E-002
   1.000000     -1.772792027319214E-002
   2.000000     -1.639225430952457E-002
   3.000000     -1.511307091373650E-002
   4.000000     -1.388956705530574E-002
   5.000000     -1.272093133718222E-002
   6.000000     -1.160634404775235E-002
   7.000000     -1.054497726425922E-002
   8.000000     -9.535995021553265E-003
   9.000000     -8.578553564147606E-003
   10.00000     -7.671801705165644E-003
   11.00000     -6.814881323414114E-003
   12.00000     -6.006928040508872E-003
   13.00000     -5.247072135133763E-003
   14.00000     -4.534439773379797E-003
   15.00000     -3.868154666274682E-003
   16.00000     -3.247340314153732E-003
   17.00000     -2.671123072450437E-003
   18.00000     -2.138636392882547E-003
   19.00000     -1.649026790664197E-003
   20.00000     -1.201462425550235E-003
   21.00000     -7.951457906669628E-004
   22.00000     -4.293331569955459E-004
   23.00000     -1.033657795157340E-004
