  0.0000000E+00 -2.291468633418264E-002
   1.000000     -2.146249142131419E-002
   2.000000     -2.006673446046784E-002
   3.000000     -1.872659149401711E-002
   4.000000     -1.744122823532311E-002
   5.000000     -1.620979984917652E-002
   6.000000     -1.503145073165781E-002
   7.000000     -1.390531429054423E-002
   8.000000     -1.283051272763477E-002
   9.000000     -1.180615682474400E-002
   10.00000     -1.083134573554465E-002
   11.00000     -9.905166786001366E-003
   12.00000     -9.026695286869687E-003
   13.00000     -8.194994362645836E-003
   14.00000     -7.409114802652415E-003
   15.00000     -6.668094941507635E-003
   16.00000     -5.970960578509923E-003
   17.00000     -5.316724948429903E-003
   18.00000     -4.704388760437855E-003
   19.00000     -4.132940327751248E-003
   20.00000     -3.601355819053628E-003
   21.00000     -3.108599675140794E-003
   22.00000     -2.653625252745759E-003
   23.00000     -2.235375785962041E-003
   24.00000     -1.852785800562338E-003
   25.00000     -1.504783189693564E-003
   26.00000     -1.190292283248003E-003
   27.00000     -9.082384620527187E-004
   28.00000     -6.575552755653578E-004
   29.00000     -4.371958305632748E-004
   30.00000     -2.461519568576221E-004
   31.00000     -8.348880192578714E-005
