  0.0000000E+00 -0.106541516390621     
   1.000000     -0.105027459626782     
   2.000000     -0.104608848210825     
   3.000000     -0.101584419471242     
   4.000000     -9.906431720772249E-002
   5.000000     -9.710982182639870E-002
   6.000000     -9.194159883908787E-002
   7.000000     -8.704461843027880E-002
   8.000000     -8.643120688672991E-002
   9.000000     -8.081973061509094E-002
   10.00000     -7.526946863281241E-002
   11.00000     -6.988769637029120E-002
   12.00000     -6.596270342249015E-002
   13.00000     -6.474218080345250E-002
   14.00000     -5.987280988736225E-002
   15.00000     -5.529981379035420E-002
   16.00000     -5.102982906748763E-002
   17.00000     -4.706019864110443E-002
   18.00000     -4.338209289404876E-002
   19.00000     -3.998274575490252E-002
   20.00000     -3.684704905442970E-002
   21.00000     -3.395867965811513E-002
   22.00000     -3.190206463620356E-002
   23.00000     -3.130088408892591E-002
   24.00000     -2.885702736806349E-002
   25.00000     -2.661093873606242E-002
   26.00000     -2.454715637749768E-002
   27.00000     -2.265106082064071E-002
   28.00000     -2.090895148354299E-002
   29.00000     -1.930806968369459E-002
   30.00000     -1.783659873743499E-002
   31.00000     -1.648363603313792E-002
   32.00000     -1.523915397414125E-002
   33.00000     -1.409395211664422E-002
   34.00000     -1.303960482574052E-002
   35.00000     -1.206840718147055E-002
   36.00000     -1.117332102576296E-002
   37.00000     -1.034792242641859E-002
   38.00000     -9.586351387191296E-003
   39.00000     -8.883264310028224E-003
   40.00000     -8.233789484326355E-003
   41.00000     -7.633485714627797E-003
   42.00000     -7.078304084638404E-003
   43.00000     -6.564552778523081E-003
   44.00000     -6.088864830212003E-003
   45.00000     -5.648168640596460E-003
   46.00000     -5.239661085539896E-003
   47.00000     -4.860783030536154E-003
   48.00000     -4.509197067625884E-003
   49.00000     -4.182767294632982E-003
   50.00000     -3.879540964298501E-003
   51.00000     -3.597731840298228E-003
   52.00000     -3.335705107590946E-003
   53.00000     -3.091963695457654E-003
   54.00000     -2.865135882538574E-003
   55.00000     -2.653964063869591E-003
   56.00000     -2.457294570174789E-003
   57.00000     -2.274068439369392E-003
   58.00000     -2.103313049302477E-003
   59.00000     -1.944134529193376E-003
   60.00000     -1.795710874984786E-003
   61.00000     -1.657285700964931E-003
   62.00000     -1.528162566526722E-003
   63.00000     -1.407699822865763E-003
   64.00000     -1.295305929810816E-003
   65.00000     -1.190435197867152E-003
   66.00000     -1.092583914975979E-003
   67.00000     -1.001286821490959E-003
   68.00000     -9.161139004820861E-004
   69.00000     -8.366674537352123E-004
   70.00000     -7.625794367537444E-004
   71.00000     -6.935090287214950E-004
   72.00000     -6.291404157795080E-004
   73.00000     -5.691807681339402E-004
   74.00000     -5.133583934723898E-004
   75.00000     -4.614210509465089E-004
   76.00000     -4.131344116050319E-004
   77.00000     -3.682806526556416E-004
   78.00000     -3.266571743239692E-004
   79.00000     -2.880754293893941E-004
   80.00000     -2.523598567457750E-004
   81.00000     -2.193469116004852E-004
   82.00000     -1.888841862468102E-004
   83.00000     -1.608296168038909E-004
   84.00000     -1.350507730418522E-004
   85.00000     -1.114242305988482E-004
   86.00000     -8.983502788687956E-005
   87.00000     -7.017621435999674E-005
   88.00000     -5.234850364529570E-005
   89.00000     -3.626005634924670E-005
   90.00000     -2.182643726057010E-005
   91.00000     -8.970829060698840E-006
