  0.0000000E+00 -0.106520525182172     
   1.000000     -0.105006593947085     
   2.000000     -0.104587692070074     
   3.000000     -0.101564954449644     
   4.000000     -9.904160457777332E-002
   5.000000     -9.709106998126366E-002
   6.000000     -9.192351724922503E-002
   7.000000     -8.702095702641417E-002
   8.000000     -8.641375804884224E-002
   9.000000     -8.080288355443994E-002
   10.00000     -7.525319176431765E-002
   11.00000     -6.987196119122706E-002
   12.00000     -6.593803511947181E-002
   13.00000     -6.472696066766992E-002
   14.00000     -5.985808000396273E-002
   15.00000     -5.528555081373739E-002
   16.00000     -5.101601115619072E-002
   17.00000     -4.704680529965862E-002
   18.00000     -4.336910487021359E-002
   19.00000     -3.997014494685600E-002
   20.00000     -3.683481842624690E-002
   21.00000     -3.394680316119639E-002
   22.00000     -3.187632682671364E-002
   23.00000     -3.128934657027704E-002
   24.00000     -2.884581461159275E-002
   25.00000     -2.660003723539209E-002
   26.00000     -2.453655339614946E-002
   27.00000     -2.264074475934788E-002
   28.00000     -2.089891005551420E-002
   29.00000     -1.929829254078121E-002
   30.00000     -1.782707565272774E-002
   31.00000     -1.647435731005188E-002
   32.00000     -1.523011041356442E-002
   33.00000     -1.408513498660309E-002
   34.00000     -1.303100583336734E-002
   35.00000     -1.206001844707920E-002
   36.00000     -1.116513505885817E-002
   37.00000     -1.033993210348080E-002
   38.00000     -9.578549931093264E-003
   39.00000     -8.875645270953747E-003
   40.00000     -8.226346722072810E-003
   41.00000     -7.626213382185158E-003
   42.00000     -7.071196612946501E-003
   43.00000     -6.557604862317885E-003
   44.00000     -6.082071414879247E-003
   45.00000     -5.641524909957944E-003
   46.00000     -5.233162450503969E-003
   47.00000     -4.854425118549758E-003
   48.00000     -4.502975712870613E-003
   49.00000     -4.176678528912261E-003
   50.00000     -3.873581008567397E-003
   51.00000     -3.591897096791174E-003
   52.00000     -3.329992152506532E-003
   53.00000     -3.086369272162759E-003
   54.00000     -2.859656895257344E-003
   55.00000     -2.648597571825795E-003
   56.00000     -2.452037782158869E-003
   57.00000     -2.268918708703901E-003
   58.00000     -2.098267869182806E-003
   59.00000     -1.939191528382707E-003
   60.00000     -1.790867813844917E-003
   61.00000     -1.652540467807337E-003
   62.00000     -1.523513174270539E-003
   63.00000     -1.403144405992568E-003
   64.00000     -1.290842741608642E-003
   65.00000     -1.186062607959280E-003
   66.00000     -1.088300407133840E-003
   67.00000     -9.970909917338417E-004
   68.00000     -9.120044554711830E-004
   69.00000     -8.326432094739164E-004
   70.00000     -7.586393176124590E-004
   71.00000     -6.896520668118434E-004
   72.00000     -6.253657507112397E-004
   73.00000     -5.654876471981149E-004
   74.00000     -5.097461723069808E-004
   75.00000     -4.578891947567539E-004
   76.00000     -4.096824970311741E-004
   77.00000     -3.649083704074040E-004
   78.00000     -3.233643327359112E-004
   79.00000     -2.848619590982758E-004
   80.00000     -2.492258167540531E-004
   81.00000     -2.162924970778674E-004
   82.00000     -1.859097385446341E-004
   83.00000     -1.579356363331203E-004
   84.00000     -1.322379359235720E-004
   85.00000     -1.086934103832379E-004
   86.00000     -8.718732423387601E-005
   87.00000     -6.761299152571115E-005
   88.00000     -4.987144318855697E-005
   89.00000     -3.387123117954881E-005
   90.00000     -1.952841906138743E-005
   91.00000     -6.766850612861701E-006
