  0.0000000E+00 -0.103234934544467     
   1.000000     -0.101767539328840     
   2.000000     -0.101245959468445     
   3.000000     -9.851705295067680E-002
   4.000000     -9.548527096333013E-002
   5.000000     -9.415486164207906E-002
   6.000000     -8.909230862781049E-002
   7.000000     -8.368205288969315E-002
   8.000000     -8.331564168735180E-002
   9.000000     -7.816498045981149E-002
   10.00000     -7.270456989280774E-002
   11.00000     -6.740815741284360E-002
   12.00000     -6.234384526680202E-002
   13.00000     -6.207554592477810E-002
   14.00000     -5.755168516216286E-002
   15.00000     -5.305226436406013E-002
   16.00000     -4.885241314294572E-002
   17.00000     -4.494968659923292E-002
   18.00000     -4.133545104573319E-002
   19.00000     -3.799712171389960E-002
   20.00000     -3.491975842917677E-002
   21.00000     -3.208719383552165E-002
   22.00000     -2.948282151054510E-002
   23.00000     -2.784631056701240E-002
   24.00000     -2.709013473174642E-002
   25.00000     -2.489309538361749E-002
   26.00000     -2.287635513457422E-002
   27.00000     -2.102540452303691E-002
   28.00000     -1.932664358269296E-002
   29.00000     -1.776741029250078E-002
   30.00000     -1.633597677030171E-002
   31.00000     -1.502152404909590E-002
   32.00000     -1.381410301124109E-002
   33.00000     -1.270458692449389E-002
   34.00000     -1.168461946243159E-002
   35.00000     -1.074656094454142E-002
   36.00000     -9.883434689830412E-003
   37.00000     -9.088874762753850E-003
   38.00000     -8.357075942878069E-003
   39.00000     -7.682746426449623E-003
   40.00000     -7.061063536621632E-003
   41.00000     -6.487632555458308E-003
   42.00000     -5.958448677133764E-003
   43.00000     -5.469862004658122E-003
   44.00000     -5.018545462116051E-003
   45.00000     -4.601465463430350E-003
   46.00000     -4.215855161611414E-003
   47.00000     -3.859190095272519E-003
   48.00000     -3.529166048897865E-003
   49.00000     -3.223678947738827E-003
   50.00000     -2.940806615681759E-003
   51.00000     -2.678792233802100E-003
   52.00000     -2.436029347756557E-003
   53.00000     -2.211048283065925E-003
   54.00000     -2.002503838292035E-003
   55.00000     -1.809164136825011E-003
   56.00000     -1.629900528289722E-003
   57.00000     -1.463678440336914E-003
   58.00000     -1.309549090746602E-003
   59.00000     -1.166641978314428E-003
   60.00000     -1.034158078924512E-003
   61.00000     -9.113636805607264E-004
   62.00000     -7.975847978181285E-004
   63.00000     -6.922021128073221E-004
   64.00000     -5.946463952734111E-004
   65.00000     -5.043943603742946E-004
   66.00000     -4.209649280062036E-004
   67.00000     -3.439158529963680E-004
   68.00000     -2.728407011439783E-004
   69.00000     -2.073661523389162E-004
   70.00000     -1.471496193817282E-004
   71.00000     -9.187718058442388E-005
   72.00000     -4.126183731385754E-005
