  0.0000000E+00 -0.102996714911781     
   1.000000     -0.101534302202683     
   2.000000     -0.101001794327591     
   3.000000     -9.829597283800849E-002
   4.000000     -9.522732175209232E-002
   5.000000     -9.394188410085458E-002
   6.000000     -8.888695269221135E-002
   7.000000     -8.348386833931952E-002
   8.000000     -8.304693061844309E-002
   9.000000     -7.797364582459451E-002
   10.00000     -7.251971115048240E-002
   11.00000     -6.722945081633687E-002
   12.00000     -6.217098041231819E-002
   13.00000     -6.179539943388315E-002
   14.00000     -5.738439591337970E-002
   15.00000     -5.289027790885557E-002
   16.00000     -4.869548141764547E-002
   17.00000     -4.479757684046594E-002
   18.00000     -4.118794461320024E-002
   19.00000     -3.785401303588476E-002
   20.00000     -3.478085404388372E-002
   21.00000     -3.195231151575070E-002
   22.00000     -2.935178944156328E-002
   23.00000     -2.755400247186972E-002
   24.00000     -2.696279067717197E-002
   25.00000     -2.476928672879114E-002
   26.00000     -2.275593705657310E-002
   27.00000     -2.090824027677109E-002
   28.00000     -1.921260377787363E-002
   29.00000     -1.765637241449586E-002
   30.00000     -1.622782474231071E-002
   31.00000     -1.491614782922339E-002
   32.00000     -1.371139822115136E-002
   33.00000     -1.260445450690460E-002
   34.00000     -1.158696536502015E-002
   35.00000     -1.065129582809280E-002
   36.00000     -9.790473658671398E-003
   37.00000     -8.998137115712446E-003
   38.00000     -8.268484943179100E-003
   39.00000     -7.596229089112047E-003
   40.00000     -6.976550432062446E-003
   41.00000     -6.405057628132833E-003
   42.00000     -5.877749078156282E-003
   43.00000     -5.390977937450133E-003
   44.00000     -4.941420040224119E-003
   45.00000     -4.526044579742490E-003
   46.00000     -4.142087368281460E-003
   47.00000     -3.787026493739186E-003
   48.00000     -3.458560189455389E-003
   49.00000     -3.154586738187851E-003
   50.00000     -2.873186238656570E-003
   51.00000     -2.612604072440300E-003
   52.00000     -2.371235919448347E-003
   53.00000     -2.147614181096907E-003
   54.00000     -1.940395681275524E-003
   55.00000     -1.748350456991153E-003
   56.00000     -1.570352012258772E-003
   57.00000     -1.405367488769281E-003
   58.00000     -1.252450075680320E-003
   59.00000     -1.110731164918838E-003
   60.00000     -9.794136259905634E-004
   61.00000     -8.577656518886658E-004
   62.00000     -7.451151859640086E-004
   63.00000     -6.408448771471201E-004
   64.00000     -5.443875170048446E-004
   65.00000     -4.552219179723346E-004
   66.00000     -3.728691978825608E-004
   67.00000     -2.968894418445142E-004
   68.00000     -2.268787189314463E-004
   69.00000     -1.624664385398893E-004
   70.00000     -1.033130404959923E-004
   71.00000     -4.910802540982280E-005
