  0.0000000E+00 -0.105488576942858     
   1.000000     -0.103983877578166     
   2.000000     -0.103544231874078     
   3.000000     -0.100607916945438     
   4.000000     -9.792489848572385E-002
   5.000000     -9.616909967318145E-002
   6.000000     -9.103450529101326E-002
   7.000000     -8.585765588115861E-002
   8.000000     -8.555580513783560E-002
   9.000000     -7.997456963992025E-002
   10.00000     -7.445291238379131E-002
   11.00000     -6.909831494951653E-002
   12.00000     -6.472521076621779E-002
   13.00000     -6.397863584446928E-002
   14.00000     -5.913386083195506E-002
   15.00000     -5.458428793231863E-002
   16.00000     -5.033663069142626E-002
   17.00000     -4.638829956201758E-002
   18.00000     -4.273052729776110E-002
   19.00000     -3.935060554195025E-002
   20.00000     -3.623347960135766E-002
   21.00000     -3.336287590291008E-002
   22.00000     -3.072209541990048E-002
   23.00000     -3.061087487509276E-002
   24.00000     -2.829452141220004E-002
   25.00000     -2.606404759137634E-002
   26.00000     -2.401524110966533E-002
   27.00000     -2.213351769605424E-002
   28.00000     -2.040520787558413E-002
   29.00000     -1.881758463456233E-002
   30.00000     -1.735885924192182E-002
   31.00000     -1.601815569790449E-002
   32.00000     -1.478547137071146E-002
   33.00000     -1.365162926079825E-002
   34.00000     -1.260822577253527E-002
   35.00000     -1.164757672619130E-002
   36.00000     -1.076266350204890E-002
   37.00000     -9.947080593644724E-003
   38.00000     -9.194985399934932E-003
   39.00000     -8.501050763115595E-003
   40.00000     -7.860420527552245E-003
   41.00000     -7.268668231776462E-003
   42.00000     -6.721758931914804E-003
   43.00000     -6.216014077935216E-003
   44.00000     -5.748079313835704E-003
   45.00000     -5.314895042004606E-003
   46.00000     -4.913669574996223E-003
   47.00000     -4.541854690842837E-003
   48.00000     -4.197123407776036E-003
   49.00000     -3.877349798659366E-003
   50.00000     -3.580590672929900E-003
   51.00000     -3.305068963238292E-003
   52.00000     -3.049158664423604E-003
   53.00000     -2.811371183360132E-003
   54.00000     -2.590342969151221E-003
   55.00000     -2.384824303832558E-003
   56.00000     -2.193669143997736E-003
   57.00000     -2.015825913453991E-003
   58.00000     -1.850329156091843E-003
   59.00000     -1.696291966579009E-003
   60.00000     -1.552899124264617E-003
   61.00000     -1.419400862817928E-003
   62.00000     -1.295107214654662E-003
   63.00000     -1.179382875156997E-003
   64.00000     -1.071642537107809E-003
   65.00000     -9.713466506794432E-004
   66.00000     -8.779975687810094E-004
   67.00000     -7.911360416199576E-004
   68.00000     -7.103380280136819E-004
   69.00000     -6.352117943372831E-004
   70.00000     -5.653952750554733E-004
   71.00000     -5.005536716023740E-004
   72.00000     -4.403772689894769E-004
   73.00000     -3.845794519886777E-004
   74.00000     -3.328949051175981E-004
   75.00000     -2.850779830245339E-004
   76.00000     -2.409012403380954E-004
   77.00000     -2.001541127661632E-004
   78.00000     -1.626417444352306E-004
   79.00000     -1.281839605339386E-004
   80.00000     -9.661438989634472E-005
   81.00000     -6.777975034125655E-005
   82.00000     -4.153932240756540E-005
   83.00000     -1.776465851269936E-005
