  0.0000000E+00 -7.472039210069958E-002
   1.000000     -7.382010213295867E-002
   2.000000     -7.292647654791395E-002
   3.000000     -7.203949675894328E-002
   4.000000     -7.115914413400524E-002
   5.000000     -7.028539999543382E-002
   6.000000     -6.941824561973621E-002
   7.000000     -6.855766223738106E-002
   8.000000     -6.770363103260925E-002
   9.000000     -6.685613314319128E-002
   10.00000     -6.601514966026371E-002
   11.00000     -6.518066162808876E-002
   12.00000     -6.435265004385557E-002
   13.00000     -6.353109585747624E-002
   14.00000     -6.271597997137152E-002
   15.00000     -6.190728324004999E-002
   16.00000     -6.110498647047278E-002
   17.00000     -6.030907042538482E-002
   18.00000     -5.951951580476703E-002
   19.00000     -5.873630322012105E-002
   20.00000     -5.795941351756279E-002
   21.00000     -5.718882761912134E-002
   22.00000     -5.642452295908425E-002
   23.00000     -5.566648003738809E-002
   24.00000     -5.491470828297178E-002
   25.00000     -5.416916177421816E-002
   26.00000     -5.342963356123374E-002
   27.00000     -5.269644321908801E-002
   28.00000     -5.197048089485880E-002
   29.00000     -5.124934361555515E-002
   30.00000     -5.053019958396783E-002
   31.00000     -4.982563002485711E-002
   32.00000     -4.914089256424028E-002
   33.00000     -4.842974242382354E-002
   34.00000     -4.769503573357952E-002
   35.00000     -4.708504495029769E-002
   36.00000     -4.649464851481955E-002
   37.00000     -4.569863057385661E-002
   38.00000     -4.484784731405429E-002
   39.00000     -4.445113088251351E-002
   40.00000     -4.386166844832224E-002
   41.00000     -4.295933446087259E-002
   42.00000     -4.204202575281590E-002
   43.00000     -4.125390837402311E-002
   44.00000     -4.110485586921401E-002
   45.00000     -4.020038842741176E-002
   46.00000     -3.928942959241132E-002
   47.00000     -3.838505064888868E-002
   48.00000     -3.749047503944000E-002
   49.00000     -3.732257030523193E-002
   50.00000     -3.660103414317704E-002
   51.00000     -3.572463079090792E-002
   52.00000     -3.485903486932418E-002
   53.00000     -3.400499338679658E-002
   54.00000     -3.316312468167165E-002
   55.00000     -3.276681007000321E-002
   56.00000     -3.233313550433684E-002
   57.00000     -3.151649717018784E-002
   58.00000     -3.071280902918560E-002
   59.00000     -2.992237131978861E-002
   60.00000     -2.914535723389656E-002
   61.00000     -2.838189591666770E-002
   62.00000     -2.763237478027596E-002
   63.00000     -2.755231870997649E-002
   64.00000     -2.689577704695700E-002
   65.00000     -2.617330571934106E-002
   66.00000     -2.546449849755268E-002
   67.00000     -2.476933586533514E-002
   68.00000     -2.408776736001229E-002
   69.00000     -2.341972272567447E-002
   70.00000     -2.276511575227224E-002
   71.00000     -2.212385192173856E-002
   72.00000     -2.164363829147063E-002
   73.00000     -2.149569673413533E-002
   74.00000     -2.088079097923814E-002
   75.00000     -2.027878818959574E-002
   76.00000     -1.968959316976920E-002
   77.00000     -1.911305644572446E-002
   78.00000     -1.854901995399104E-002
   79.00000     -1.799731967814616E-002
   80.00000     -1.745778679334991E-002
   81.00000     -1.693024853224092E-002
   82.00000     -1.641452896819358E-002
   83.00000     -1.591044990545259E-002
   84.00000     -1.541783336938881E-002
   85.00000     -1.498874766571267E-002
   86.00000     -1.493639942258615E-002
   87.00000     -1.446621924413906E-002
   88.00000     -1.400688095054667E-002
   89.00000     -1.355826568812561E-002
   90.00000     -1.312019119364019E-002
   91.00000     -1.269247426776980E-002
   92.00000     -1.227493217240875E-002
   93.00000     -1.186738305662858E-002
   94.00000     -1.146964622731057E-002
   95.00000     -1.108154236578392E-002
   96.00000     -1.070289371321983E-002
   97.00000     -1.033352423249819E-002
   98.00000     -9.973259750346205E-003
   99.00000     -9.621928082361213E-003
   100.0000     -9.279359143374022E-003
   101.0000     -8.945385046486109E-003
   102.0000     -8.619840198137571E-003
   103.0000     -8.302561415311481E-003
   104.0000     -7.993388219144049E-003
   105.0000     -7.692165660170868E-003
   106.0000     -7.527838197096376E-003
   107.0000     -7.398709537209264E-003
   108.0000     -7.112916364742361E-003
   109.0000     -6.834603356954651E-003
   110.0000     -6.563627278269485E-003
   111.0000     -6.299842819507516E-003
   112.0000     -6.043106860765570E-003
   113.0000     -5.793278764150607E-003
   114.0000     -5.550220425860451E-003
   115.0000     -5.313796283865769E-003
   116.0000     -5.083873311549201E-003
   117.0000     -4.860321004697639E-003
   118.0000     -4.643011364327541E-003
   119.0000     -4.431818876432954E-003
   120.0000     -4.226620489284777E-003
   121.0000     -4.027295588709426E-003
   122.0000     -3.833725971695014E-003
   123.0000     -3.645795818617020E-003
   124.0000     -3.463391664348485E-003
   125.0000     -3.286402368496751E-003
   126.0000     -3.114719084996183E-003
   127.0000     -2.948235231273961E-003
   128.0000     -2.786846457192313E-003
   129.0000     -2.630450613979051E-003
   130.0000     -2.478947723336317E-003
   131.0000     -2.332239946936882E-003
   132.0000     -2.190231556503796E-003
   133.0000     -2.052828904687453E-003
   134.0000     -1.919940396958099E-003
   135.0000     -1.791476464745916E-003
   136.0000     -1.667349540084010E-003
   137.0000     -1.547474032032159E-003
   138.0000     -1.431766305192171E-003
   139.0000     -1.320144660669686E-003
   140.0000     -1.212529319888467E-003
   141.0000     -1.108842411732466E-003
   142.0000     -1.009007963575602E-003
   143.0000     -9.129518968665131E-004
   144.0000     -8.206020280765343E-004
   145.0000     -7.318880759926739E-004
   146.0000     -6.467416765673117E-004
   147.0000     -5.650964068317448E-004
   148.0000     -4.868878197690637E-004
   149.0000     -4.120534925554562E-004
   150.0000     -3.405330912673700E-004
   151.0000     -2.722684560863627E-004
   152.0000     -2.072037123154400E-004
   153.0000     -1.452854143157337E-004
   154.0000     -8.646273201899201E-005
   155.0000     -3.068769336278085E-005
