  0.0000000E+00 -7.678493320545929E-002
   1.000000     -7.587864706975628E-002
   2.000000     -7.497901092435601E-002
   3.000000     -7.408600611202910E-002
   4.000000     -7.319961392963240E-002
   5.000000     -7.231981562786834E-002
   6.000000     -7.144659241113789E-002
   7.000000     -7.057992543727999E-002
   8.000000     -6.971979581737904E-002
   9.000000     -6.886618461554886E-002
   10.00000     -6.801907284871869E-002
   11.00000     -6.717844148643129E-002
   12.00000     -6.634427145058805E-002
   13.00000     -6.551654361529588E-002
   14.00000     -6.469523880656473E-002
   15.00000     -6.388033780198622E-002
   16.00000     -6.307182133203378E-002
   17.00000     -6.226967007898655E-002
   18.00000     -6.147386464939846E-002
   19.00000     -6.068438564229518E-002
   20.00000     -5.990121394065807E-002
   21.00000     -5.912432934583420E-002
   22.00000     -5.835370925575858E-002
   23.00000     -5.758934493385950E-002
   24.00000     -5.683123336617026E-002
   25.00000     -5.607925167517937E-002
   26.00000     -5.533335988122422E-002
   27.00000     -5.459425326634452E-002
   28.00000     -5.386151505892758E-002
   29.00000     -5.313169714269469E-002
   30.00000     -5.240914047421297E-002
   31.00000     -5.170685572651195E-002
   32.00000     -5.100052266205730E-002
   33.00000     -5.026043479770436E-002
   34.00000     -4.957564296265027E-002
   35.00000     -4.900245954009826E-002
   36.00000     -4.826235270501051E-002
   37.00000     -4.740846230523973E-002
   38.00000     -4.680934411473259E-002
   39.00000     -4.640078210886973E-002
   40.00000     -4.550854932224634E-002
   41.00000     -4.457793928344631E-002
   42.00000     -4.366904180849739E-002
   43.00000     -4.356101371574420E-002
   44.00000     -4.269868350809459E-002
   45.00000     -4.176722584342610E-002
   46.00000     -4.084088701948847E-002
   47.00000     -3.992320648829937E-002
   48.00000     -3.970977138372896E-002
   49.00000     -3.901023751383648E-002
   50.00000     -3.810973203100352E-002
   51.00000     -3.721954854104607E-002
   52.00000     -3.634057246556619E-002
   53.00000     -3.547360287753052E-002
   54.00000     -3.518454420394777E-002
   55.00000     -3.461810535917485E-002
   56.00000     -3.377589304160370E-002
   57.00000     -3.294657042050856E-002
   58.00000     -3.213045896147724E-002
   59.00000     -3.132777218208346E-002
   60.00000     -3.053868838211680E-002
   61.00000     -2.999991625779259E-002
   62.00000     -2.976305467184245E-002
   63.00000     -2.900149346451531E-002
   64.00000     -2.825364536777349E-002
   65.00000     -2.751960737580233E-002
   66.00000     -2.679937246216994E-002
   67.00000     -2.609290618404709E-002
   68.00000     -2.540015336232063E-002
   69.00000     -2.472104502079447E-002
   70.00000     -2.411940169674089E-002
   71.00000     -2.405525689512410E-002
   72.00000     -2.340330076511563E-002
   73.00000     -2.276449843443135E-002
   74.00000     -2.213888398811641E-002
   75.00000     -2.152632229456777E-002
   76.00000     -2.092666665980818E-002
   77.00000     -2.033976244735989E-002
   78.00000     -1.976544849729018E-002
   79.00000     -1.920355819418715E-002
   80.00000     -1.865392050409393E-002
   81.00000     -1.811636174158652E-002
   82.00000     -1.759073868189229E-002
   83.00000     -1.749247504694885E-002
   84.00000     -1.707673167698003E-002
   85.00000     -1.657432536441294E-002
   86.00000     -1.608326434728156E-002
   87.00000     -1.560336668843160E-002
   88.00000     -1.513444694270630E-002
   89.00000     -1.467631905962472E-002
   90.00000     -1.422879702741716E-002
   91.00000     -1.379169525236642E-002
   92.00000     -1.336482885959515E-002
   93.00000     -1.294801395187432E-002
   94.00000     -1.254106783789782E-002
   95.00000     -1.214380923570878E-002
   96.00000     -1.175605845606020E-002
   97.00000     -1.137763757342875E-002
   98.00000     -1.100837060812551E-002
   99.00000     -1.064808384480853E-002
   100.0000     -1.029660785053674E-002
   101.0000     -1.005988116161610E-002
   102.0000     -9.953742736287198E-003
   103.0000     -9.619382667504393E-003
   104.0000     -9.293317472847938E-003
   105.0000     -8.975393744849423E-003
   106.0000     -8.665451854796122E-003
   107.0000     -8.363334150774542E-003
   108.0000     -8.068885390626267E-003
   109.0000     -7.781952836179978E-003
   110.0000     -7.502386288393950E-003
   111.0000     -7.230038103351257E-003
   112.0000     -6.964763198492365E-003
   113.0000     -6.706419052205688E-003
   114.0000     -6.454865698164966E-003
   115.0000     -6.209965715234730E-003
   116.0000     -5.971584213511856E-003
   117.0000     -5.739588816971554E-003
   118.0000     -5.513849643107086E-003
   119.0000     -5.294239279913897E-003
   120.0000     -5.080632760528969E-003
   121.0000     -4.872907535814978E-003
   122.0000     -4.670943445147700E-003
   123.0000     -4.474622685647056E-003
   124.0000     -4.283829780075668E-003
   125.0000     -4.098451543603978E-003
   126.0000     -3.918377049639037E-003
   127.0000     -3.743497594883994E-003
   128.0000     -3.573706663799588E-003
   129.0000     -3.408899892617576E-003
   130.0000     -3.248975033054379E-003
   131.0000     -3.093831915869093E-003
   132.0000     -2.943372414407646E-003
   133.0000     -2.797500408298131E-003
   134.0000     -2.656121747494025E-003
   135.0000     -2.519144216977464E-003
   136.0000     -2.386477502743459E-003
   137.0000     -2.258033160633237E-003
   138.0000     -2.133724593178521E-003
   139.0000     -2.013467057291888E-003
   140.0000     -1.897177866905529E-003
   141.0000     -1.784781515221750E-003
   142.0000     -1.753153327720554E-003
   143.0000     -1.676171382961016E-003
   144.0000     -1.571305508101658E-003
   145.0000     -1.470090441332877E-003
   146.0000     -1.372452768991301E-003
   147.0000     -1.278319537526432E-003
   148.0000     -1.187619213445940E-003
   149.0000     -1.100281765652468E-003
   150.0000     -1.016238668774012E-003
   151.0000     -9.354228930943752E-004
   152.0000     -8.577688929629350E-004
   153.0000     -7.832125970468102E-004
   154.0000     -7.116914018956473E-004
   155.0000     -6.431441698290602E-004
   156.0000     -5.775112321231247E-004
   157.0000     -5.147343985989735E-004
   158.0000     -4.547569749639689E-004
   159.0000     -3.975237896012064E-004
   160.0000     -3.429812319881098E-004
   161.0000     -2.910773055861177E-004
   162.0000     -2.417616989598112E-004
   163.0000     -1.949858801678285E-004
   164.0000     -1.507032213025050E-004
   165.0000     -1.088691627174414E-004
   166.0000     -6.944143044461890E-005
   167.0000     -3.238032633360529E-005
