  0.0000000E+00 -7.989132283070982E-002
   1.000000     -7.897609067561891E-002
   2.000000     -7.806748762832956E-002
   3.000000     -7.716549493648160E-002
   4.000000     -7.627009380125424E-002
   5.000000     -7.538126537715198E-002
   6.000000     -7.449899077178818E-002
   7.000000     -7.362324941796852E-002
   8.000000     -7.275402721202844E-002
   9.000000     -7.189130023648345E-002
   10.00000     -7.103505103695683E-002
   11.00000     -7.018526048338701E-002
   12.00000     -6.934190939752370E-002
   13.00000     -6.850497855270149E-002
   14.00000     -6.767444867355708E-002
   15.00000     -6.685030043617696E-002
   16.00000     -6.603251446881203E-002
   17.00000     -6.522107134062934E-002
   18.00000     -6.441595156913739E-002
   19.00000     -6.361713579119212E-002
   20.00000     -6.282460433933400E-002
   21.00000     -6.203833575462099E-002
   22.00000     -6.125831412043968E-002
   23.00000     -6.048453389527330E-002
   24.00000     -5.971692643371230E-002
   25.00000     -5.895541426381956E-002
   26.00000     -5.820039655868688E-002
   27.00000     -5.745187017997968E-002
   28.00000     -5.670743682256467E-002
   29.00000     -5.596896230543482E-002
   30.00000     -5.524675304833327E-002
   31.00000     -5.452623659845299E-002
   32.00000     -5.377952724686152E-002
   33.00000     -5.307120291352593E-002
   34.00000     -5.246312085639934E-002
   35.00000     -5.172536879967071E-002
   36.00000     -5.087095962189990E-002
   37.00000     -5.027111150741219E-002
   38.00000     -4.982298587992292E-002
   39.00000     -4.891747258599780E-002
   40.00000     -4.796602603431803E-002
   41.00000     -4.714198503496780E-002
   42.00000     -4.697751219853838E-002
   43.00000     -4.603365205331668E-002
   44.00000     -4.507424844832700E-002
   45.00000     -4.411913190680578E-002
   46.00000     -4.329890578920707E-002
   47.00000     -4.316571226557947E-002
   48.00000     -4.222819449901161E-002
   49.00000     -4.129671699368731E-002
   50.00000     -4.037527391219301E-002
   51.00000     -3.946481122603668E-002
   52.00000     -3.881607667311632E-002
   53.00000     -3.856512914404952E-002
   54.00000     -3.767861903037120E-002
   55.00000     -3.680433764415381E-002
   56.00000     -3.594296077036513E-002
   57.00000     -3.509481255793173E-002
   58.00000     -3.426016266374091E-002
   59.00000     -3.367501370611663E-002
   60.00000     -3.343889691633757E-002
   61.00000     -3.263180033363050E-002
   62.00000     -3.183849654686871E-002
   63.00000     -3.105915579530972E-002
   64.00000     -3.029381973519758E-002
   65.00000     -2.954249659939783E-002
   66.00000     -2.880517015860152E-002
   67.00000     -2.808183317385283E-002
   68.00000     -2.783714533213598E-002
   69.00000     -2.737224697023063E-002
   70.00000     -2.667658078419393E-002
   71.00000     -2.599461251818173E-002
   72.00000     -2.532624380054145E-002
   73.00000     -2.467135369454570E-002
   74.00000     -2.402980915582725E-002
   75.00000     -2.340146729513892E-002
   76.00000     -2.278617689291966E-002
   77.00000     -2.218378005280952E-002
   78.00000     -2.159411868066547E-002
   79.00000     -2.125292946728012E-002
   80.00000     -2.101696135759392E-002
   81.00000     -2.045224490946309E-002
   82.00000     -1.989971691417827E-002
   83.00000     -1.935920821870512E-002
   84.00000     -1.883053567528965E-002
   85.00000     -1.831351335007720E-002
   86.00000     -1.780795371681801E-002
   87.00000     -1.731366824942544E-002
   88.00000     -1.683046787814025E-002
   89.00000     -1.635816338276013E-002
   90.00000     -1.589656574417170E-002
   91.00000     -1.544548646783552E-002
   92.00000     -1.500473790658597E-002
   93.00000     -1.457413371587015E-002
   94.00000     -1.415349104658838E-002
   95.00000     -1.386266413251307E-002
   96.00000     -1.374259256557741E-002
   97.00000     -1.334132538717278E-002
   98.00000     -1.294945716540831E-002
   99.00000     -1.256682021819637E-002
   100.0000     -1.219323858829691E-002
   101.0000     -1.182853788075959E-002
   102.0000     -1.147254580910842E-002
   103.0000     -1.112509235384924E-002
   104.0000     -1.078600985068501E-002
   105.0000     -1.045513305350668E-002
   106.0000     -1.013229918291667E-002
   107.0000     -9.817347964015170E-003
   108.0000     -9.510121655244603E-003
   109.0000     -9.210465069425255E-003
   110.0000     -8.918225587830998E-003
   111.0000     -8.633253168018801E-003
   112.0000     -8.355400346029255E-003
   113.0000     -8.084522233518300E-003
   114.0000     -7.820476510340915E-003
   115.0000     -7.563123413075434E-003
   116.0000     -7.312325719977302E-003
   117.0000     -7.067948732913862E-003
   118.0000     -6.829860257023515E-003
   119.0000     -6.597930579502362E-003
   120.0000     -6.372032451271954E-003
   121.0000     -6.152041085725692E-003
   122.0000     -5.937834256596647E-003
   123.0000     -5.729293597496144E-003
   124.0000     -5.598506384334496E-003
   125.0000     -5.526283628987483E-003
   126.0000     -5.328723242364272E-003
   127.0000     -5.136475265893167E-003
   128.0000     -4.949433236379097E-003
   129.0000     -4.767488677583337E-003
   130.0000     -4.590534972256655E-003
   131.0000     -4.418467544135427E-003
   132.0000     -4.251183859639268E-003
   133.0000     -4.088583400057235E-003
   134.0000     -3.930567626202871E-003
   135.0000     -3.777039940600907E-003
   136.0000     -3.627905648760822E-003
   137.0000     -3.483071920121790E-003
   138.0000     -3.342447748946752E-003
   139.0000     -3.205943915311861E-003
   140.0000     -3.073472946288316E-003
   141.0000     -2.944949077385937E-003
   142.0000     -2.820288214312178E-003
   143.0000     -2.699407895091655E-003
   144.0000     -2.582227252582106E-003
   145.0000     -2.468666977419568E-003
   146.0000     -2.358649281421663E-003
   147.0000     -2.252097861471516E-003
   148.0000     -2.148937863902730E-003
   149.0000     -2.049095849406881E-003
   150.0000     -1.952499758474896E-003
   151.0000     -1.859078877389176E-003
   152.0000     -1.768763804777081E-003
   153.0000     -1.681486418734828E-003
   154.0000     -1.597179844531837E-003
   155.0000     -1.515778422901566E-003
   156.0000     -1.437217678926427E-003
   157.0000     -1.361434291519431E-003
   158.0000     -1.288366063511938E-003
   159.0000     -1.217951892345941E-003
   160.0000     -1.150131741381126E-003
   161.0000     -1.084846611815940E-003
   162.0000     -1.022038515230551E-003
   163.0000     -9.616504467546363E-004
   164.0000     -9.036263588678668E-004
   165.0000     -8.479111358397042E-004
   166.0000     -7.944505688173124E-004
   167.0000     -7.431913315744521E-004
   168.0000     -6.940809569348731E-004
   169.0000     -6.470678138886590E-004
   170.0000     -6.021010854255512E-004
   171.0000     -5.591307471131213E-004
   172.0000     -5.181075464569564E-004
   173.0000     -4.789829830883736E-004
   174.0000     -4.417092898382518E-004
   175.0000     -4.062394147684686E-004
   176.0000     -3.725270042540633E-004
   177.0000     -3.405263872319126E-004
   178.0000     -3.101925607647608E-004
   179.0000     -2.814811771102590E-004
   180.0000     -2.543485325400414E-004
   181.0000     -2.287515582262304E-004
   182.0000     -2.046478136110560E-004
   183.0000     -1.819954828097275E-004
   184.0000     -1.607533747811690E-004
   185.0000     -1.408809282609104E-004
   186.0000     -1.223382228229441E-004
   187.0000     -1.050859979749410E-004
   188.0000     -8.908568299577107E-005
   189.0000     -7.429944144221093E-005
   190.0000     -6.069023616038015E-005
   191.0000     -4.822192371104809E-005
   192.0000     -3.685939225501778E-005
   193.0000     -2.656876589769958E-005
   194.0000     -1.731771490365531E-005
   195.0000     -9.075943179402161E-006
   196.0000     -1.815991743307335E-006
