  0.0000000E+00 -7.630089892487697E-002
   1.000000     -7.539601492963441E-002
   2.000000     -7.449778246880424E-002
   3.000000     -7.360618827870305E-002
   4.000000     -7.272120829474744E-002
   5.000000     -7.184282557639048E-002
   6.000000     -7.097102134434603E-002
   7.000000     -7.010577677289151E-002
   8.000000     -6.924707298965811E-002
   9.000000     -6.839489107541538E-002
   10.00000     -6.754921206386411E-002
   11.00000     -6.671001694141852E-002
   12.00000     -6.587728664699503E-002
   13.00000     -6.505100207180184E-002
   14.00000     -6.423114405909182E-002
   15.00000     -6.341769340378249E-002
   16.00000     -6.261063085358265E-002
   17.00000     -6.180993710933413E-002
   18.00000     -6.101559279787935E-002
   19.00000     -6.022757851494484E-002
   20.00000     -5.944587515648759E-002
   21.00000     -5.867046282494150E-002
   22.00000     -5.790131860547464E-002
   23.00000     -5.713843123335839E-002
   24.00000     -5.638180363365693E-002
   25.00000     -5.563132768885801E-002
   26.00000     -5.488690459432802E-002
   27.00000     -5.414918218252705E-002
   28.00000     -5.341813559047434E-002
   29.00000     -5.269026982109798E-002
   30.00000     -5.196801567707235E-002
   31.00000     -5.126582845771566E-002
   32.00000     -5.056599517811419E-002
   33.00000     -4.983038321823666E-002
   34.00000     -4.912810951830433E-002
   35.00000     -4.856044554028813E-002
   36.00000     -4.785287424697507E-002
   37.00000     -4.700626768650295E-002
   38.00000     -4.630764640229004E-002
   39.00000     -4.598883452613914E-002
   40.00000     -4.512414206328897E-002
   41.00000     -4.419880136613338E-002
   42.00000     -4.327352554318621E-002
   43.00000     -4.303280741562122E-002
   44.00000     -4.232756407315039E-002
   45.00000     -4.140018734268865E-002
   46.00000     -4.047737562350295E-002
   47.00000     -3.956223806864190E-002
   48.00000     -3.915183535607365E-002
   49.00000     -3.865333022268278E-002
   50.00000     -3.775624727151346E-002
   51.00000     -3.686926372958637E-002
   52.00000     -3.599341045404793E-002
   53.00000     -3.512937746354812E-002
   54.00000     -3.461832641407487E-002
   55.00000     -3.427695876554530E-002
   56.00000     -3.343782895517579E-002
   57.00000     -3.261145722856475E-002
   58.00000     -3.179825134990960E-002
   59.00000     -3.099842999404072E-002
   60.00000     -3.021216208205532E-002
   61.00000     -2.944161184285605E-002
   62.00000     -2.942429848682302E-002
   63.00000     -2.868054035333257E-002
   64.00000     -2.793543307092538E-002
   65.00000     -2.720409959972777E-002
   66.00000     -2.648653883527549E-002
   67.00000     -2.578271785877289E-002
   68.00000     -2.509258211801371E-002
   69.00000     -2.441606024812274E-002
   70.00000     -2.375309506072892E-002
   71.00000     -2.353909723022083E-002
   72.00000     -2.310341854878179E-002
   73.00000     -2.246714059960440E-002
   74.00000     -2.184401985838416E-002
   75.00000     -2.123392803794131E-002
   76.00000     -2.063671969918912E-002
   77.00000     -2.005224096042518E-002
   78.00000     -1.948033129174735E-002
   79.00000     -1.892082463033417E-002
   80.00000     -1.837355034213372E-002
   81.00000     -1.783833430659505E-002
   82.00000     -1.731500219394603E-002
   83.00000     -1.690586181035432E-002
   84.00000     -1.680330619538340E-002
   85.00000     -1.630322053632714E-002
   86.00000     -1.581443334316422E-002
   87.00000     -1.533679152871609E-002
   88.00000     -1.487011108216070E-002
   89.00000     -1.441420660885169E-002
   90.00000     -1.396889262547890E-002
   91.00000     -1.353398402897147E-002
   92.00000     -1.310929641803562E-002
   93.00000     -1.269464635833912E-002
   94.00000     -1.228985161292514E-002
   95.00000     -1.189473134576078E-002
   96.00000     -1.150910630290432E-002
   97.00000     -1.113279897545814E-002
   98.00000     -1.076563375127007E-002
   99.00000     -1.040743707637484E-002
   100.0000     -1.005803773502111E-002
   101.0000     -9.717268498597834E-003
   102.0000     -9.466584120070159E-003
   103.0000     -9.384930099491793E-003
   104.0000     -9.060928779139351E-003
   105.0000     -8.745046883747897E-003
   106.0000     -8.437137330494225E-003
   107.0000     -8.137043461883937E-003
   108.0000     -7.844610564537526E-003
   109.0000     -7.559686347368324E-003
   110.0000     -7.282121035386954E-003
   111.0000     -7.011767400208212E-003
   112.0000     -6.748480771093877E-003
   113.0000     -6.492119036542598E-003
   114.0000     -6.242542639665724E-003
   115.0000     -5.999614568751413E-003
   116.0000     -5.763200343812347E-003
   117.0000     -5.533167999671412E-003
   118.0000     -5.309388066016726E-003
   119.0000     -5.091733544800178E-003
   120.0000     -4.880079885302426E-003
   121.0000     -4.674304957157902E-003
   122.0000     -4.474289021608633E-003
   123.0000     -4.279914701230357E-003
   124.0000     -4.091066948355109E-003
   125.0000     -3.907633012404886E-003
   126.0000     -3.729502406323107E-003
   127.0000     -3.556566872285439E-003
   128.0000     -3.388720346865067E-003
   129.0000     -3.225858925798403E-003
   130.0000     -3.067880828510799E-003
   131.0000     -2.914686362537042E-003
   132.0000     -2.766177887974898E-003
   133.0000     -2.622259782103066E-003
   134.0000     -2.482838404291131E-003
   135.0000     -2.347822061335483E-003
   136.0000     -2.217120973356992E-003
   137.0000     -2.090647240413648E-003
   138.0000     -1.968314810017687E-003
   139.0000     -1.850039445824806E-003
   140.0000     -1.735738697964397E-003
   141.0000     -1.625331876050796E-003
   142.0000     -1.518740027841970E-003
   143.0000     -1.415885934735313E-003
   144.0000     -1.316694186147722E-003
   145.0000     -1.221092069434162E-003
   146.0000     -1.153228219766717E-003
   147.0000     -1.128989923666273E-003
   148.0000     -1.040354451420093E-003
   149.0000     -9.550879336495363E-004
   150.0000     -8.731292611754907E-004
   151.0000     -7.944128822878943E-004
   152.0000     -7.188745125707918E-004
   153.0000     -6.464513798317878E-004
   154.0000     -5.770822744492937E-004
   155.0000     -5.107075764940424E-004
   156.0000     -4.472692844573210E-004
   157.0000     -3.867110527379494E-004
   158.0000     -3.289782419902403E-004
   159.0000     -2.740179862773560E-004
   160.0000     -2.217792817846008E-004
   161.0000     -1.722131033173874E-004
   162.0000     -1.252725570270156E-004
   163.0000     -8.091308110466606E-005
   164.0000     -3.909271113655056E-005
