  0.0000000E+00 -8.025294736383981E-002
   1.000000     -7.933667959637822E-002
   2.000000     -7.842703856388628E-002
   3.000000     -7.752400550374905E-002
   4.000000     -7.662756160683912E-002
   5.000000     -7.573768801730700E-002
   6.000000     -7.485436583236482E-002
   7.000000     -7.397757610207113E-002
   8.000000     -7.310729982911746E-002
   9.000000     -7.224351796860959E-002
   10.00000     -7.138621142785205E-002
   11.00000     -7.053536106612673E-002
   12.00000     -6.969094769447952E-002
   13.00000     -6.885295207548942E-002
   14.00000     -6.802135492297812E-002
   15.00000     -6.719613690226030E-002
   16.00000     -6.637727863047861E-002
   17.00000     -6.556476066474341E-002
   18.00000     -6.475856351747623E-002
   19.00000     -6.395866782203422E-002
   20.00000     -6.316505380092864E-002
   21.00000     -6.237770004336549E-002
   22.00000     -6.159659167804712E-002
   23.00000     -6.082172117046199E-002
   24.00000     -6.005301274763521E-002
   25.00000     -5.929041328017008E-002
   26.00000     -5.853434898292210E-002
   27.00000     -5.778463233249294E-002
   28.00000     -5.703887360477127E-002
   29.00000     -5.629991852196571E-002
   30.00000     -5.557728378680642E-002
   31.00000     -5.485284500554491E-002
   32.00000     -5.410383015509009E-002
   33.00000     -5.340572461464550E-002
   34.00000     -5.279212243695265E-002
   35.00000     -5.203415310899880E-002
   36.00000     -5.117804026751108E-002
   37.00000     -5.064558533531175E-002
   38.00000     -5.012608952441904E-002
   39.00000     -4.920673734869525E-002
   40.00000     -4.825173724217623E-002
   41.00000     -4.754077363702607E-002
   42.00000     -4.726891714779630E-002
   43.00000     -4.631262420279418E-002
   44.00000     -4.535029633972155E-002
   45.00000     -4.439261078144902E-002
   46.00000     -4.371325680511386E-002
   47.00000     -4.343844686010056E-002
   48.00000     -4.249648718853076E-002
   49.00000     -4.156252890273780E-002
   50.00000     -4.063868677130197E-002
   51.00000     -3.972592437108712E-002
   52.00000     -3.923791656728068E-002
   53.00000     -3.882404470019160E-002
   54.00000     -3.793508156406113E-002
   55.00000     -3.705854785482661E-002
   56.00000     -3.619495730396750E-002
   57.00000     -3.534462875110510E-002
   58.00000     -3.450785210376540E-002
   59.00000     -3.410217514380830E-002
   60.00000     -3.368449885370096E-002
   61.00000     -3.287523581949432E-002
   62.00000     -3.207985341348234E-002
   63.00000     -3.129846091836948E-002
   64.00000     -3.053109714949988E-002
   65.00000     -2.977776949286633E-002
   66.00000     -2.903846281613431E-002
   67.00000     -2.831344285910383E-002
   68.00000     -2.826912239953686E-002
   69.00000     -2.760164106791357E-002
   70.00000     -2.690404590958385E-002
   71.00000     -2.622017461073255E-002
   72.00000     -2.554992246226425E-002
   73.00000     -2.489316749534653E-002
   74.00000     -2.424977607325732E-002
   75.00000     -2.361960483776059E-002
   76.00000     -2.300250224220405E-002
   77.00000     -2.239831077499977E-002
   78.00000     -2.180690124361740E-002
   79.00000     -2.169009724004283E-002
   80.00000     -2.122795749327699E-002
   81.00000     -2.066148169662865E-002
   82.00000     -2.010721859941037E-002
   83.00000     -1.956498996077207E-002
   84.00000     -1.903461173972965E-002
   85.00000     -1.851589753362535E-002
   86.00000     -1.800865942653506E-002
   87.00000     -1.751270852959114E-002
   88.00000     -1.702785542488738E-002
   89.00000     -1.655391055598595E-002
   90.00000     -1.609068458197200E-002
   91.00000     -1.563798871451062E-002
   92.00000     -1.519563510565334E-002
   93.00000     -1.476343782197021E-002
   94.00000     -1.434126362879079E-002
   95.00000     -1.430474347360523E-002
   96.00000     -1.392875029052913E-002
   97.00000     -1.352590921477993E-002
   98.00000     -1.313248695720390E-002
   99.00000     -1.274830609506360E-002
   100.0000     -1.237318992190942E-002
   101.0000     -1.200696366737121E-002
   102.0000     -1.164945473482117E-002
   103.0000     -1.130049281448080E-002
   104.0000     -1.095990996077355E-002
   105.0000     -1.062754065185792E-002
   106.0000     -1.030322183680159E-002
   107.0000     -9.986792972740870E-003
   108.0000     -9.678096053384336E-003
   109.0000     -9.376975629837742E-003
   110.0000     -9.083278824538060E-003
   111.0000     -8.796855338980525E-003
   112.0000     -8.517557455854264E-003
   113.0000     -8.245240036156291E-003
   114.0000     -7.979760511825224E-003
   115.0000     -7.720978874454762E-003
   116.0000     -7.468757660747840E-003
   117.0000     -7.222961935710707E-003
   118.0000     -6.983459275736949E-003
   119.0000     -6.750119758228127E-003
   120.0000     -6.522815987473791E-003
   121.0000     -6.301423384382843E-003
   122.0000     -6.085830560115338E-003
   123.0000     -6.045590851444467E-003
   124.0000     -5.875872659795474E-003
   125.0000     -5.671485502828602E-003
   126.0000     -5.472530577911694E-003
   127.0000     -5.278895546670447E-003
   128.0000     -5.090469345366735E-003
   129.0000     -4.907142958059133E-003
   130.0000     -4.728809474807521E-003
   131.0000     -4.555364075267087E-003
   132.0000     -4.386703996689201E-003
   133.0000     -4.222728497300439E-003
   134.0000     -4.063338817979999E-003
   135.0000     -3.908438143231357E-003
   136.0000     -3.757931561869849E-003
   137.0000     -3.611726027637404E-003
   138.0000     -3.469730319877033E-003
   139.0000     -3.331855004355017E-003
   140.0000     -3.198012394298611E-003
   141.0000     -3.068116511708520E-003
   142.0000     -2.942083048986202E-003
   143.0000     -2.819829330923727E-003
   144.0000     -2.701274277085125E-003
   145.0000     -2.586338364610977E-003
   146.0000     -2.474943591475020E-003
   147.0000     -2.367013440210554E-003
   148.0000     -2.262472842130105E-003
   149.0000     -2.161248142054969E-003
   150.0000     -2.063267063566401E-003
   151.0000     -1.968458674793075E-003
   152.0000     -1.876753354743322E-003
   153.0000     -1.788082760190641E-003
   154.0000     -1.702379793118551E-003
   155.0000     -1.619578568730243E-003
   156.0000     -1.539614384024675E-003
   157.0000     -1.462423686943967E-003
   158.0000     -1.387944046090444E-003
   159.0000     -1.316114121015568E-003
   160.0000     -1.246873633077949E-003
   161.0000     -1.180163336871316E-003
   162.0000     -1.115924992218167E-003
   163.0000     -1.054101336727975E-003
   164.0000     -9.946360589165413E-004
   165.0000     -9.374737718832280E-004
   166.0000     -8.825599875434117E-004
   167.0000     -8.298410914122906E-004
   168.0000     -7.792643179376138E-004
   169.0000     -7.307777263780013E-004
   170.0000     -6.843301772259289E-004
   171.0000     -6.398713091728612E-004
   172.0000     -5.973515166173172E-004
   173.0000     -5.567219277158118E-004
   174.0000     -5.179343829811710E-004
   175.0000     -4.809414144314282E-004
   176.0000     -4.456962252988022E-004
   177.0000     -4.121526703089531E-004
   178.0000     -3.802652365469628E-004
   179.0000     -3.499890249310632E-004
   180.0000     -3.212797323236622E-004
   181.0000     -2.940936343157131E-004
   182.0000     -2.683875687359480E-004
   183.0000     -2.441189199485731E-004
   184.0000     -2.212456040252188E-004
   185.0000     -1.997260549018411E-004
   186.0000     -1.795192116686424E-004
   187.0000     -1.605845071869745E-004
   188.0000     -1.428818582938993E-004
   189.0000     -1.263716579453493E-004
   190.0000     -1.110147697764950E-004
   191.0000     -9.677252574071075E-005
   192.0000     -8.360672775422057E-005
   193.0000     -7.147965466975296E-005
   194.0000     -6.035407650408423E-005
   195.0000     -5.019327878570256E-005
   196.0000     -4.096110140217961E-005
   197.0000     -3.262199885075377E-005
   198.0000     -2.514113317223069E-005
   199.0000     -1.848451881906969E-005
   200.0000     -1.261925409322431E-005
   201.0000     -7.513905716528393E-006
   202.0000     -3.139185801878775E-006
