  0.0000000E+00 -8.020828664900725E-002
   1.000000     -7.929214671499499E-002
   2.000000     -7.838263380835456E-002
   3.000000     -7.747972916772983E-002
   4.000000     -7.658341398525777E-002
   5.000000     -7.569366940635792E-002
   6.000000     -7.481047652951762E-002
   7.000000     -7.393381640607692E-002
   8.000000     -7.306367004001590E-002
   9.000000     -7.220001838773327E-002
   10.00000     -7.134284235783298E-002
   11.00000     -7.049212281090343E-002
   12.00000     -6.964784055930243E-002
   13.00000     -6.880997636692544E-002
   14.00000     -6.797851094891834E-002
   15.00000     -6.715342497191787E-002
   16.00000     -6.633469905442951E-002
   17.00000     -6.552231375503240E-002
   18.00000     -6.471624958672288E-002
   19.00000     -6.391648718348190E-002
   20.00000     -6.312300678169193E-002
   21.00000     -6.233578696143244E-002
   22.00000     -6.155481272361542E-002
   23.00000     -6.078007681070353E-002
   24.00000     -6.001150427818285E-002
   25.00000     -5.924903879626297E-002
   26.00000     -5.849310383581012E-002
   27.00000     -5.774353532091957E-002
   28.00000     -5.699793829210632E-002
   29.00000     -5.625903727955536E-002
   30.00000     -5.553646770320183E-002
   31.00000     -5.481252529332929E-002
   32.00000     -5.406374679960931E-002
   33.00000     -5.336434537840403E-002
   34.00000     -5.275162129867031E-002
   35.00000     -5.199606661558445E-002
   36.00000     -5.113997140822145E-002
   37.00000     -5.059932223349771E-002
   38.00000     -5.008887377713495E-002
   39.00000     -4.917102936002801E-002
   40.00000     -4.821644486806187E-002
   41.00000     -4.749106569288548E-002
   42.00000     -4.723341448838424E-002
   43.00000     -4.627817905194626E-002
   44.00000     -4.531620916275028E-002
   45.00000     -4.435883726031518E-002
   46.00000     -4.366197524968134E-002
   47.00000     -4.340488817762484E-002
   48.00000     -4.246335756423428E-002
   49.00000     -4.152970492370719E-002
   50.00000     -4.060615876288483E-002
   51.00000     -3.969367803032464E-002
   52.00000     -3.918581941033260E-002
   53.00000     -3.879208033160277E-002
   54.00000     -3.790341184553653E-002
   55.00000     -3.702715606203477E-002
   56.00000     -3.616383877696902E-002
   57.00000     -3.531377934816968E-002
   58.00000     -3.447726388440690E-002
   59.00000     -3.404942517558328E-002
   60.00000     -3.365417335263229E-002
   61.00000     -3.284517433782588E-002
   62.00000     -3.205004849429743E-002
   63.00000     -3.126890929978711E-002
   64.00000     -3.050179586954743E-002
   65.00000     -2.974871568095757E-002
   66.00000     -2.900965338674321E-002
   67.00000     -2.828475208609829E-002
   68.00000     -2.821586819158746E-002
   69.00000     -2.757331339171298E-002
   70.00000     -2.687595609630948E-002
   71.00000     -2.619231972331344E-002
   72.00000     -2.552230009525749E-002
   73.00000     -2.486577535725298E-002
   74.00000     -2.422261194315442E-002
   75.00000     -2.359266655097058E-002
   76.00000     -2.297578766947200E-002
   77.00000     -2.237181769682159E-002
   78.00000     -2.178061834119085E-002
   79.00000     -2.163611804223952E-002
   80.00000     -2.120190149972241E-002
   81.00000     -2.063564226362853E-002
   82.00000     -2.008159333209820E-002
   83.00000     -1.953957700764440E-002
   84.00000     -1.900940934056910E-002
   85.00000     -1.849090398329832E-002
   86.00000     -1.798387306725352E-002
   87.00000     -1.748812774801716E-002
   88.00000     -1.700347865041743E-002
   89.00000     -1.652973625923935E-002
   90.00000     -1.606671127276854E-002
   91.00000     -1.561421493746018E-002
   92.00000     -1.517205942350413E-002
   93.00000     -1.474005868321204E-002
   94.00000     -1.431805177013503E-002
   95.00000     -1.425017356885458E-002
   96.00000     -1.390576056090782E-002
   97.00000     -1.350311280090449E-002
   98.00000     -1.310988229595223E-002
   99.00000     -1.272589196231725E-002
   100.0000     -1.235096516111080E-002
   101.0000     -1.198492716463448E-002
   102.0000     -1.162760541354551E-002
   103.0000     -1.127882963347182E-002
   104.0000     -1.093843191329410E-002
   105.0000     -1.060624676499882E-002
   106.0000     -1.028211117097993E-002
   107.0000     -9.965864621264869E-003
   108.0000     -9.657349142052192E-003
   109.0000     -9.356409316559197E-003
   110.0000     -9.062892298972206E-003
   111.0000     -8.776647822183738E-003
   112.0000     -8.497528199933824E-003
   113.0000     -8.225388323921203E-003
   114.0000     -7.960085656422387E-003
   115.0000     -7.701480218966730E-003
   116.0000     -7.449434577689060E-003
   117.0000     -7.203813826262694E-003
   118.0000     -6.964485568239011E-003
   119.0000     -6.731319904101060E-003
   120.0000     -6.504189445170442E-003
   121.0000     -6.282969504568776E-003
   122.0000     -6.067541903973968E-003
   123.0000     -5.990389236043674E-003
   124.0000     -5.857762536342985E-003
   125.0000     -5.653547820554666E-003
   126.0000     -5.454764242046643E-003
   127.0000     -5.261300143777889E-003
   128.0000     -5.073044543340767E-003
   129.0000     -4.889888463510460E-003
   130.0000     -4.711725024976307E-003
   131.0000     -4.538449435635658E-003
   132.0000     -4.369958960031587E-003
   133.0000     -4.206152883199614E-003
   134.0000     -4.046932472528494E-003
   135.0000     -3.892200938816954E-003
   136.0000     -3.741863397004665E-003
   137.0000     -3.595826826815895E-003
   138.0000     -3.454000033452188E-003
   139.0000     -3.316293608430715E-003
   140.0000     -3.182619890636308E-003
   141.0000     -3.052892927644751E-003
   142.0000     -2.927028437364744E-003
   143.0000     -2.804943770039748E-003
   144.0000     -2.686557870641267E-003
   145.0000     -2.571791241688326E-003
   146.0000     -2.460565906516577E-003
   147.0000     -2.352805373019964E-003
   148.0000     -2.248434597886676E-003
   149.0000     -2.147379951343304E-003
   150.0000     -2.049569182424536E-003
   151.0000     -1.954931384779256E-003
   152.0000     -1.863396963022622E-003
   153.0000     -1.774897599641956E-003
   154.0000     -1.689366222465754E-003
   155.0000     -1.606736972697469E-003
   156.0000     -1.526945173518671E-003
   157.0000     -1.449927299264987E-003
   158.0000     -1.375620945175884E-003
   159.0000     -1.303964797716492E-003
   160.0000     -1.234898605475361E-003
   161.0000     -1.168363150632397E-003
   162.0000     -1.104300220998847E-003
   163.0000     -1.042652582625708E-003
   164.0000     -9.833639529787410E-004
   165.0000     -9.263789746783700E-004
   166.0000     -8.716431898000906E-004
   167.0000     -8.191030147361405E-004
   168.0000     -7.687057156141878E-004
   169.0000     -7.203993842734382E-004
   170.0000     -6.741329147969698E-004
   171.0000     -6.298559806012046E-004
   172.0000     -5.875190120852406E-004
   173.0000     -5.470731748435333E-004
   174.0000     -5.084703484487115E-004
   175.0000     -4.716631058130054E-004
   176.0000     -4.366046931437175E-004
   177.0000     -4.032490105073001E-004
   178.0000     -3.715505930291529E-004
   179.0000     -3.414645927576617E-004
   180.0000     -3.129467612361893E-004
   181.0000     -2.859534328342303E-004
   182.0000     -2.604415089092443E-004
   183.0000     -2.363684428885867E-004
   184.0000     -2.136922263902870E-004
   185.0000     -1.923713765382550E-004
   186.0000     -1.723649246757355E-004
   187.0000     -1.536324067503722E-004
   188.0000     -1.361338557353064E-004
   189.0000     -1.198297965826294E-004
   190.0000     -1.046812443902442E-004
   191.0000     -9.064970673259595E-005
   192.0000     -7.769719150239890E-005
   193.0000     -6.578622221092776E-005
   194.0000     -5.487986362547925E-005
   195.0000     -4.494176210573752E-005
   196.0000     -3.593620745040599E-005
   197.0000     -2.782822726364139E-005
   198.0000     -2.058373239178518E-005
   199.0000     -1.416974629773989E-005
   200.0000     -8.554780352131190E-006
   201.0000     -3.709481604328609E-006
