  0.0000000E+00 -7.704878331838103E-002
   1.000000     -7.614173380553697E-002
   2.000000     -7.524133247376308E-002
   3.000000     -7.434756065723250E-002
   4.000000     -7.346039964415775E-002
   5.000000     -7.257983067655489E-002
   6.000000     -7.170583495006487E-002
   7.000000     -7.083839361371684E-002
   8.000000     -6.997748776972874E-002
   9.000000     -6.912309847328962E-002
   10.00000     -6.827520673234634E-002
   11.00000     -6.743379350739015E-002
   12.00000     -6.659883971123311E-002
   13.00000     -6.577032620881240E-002
   14.00000     -6.494823381690970E-002
   15.00000     -6.413254330385074E-002
   16.00000     -6.332323539087996E-002
   17.00000     -6.252029075023430E-002
   18.00000     -6.172368997798858E-002
   19.00000     -6.093341367618810E-002
   20.00000     -6.014944271322529E-002
   21.00000     -5.937175672461025E-002
   22.00000     -5.860033337296234E-002
   23.00000     -5.783516519816050E-002
   24.00000     -5.707624518927830E-002
   25.00000     -5.632344412833975E-002
   26.00000     -5.557675811417992E-002
   27.00000     -5.483689289468147E-002
   28.00000     -5.410320729154290E-002
   29.00000     -5.337237154922553E-002
   30.00000     -5.264975797684507E-002
   31.00000     -5.194715370143368E-002
   32.00000     -5.123705521264971E-002
   33.00000     -5.049538990082232E-002
   34.00000     -4.982097661880831E-002
   35.00000     -4.924100376934678E-002
   36.00000     -4.848476171371838E-002
   37.00000     -4.762888773482372E-002
   38.00000     -4.708619824938536E-002
   39.00000     -4.662009497703316E-002
   40.00000     -4.571784016973809E-002
   41.00000     -4.478457163476404E-002
   42.00000     -4.392191320934012E-002
   43.00000     -4.381147105237788E-002
   44.00000     -4.290082877083989E-002
   45.00000     -4.196722962090120E-002
   46.00000     -4.103898676200791E-002
   47.00000     -4.012137117555806E-002
   48.00000     -4.001238908858426E-002
   49.00000     -3.920469232552597E-002
   50.00000     -3.830236347695064E-002
   51.00000     -3.741044027181063E-002
   52.00000     -3.652976648437374E-002
   53.00000     -3.566137063374834E-002
   54.00000     -3.549295884651033E-002
   55.00000     -3.480399080480297E-002
   56.00000     -3.396012819660300E-002
   57.00000     -3.312919955010081E-002
   58.00000     -3.231150586767643E-002
   59.00000     -3.150725901585637E-002
   60.00000     -3.071665129723062E-002
   61.00000     -3.031230891084362E-002
   62.00000     -2.993952176977702E-002
   63.00000     -2.917640834176097E-002
   64.00000     -2.842706896413533E-002
   65.00000     -2.769155810047246E-002
   66.00000     -2.696986672837290E-002
   67.00000     -2.626195972533678E-002
   68.00000     -2.556778176626257E-002
   69.00000     -2.488726783133759E-002
   70.00000     -2.443537056141653E-002
   71.00000     -2.422021062249752E-002
   72.00000     -2.356673817858465E-002
   73.00000     -2.292656348686703E-002
   74.00000     -2.229959117022394E-002
   75.00000     -2.168568443890956E-002
   76.00000     -2.108469606008673E-002
   77.00000     -2.049647101529617E-002
   78.00000     -1.992084781557800E-002
   79.00000     -1.935765956760468E-002
   80.00000     -1.880673511605173E-002
   81.00000     -1.826790201639338E-002
   82.00000     -1.781230684674917E-002
   83.00000     -1.774089282480262E-002
   84.00000     -1.722574963613298E-002
   85.00000     -1.672209436405722E-002
   86.00000     -1.622979588254785E-002
   87.00000     -1.574867023036357E-002
   88.00000     -1.527853149313453E-002
   89.00000     -1.481919330882002E-002
   90.00000     -1.437046939041789E-002
   91.00000     -1.393217388253486E-002
   92.00000     -1.350412165599305E-002
   93.00000     -1.308612856461158E-002
   94.00000     -1.267801167300885E-002
   95.00000     -1.227958946076104E-002
   96.00000     -1.189068200896121E-002
   97.00000     -1.151111118283741E-002
   98.00000     -1.114070086691370E-002
   99.00000     -1.077927769747733E-002
   100.0000     -1.042670106243443E-002
   101.0000     -1.038315981025806E-002
   102.0000     -1.008268807218139E-002
   103.0000     -9.747198939211553E-003
   104.0000     -9.420018210363413E-003
   105.0000     -9.100984523125685E-003
   106.0000     -8.789937639149177E-003
   107.0000     -8.486719610200694E-003
   108.0000     -8.191174950936301E-003
   109.0000     -7.903150694756637E-003
   110.0000     -7.622496419740317E-003
   111.0000     -7.349064261679845E-003
   112.0000     -7.082708919127011E-003
   113.0000     -6.823287652393647E-003
   114.0000     -6.570660277537483E-003
   115.0000     -6.324689156005291E-003
   116.0000     -6.085239180465048E-003
   117.0000     -5.852177757251296E-003
   118.0000     -5.625374785814066E-003
   119.0000     -5.404702635510386E-003
   120.0000     -5.190036120045383E-003
   121.0000     -4.981252469849267E-003
   122.0000     -4.778231302649994E-003
   123.0000     -4.580854592473703E-003
   124.0000     -4.389006637303343E-003
   125.0000     -4.202574025587784E-003
   126.0000     -4.021445601798576E-003
   127.0000     -3.845512431205019E-003
   128.0000     -3.674667764037160E-003
   129.0000     -3.508806999193524E-003
   130.0000     -3.347827647656868E-003
   131.0000     -3.191629295789996E-003
   132.0000     -3.040113568729892E-003
   133.0000     -2.893184094214804E-003
   134.0000     -2.750746467521452E-003
   135.0000     -2.612708219267634E-003
   136.0000     -2.478978791986576E-003
   137.0000     -2.349469552594556E-003
   138.0000     -2.224094049483437E-003
   139.0000     -2.102777477228135E-003
   140.0000     -2.080091105297404E-003
   141.0000     -1.985395720196783E-003
   142.0000     -1.871916416878524E-003
   143.0000     -1.762238684907983E-003
   144.0000     -1.656285235859257E-003
   145.0000     -1.553979534062561E-003
   146.0000     -1.455246515454472E-003
   147.0000     -1.360012648543510E-003
   148.0000     -1.268205928519323E-003
   149.0000     -1.179755858973547E-003
   150.0000     -1.094593431449475E-003
   151.0000     -1.012651105649691E-003
   152.0000     -9.338627914166450E-004
   153.0000     -8.581638331252022E-004
   154.0000     -7.854909970113160E-004
   155.0000     -7.157824619740286E-004
   156.0000     -6.489778144655882E-004
   157.0000     -5.850180482088972E-004
   158.0000     -5.238455696548130E-004
   159.0000     -4.654042103253888E-004
   160.0000     -4.096392474974186E-004
   161.0000     -3.564974350989293E-004
   162.0000     -3.059270472546662E-004
   163.0000     -2.578779376919156E-004
   164.0000     -2.123016192988573E-004
   165.0000     -1.691513696595976E-004
   166.0000     -1.283823706015984E-004
   167.0000     -8.995189305584789E-005
   168.0000     -5.381954346155737E-005
   169.0000     -1.994759560194029E-005
