  0.0000000E+00 -8.014917900191908E-002
   1.000000     -7.923320617128579E-002
   2.000000     -7.832386497525104E-002
   3.000000     -7.742113032418953E-002
   4.000000     -7.652498552189289E-002
   5.000000     -7.563541171546583E-002
   6.000000     -7.475239000508772E-002
   7.000000     -7.387590144379963E-002
   8.000000     -7.300592703728886E-002
   9.000000     -7.214244774367114E-002
   10.00000     -7.128544447327498E-002
   11.00000     -7.043489808841999E-002
   12.00000     -6.959078940320436E-002
   13.00000     -6.875309918327216E-002
   14.00000     -6.792180814553476E-002
   15.00000     -6.709689695836596E-002
   16.00000     -6.627834624208943E-002
   17.00000     -6.546613655723621E-002
   18.00000     -6.466024841758446E-002
   19.00000     -6.386066245785532E-002
   20.00000     -6.306735893267724E-002
   21.00000     -6.228031641145580E-002
   22.00000     -6.149951972521761E-002
   23.00000     -6.072496196969303E-002
   24.00000     -5.995656932089619E-002
   25.00000     -5.919428129501194E-002
   26.00000     -5.843851746367935E-002
   27.00000     -5.768914451740001E-002
   28.00000     -5.694376240745549E-002
   29.00000     -5.620493516975403E-002
   30.00000     -5.548244616451939E-002
   31.00000     -5.475915593826471E-002
   32.00000     -5.401071184256322E-002
   33.00000     -5.330960746973001E-002
   34.00000     -5.269796201995601E-002
   35.00000     -5.194564006289137E-002
   36.00000     -5.108965741242655E-002
   37.00000     -5.053808328895022E-002
   38.00000     -5.003953503551265E-002
   39.00000     -4.912376372716379E-002
   40.00000     -4.816973986959400E-002
   41.00000     -4.742540713397444E-002
   42.00000     -4.718628511727676E-002
   43.00000     -4.623258816849370E-002
   44.00000     -4.527109334033961E-002
   45.00000     -4.431413831071181E-002
   46.00000     -4.359412822449492E-002
   47.00000     -4.336044266231678E-002
   48.00000     -4.241950914651505E-002
   49.00000     -4.148626131647238E-002
   50.00000     -4.056310700478193E-002
   51.00000     -3.965100028368166E-002
   52.00000     -3.911686831767151E-002
   53.00000     -3.874977211922222E-002
   54.00000     -3.786149605321732E-002
   55.00000     -3.698560819592767E-002
   56.00000     -3.612265262649812E-002
   57.00000     -3.527294944524088E-002
   58.00000     -3.443678046379904E-002
   59.00000     -3.397960820508178E-002
   60.00000     -3.361403587396148E-002
   61.00000     -3.280538727748265E-002
   62.00000     -3.201060105001378E-002
   63.00000     -3.122979713295300E-002
   64.00000     -3.046301505766304E-002
   65.00000     -2.971026242834717E-002
   66.00000     -2.897152365470578E-002
   67.00000     -2.824687229778524E-002
   68.00000     -2.814529171271742E-002
   69.00000     -2.753582115349496E-002
   70.00000     -2.683877879256330E-002
   71.00000     -2.615545338144486E-002
   72.00000     -2.548574152599323E-002
   73.00000     -2.482952152714660E-002
   74.00000     -2.418665991320098E-002
   75.00000     -2.355701345735989E-002
   76.00000     -2.294043069775283E-002
   77.00000     -2.233675393634542E-002
   78.00000     -2.174583740042471E-002
   79.00000     -2.156467042218427E-002
   80.00000     -2.116741607995779E-002
   81.00000     -2.060144365489554E-002
   82.00000     -2.004767821731106E-002
   83.00000     -1.950594292942589E-002
   84.00000     -1.897605396883867E-002
   85.00000     -1.845782506192003E-002
   86.00000     -1.795106840305894E-002
   87.00000     -1.745559520681108E-002
   88.00000     -1.697121615467473E-002
   89.00000     -1.649774178613169E-002
   90.00000     -1.603498285160851E-002
   91.00000     -1.558275064436620E-002
   92.00000     -1.514085736222342E-002
   93.00000     -1.470911684528333E-002
   94.00000     -1.428735645633351E-002
   95.00000     -1.417792363845629E-002
   96.00000     -1.387533397978083E-002
   97.00000     -1.347294227876373E-002
   98.00000     -1.307996562428365E-002
   99.00000     -1.269622751385309E-002
   100.0000     -1.232155140525165E-002
   101.0000     -1.195576262849493E-002
   102.0000     -1.159868867395685E-002
   103.0000     -1.125015931429894E-002
   104.0000     -1.091000668412164E-002
   105.0000     -1.057806534027380E-002
   106.0000     -1.025417230934670E-002
   107.0000     -9.938167124983702E-003
   108.0000     -9.629891856472192E-003
   109.0000     -9.329191129617654E-003
   110.0000     -9.035912140720671E-003
   111.0000     -8.749904664324263E-003
   112.0000     -8.471021055366667E-003
   113.0000     -8.199116246289592E-003
   114.0000     -7.934047739646300E-003
   115.0000     -7.675675596727639E-003
   116.0000     -7.423862422807134E-003
   117.0000     -7.178473349788645E-003
   118.0000     -6.939376017755319E-003
   119.0000     -6.706440559413669E-003
   120.0000     -6.479539602710855E-003
   121.0000     -6.258548381895549E-003
   122.0000     -6.043346250692559E-003
   123.0000     -5.917322795337063E-003
   124.0000     -5.833795137048061E-003
   125.0000     -5.629810076610016E-003
   126.0000     -5.431253458969722E-003
   127.0000     -5.238015736157862E-003
   128.0000     -5.049986069472299E-003
   129.0000     -4.867055538125853E-003
   130.0000     -4.689117304737647E-003
   131.0000     -4.516066615172243E-003
   132.0000     -4.347800770455083E-003
   133.0000     -4.184219091393124E-003
   134.0000     -4.025222880726899E-003
   135.0000     -3.870715384319531E-003
   136.0000     -3.720601751954343E-003
   137.0000     -3.574788998019310E-003
   138.0000     -3.433185962229117E-003
   139.0000     -3.295703270484877E-003
   140.0000     -3.162253295946177E-003
   141.0000     -3.032750120373127E-003
   142.0000     -2.907109495786331E-003
   143.0000     -2.785248806485846E-003
   144.0000     -2.667087031463881E-003
   145.0000     -2.552544707244129E-003
   146.0000     -2.441543891169663E-003
   147.0000     -2.334008125166764E-003
   148.0000     -2.229862400003006E-003
   149.0000     -2.129033120055840E-003
   150.0000     -2.031448068607456E-003
   151.0000     -1.937036373677737E-003
   152.0000     -1.845728474406068E-003
   153.0000     -1.757456087989101E-003
   154.0000     -1.672152177183066E-003
   155.0000     -1.589750918374300E-003
   156.0000     -1.510187670223092E-003
   157.0000     -1.433398942882681E-003
   158.0000     -1.359322367795788E-003
   159.0000     -1.287896668069610E-003
   160.0000     -1.219061629428981E-003
   161.0000     -1.152758071747809E-003
   162.0000     -1.088927821158000E-003
   163.0000     -1.027513682734194E-003
   164.0000     -9.684594137536040E-004
   165.0000     -9.117096975299109E-004
   166.0000     -8.572101178200425E-004
   167.0000     -8.049071338028504E-004
   168.0000     -7.547480556316220E-004
   169.0000     -7.066810205590313E-004
   170.0000     -6.606549696394642E-004
   171.0000     -6.166196250110166E-004
   172.0000     -5.745254677640388E-004
   173.0000     -5.343237164053559E-004
   174.0000     -4.959663059298144E-004
   175.0000     -4.594058675158678E-004
   176.0000     -4.245957088668256E-004
   177.0000     -3.914897952268616E-004
   178.0000     -3.600427311082922E-004
   179.0000     -3.302097427782592E-004
   180.0000     -3.019466615670685E-004
   181.0000     -2.752099080780366E-004
   182.0000     -2.499564774029627E-004
   183.0000     -2.261439254771583E-004
   184.0000     -2.037303567509670E-004
   185.0000     -1.826744134078217E-004
   186.0000     -1.629352664365650E-004
   187.0000     -1.444726089666731E-004
   188.0000     -1.272466524218546E-004
   189.0000     -1.112181262516936E-004
   190.0000     -9.634828229809273E-005
   191.0000     -8.259890529095040E-005
   192.0000     -6.993233162656371E-005
   193.0000     -5.831147960181968E-005
   194.0000     -4.769989589727507E-005
   195.0000     -3.806182576725079E-005
   196.0000     -2.936231894648229E-005
   197.0000     -2.156739142355716E-005
   198.0000     -1.464427861148961E-005
   199.0000     -8.561846541681137E-006
   200.0000     -3.291296212497526E-006
