  0.0000000E+00 -8.059013649183726E-002
   1.000000     -7.967290416881320E-002
   2.000000     -7.876229637892006E-002
   3.000000     -7.785829435012914E-002
   4.000000     -7.696087926385337E-002
   5.000000     -7.607003225474050E-002
   6.000000     -7.518573441045624E-002
   7.000000     -7.430796677146910E-002
   8.000000     -7.343671033083629E-002
   9.000000     -7.257194603398483E-002
   10.00000     -7.171365477849855E-002
   11.00000     -7.086181741389226E-002
   12.00000     -7.001641474140322E-002
   13.00000     -6.917742751375201E-002
   14.00000     -6.834483643486552E-002
   15.00000     -6.751862216018251E-002
   16.00000     -6.669876529662966E-002
   17.00000     -6.588524639039034E-002
   18.00000     -6.507804595003994E-002
   19.00000     -6.427714460229630E-002
   20.00000     -6.348252246315089E-002
   21.00000     -6.269415822057375E-002
   22.00000     -6.191203629570827E-002
   23.00000     -6.113615173714700E-002
   24.00000     -6.036641813057223E-002
   25.00000     -5.960280977119212E-002
   26.00000     -5.884576765362650E-002
   27.00000     -5.809492267985827E-002
   28.00000     -5.734796416568123E-002
   29.00000     -5.660864427824552E-002
   30.00000     -5.588539210259342E-002
   31.00000     -5.515712207340155E-002
   32.00000     -5.440679707690334E-002
   33.00000     -5.371863135070112E-002
   34.00000     -5.309671946600254E-002
   35.00000     -5.232133472813702E-002
   36.00000     -5.146722168502398E-002
   37.00000     -5.099405406463006E-002
   38.00000     -5.040557421364331E-002
   39.00000     -4.947620104814685E-002
   40.00000     -4.851831454526436E-002
   41.00000     -4.791763919969980E-002
   42.00000     -4.753507126043713E-002
   43.00000     -4.657261844659442E-002
   44.00000     -4.560761254211388E-002
   45.00000     -4.464760606829352E-002
   46.00000     -4.410069169941502E-002
   47.00000     -4.369142511372325E-002
   48.00000     -4.274657602637711E-002
   49.00000     -4.181031566919120E-002
   50.00000     -4.088424195290536E-002
   51.00000     -3.996939350392252E-002
   52.00000     -3.963118689977167E-002
   53.00000     -3.906531158359289E-002
   54.00000     -3.817415732704976E-002
   55.00000     -3.729552713431425E-002
   56.00000     -3.642987453397431E-002
   57.00000     -3.557751560822728E-002
   58.00000     -3.473879942443887E-002
   59.00000     -3.450036894279436E-002
   60.00000     -3.391341798943942E-002
   61.00000     -3.310217471888649E-002
   62.00000     -3.230485643051551E-002
   63.00000     -3.152155231220004E-002
   64.00000     -3.075229924464070E-002
   65.00000     -2.999710405955847E-002
   66.00000     -2.925595455784154E-002
   67.00000     -2.867252659979027E-002
   68.00000     -2.852864847623583E-002
   69.00000     -2.781549361612836E-002
   70.00000     -2.711610466010092E-002
   71.00000     -2.643046051205525E-002
   72.00000     -2.575845358032979E-002
   73.00000     -2.509996112033712E-002
   74.00000     -2.445484898201493E-002
   75.00000     -2.382297340033923E-002
   76.00000     -2.320418263067334E-002
   77.00000     -2.259832067089639E-002
   78.00000     -2.209777860950228E-002
   79.00000     -2.200513244663144E-002
   80.00000     -2.142466565356727E-002
   81.00000     -2.085655754187582E-002
   82.00000     -2.030067847551456E-002
   83.00000     -1.975684774425722E-002
   84.00000     -1.922488071609868E-002
   85.00000     -1.870459058998076E-002
   86.00000     -1.819578909801834E-002
   87.00000     -1.769828701860363E-002
   88.00000     -1.721189461359373E-002
   89.00000     -1.673642201857362E-002
   90.00000     -1.627167960350384E-002
   91.00000     -1.581747833994625E-002
   92.00000     -1.537363037158910E-002
   93.00000     -1.493995293427135E-002
   94.00000     -1.471697862188297E-002
   95.00000     -1.451622601660871E-002
   96.00000     -1.410232292687437E-002
   97.00000     -1.369802500422911E-002
   98.00000     -1.330315637953949E-002
   99.00000     -1.291753830911619E-002
   100.0000     -1.254099367088003E-002
   101.0000     -1.217334739086806E-002
   102.0000     -1.181442659713744E-002
   103.0000     -1.146406071574589E-002
   104.0000     -1.112208154317695E-002
   105.0000     -1.078832330409526E-002
   106.0000     -1.046262269774730E-002
   107.0000     -1.014481893472720E-002
   108.0000     -9.834753765254547E-003
   109.0000     -9.532271499853100E-003
   110.0000     -9.237219023186950E-003
   111.0000     -8.949445801735192E-003
   112.0000     -8.668803885921596E-003
   113.0000     -8.395147907308080E-003
   114.0000     -8.128335071469211E-003
   115.0000     -7.868225147327167E-003
   116.0000     -7.614680454188441E-003
   117.0000     -7.367565849419656E-003
   118.0000     -7.126748726690631E-003
   119.0000     -6.892099075016644E-003
   120.0000     -6.663490091431674E-003
   121.0000     -6.462423737697782E-003
   122.0000     -6.440759742785885E-003
   123.0000     -6.223882156837343E-003
   124.0000     -6.012648837470300E-003
   125.0000     -5.806967155779670E-003
   126.0000     -5.606721794396911E-003
   127.0000     -5.411799209731069E-003
   128.0000     -5.222087990001833E-003
   129.0000     -5.037478878602385E-003
   130.0000     -4.857864751582570E-003
   131.0000     -4.683140584213256E-003
   132.0000     -4.513203413987184E-003
   133.0000     -4.347952302180371E-003
   134.0000     -4.187288294749506E-003
   135.0000     -4.031114382918583E-003
   136.0000     -3.879335463646350E-003
   137.0000     -3.731858300101843E-003
   138.0000     -3.588591482232385E-003
   139.0000     -3.449445387499675E-003
   140.0000     -3.314332141843913E-003
   141.0000     -3.183165580922982E-003
   142.0000     -3.055861211674040E-003
   143.0000     -2.932336174233066E-003
   144.0000     -2.812509204247819E-003
   145.0000     -2.696300595614041E-003
   146.0000     -2.583632163657175E-003
   147.0000     -2.474427208785542E-003
   148.0000     -2.368610480632546E-003
   149.0000     -2.266108142703965E-003
   150.0000     -2.166847737544404E-003
   151.0000     -2.070758152435243E-003
   152.0000     -1.977769585632214E-003
   153.0000     -1.887813513150450E-003
   154.0000     -1.800822656103513E-003
   155.0000     -1.716730948599042E-003
   156.0000     -1.635473506194571E-003
   157.0000     -1.556986594914519E-003
   158.0000     -1.481207600828539E-003
   159.0000     -1.408075000189373E-003
   160.0000     -1.337528330128988E-003
   161.0000     -1.269508159909944E-003
   162.0000     -1.203956062727526E-003
   163.0000     -1.140814588058471E-003
   164.0000     -1.080027234551591E-003
   165.0000     -1.021538423452966E-003
   166.0000     -9.652934725615142E-004
   167.0000     -9.112385707060049E-004
   168.0000     -8.593207527377888E-004
   169.0000     -8.094878750312778E-004
   170.0000     -7.616885914835422E-004
   171.0000     -7.158723300061070E-004
   172.0000     -6.719892694994459E-004
   173.0000     -6.299903173027278E-004
   174.0000     -5.898270871085285E-004
   175.0000     -5.514518773356909E-004
   176.0000     -5.148176499493605E-004
   177.0000     -4.798780097210430E-004
   178.0000     -4.465871839180488E-004
   179.0000     -4.149000024152634E-004
   180.0000     -3.847718782183873E-004
   181.0000     -3.561587883912451E-004
   182.0000     -3.290172553782357E-004
   183.0000     -3.033043287131000E-004
   184.0000     -2.789775671061815E-004
   185.0000     -2.559950209024494E-004
   186.0000     -2.343152149025857E-004
   187.0000     -2.138971315403394E-004
   188.0000     -1.947001944104950E-004
   189.0000     -1.766842521413314E-004
   190.0000     -1.598095626084686E-004
   191.0000     -1.440367774867869E-004
   192.0000     -1.293269271404498E-004
   193.0000     -1.156414058528225E-004
   194.0000     -1.029419574025561E-004
   195.0000     -9.119066099612018E-005
   196.0000     -8.034991757492793E-005
   197.0000     -7.038243652446796E-005
   198.0000     -6.125122282662831E-005
   199.0000     -5.291956471702896E-005
   200.0000     -4.535102193914541E-005
   201.0000     -3.850941473197236E-005
   202.0000     -3.235881375888123E-005
   203.0000     -2.686353129619479E-005
   204.0000     -2.198811418261518E-005
   205.0000     -1.769733933777861E-005
   206.0000     -1.395621319752444E-005
   207.0000     -1.072997740273586E-005
   208.0000     -7.984124992318270E-006
   209.0000     -5.684435305789182E-006
   210.0000     -3.797044669986506E-006
   211.0000     -2.288592085721128E-006
   212.0000     -1.126543175315471E-006
   213.0000     -2.800269062419813E-007
