     0   -0.1728804061E-01
     1   -0.1704856365E-01
     2   -0.1682279957E-01
     3   -0.1659397110E-01
     4   -0.1636479486E-01
     5   -0.1613627147E-01
     6   -0.1590904449E-01
     7   -0.1568335479E-01
     8   -0.1545877448E-01
     9   -0.1523475845E-01
    10   -0.1501136290E-01
    11   -0.1478912658E-01
    12   -0.1456865158E-01
    13   -0.1435002375E-01
    14   -0.1413316598E-01
    15   -0.1391766608E-01
    16   -0.1370324093E-01
    17   -0.1348972799E-01
    18   -0.1327706716E-01
    19   -0.1306529647E-01
    20   -0.1285441608E-01
    21   -0.1264450427E-01
    22   -0.1243563831E-01
    23   -0.1222791424E-01
    24   -0.1202145140E-01
    25   -0.1181628546E-01
    26   -0.1161245996E-01
    27   -0.1140999277E-01
    28   -0.1120889338E-01
    29   -0.1100917881E-01
    30   -0.1081084312E-01
    31   -0.1061387209E-01
    32   -0.1041823896E-01
    33   -0.1022391748E-01
    34   -0.1003087799E-01
    35   -0.9839091614E-02
    36   -0.9648557256E-02
    37   -0.9459299605E-02
    38   -0.9271358928E-02
    39   -0.9084792873E-02
    40   -0.8899657628E-02
    41   -0.8715993113E-02
    42   -0.8533834341E-02
    43   -0.8353209309E-02
    44   -0.8174127422E-02
    45   -0.7996566282E-02
    46   -0.7820482119E-02
    47   -0.7645819420E-02
    48   -0.7472546302E-02
    49   -0.7300685771E-02
    50   -0.7130295718E-02
    51   -0.6961442692E-02
    52   -0.6794175055E-02
    53   -0.6628510989E-02
    54   -0.6464442713E-02
    55   -0.6301962233E-02
    56   -0.6141071922E-02
    57   -0.5981778316E-02
    58   -0.5824093899E-02
    59   -0.5668034157E-02
    60   -0.5513614832E-02
    61   -0.5360866268E-02
    62   -0.5209822904E-02
    63   -0.5060514658E-02
    64   -0.4912977460E-02
    65   -0.4767232463E-02
    66   -0.4623297579E-02
    67   -0.4481177275E-02
    68   -0.4340861116E-02
    69   -0.4202353198E-02
    70   -0.4065681494E-02
    71   -0.3930909778E-02
    72   -0.3798103274E-02
    73   -0.3667298243E-02
    74   -0.3538495005E-02
    75   -0.3411679966E-02
    76   -0.3286849583E-02
    77   -0.3164019282E-02
    78   -0.3043229719E-02
    79   -0.2924559817E-02
    80   -0.2808101697E-02
    81   -0.2693883905E-02
    82   -0.2581833389E-02
    83   -0.2471874211E-02
    84   -0.2364065324E-02
    85   -0.2258566647E-02
    86   -0.2155467889E-02
    87   -0.2054719672E-02
    88   -0.1956256686E-02
    89   -0.1860087951E-02
    90   -0.1766300023E-02
    91   -0.1675040203E-02
    92   -0.1586400468E-02
    93   -0.1500239280E-02
    94   -0.1416347597E-02
    95   -0.1334712923E-02
    96   -0.1255390949E-02
    97   -0.1178513491E-02
    98   -0.1104578384E-02
    99   -0.1034301689E-02
   100   -0.9678558689E-03
   101   -0.9042896131E-03
   102   -0.8428022411E-03
   103   -0.7836626617E-03
   104   -0.7267452627E-03
   105   -0.6718503225E-03
   106   -0.6191188332E-03
   107   -0.5684251102E-03
   108   -0.5198955972E-03
   109   -0.4735384530E-03
   110   -0.4295137301E-03
   111   -0.3879924699E-03
   112   -0.3492975046E-03
   113   -0.3139034282E-03
   114   -0.2820684935E-03
   115   -0.2528705343E-03
   116   -0.2251284271E-03
   117   -0.1989885777E-03
   118   -0.1743365956E-03
   119   -0.1512997890E-03
   120   -0.1301121916E-03
   121   -0.1113525817E-03
   122   -0.9531590462E-04
   123   -0.8075121658E-04
   124   -0.6699017886E-04
   125   -0.5446601329E-04
   126   -0.4342984748E-04
   127   -0.3429897964E-04
   128   -0.2622231772E-04
   129   -0.1911908945E-04
   130   -0.1347431004E-04
   131   -0.8922528487E-05
   132   -0.5553910811E-05
   133   -0.3292135096E-05
   134   -0.1769882922E-05
   135   -0.8156916539E-06
   136   -0.2893615149E-06
   137   -0.5874475365E-07
   138   -0.6554979680E-09
