  0.0000000E+00 -1.723328134808205E-002
   1.000000     -1.671594203673279E-002
   2.000000     -1.621558379269757E-002
   3.000000     -1.573126013823409E-002
   4.000000     -1.513490394794111E-002
   5.000000     -1.489630339570248E-002
   6.000000     -1.419974199927850E-002
   7.000000     -1.329447770266397E-002
   8.000000     -1.290158199334049E-002
   9.000000     -1.235292833391683E-002
   10.00000     -1.141760898881531E-002
   11.00000     -1.050776748625445E-002
   12.00000     -9.636893080903460E-003
   13.00000     -9.128945753863674E-003
   14.00000     -8.812558672541021E-003
   15.00000     -8.039056280287935E-003
   16.00000     -7.317634887124671E-003
   17.00000     -6.648066022749366E-003
   18.00000     -6.028952438034437E-003
   19.00000     -5.458169855356541E-003
   20.00000     -4.933159868832485E-003
   21.00000     -4.451135178936505E-003
   22.00000     -4.009222466373743E-003
   23.00000     -3.604560453169037E-003
   24.00000     -3.234367259038696E-003
   25.00000     -3.027699394980002E-003
   26.00000     -2.895956230701647E-003
   27.00000     -2.586847925921702E-003
   28.00000     -2.304653993262307E-003
   29.00000     -2.047181719456952E-003
   30.00000     -1.812397553509375E-003
   31.00000     -1.598426863053426E-003
   32.00000     -1.403547440249787E-003
   33.00000     -1.226181290651360E-003
   34.00000     -1.064885574787698E-003
   35.00000     -9.183432237795386E-004
   36.00000     -7.853535818366495E-004
   37.00000     -6.648233165909318E-004
   38.00000     -5.557577603396606E-004
   39.00000     -4.572527919928323E-004
   40.00000     -3.684873355230410E-004
   41.00000     -2.887165333046032E-004
   42.00000     -2.172656518253800E-004
   43.00000     -1.535247964623975E-004
   44.00000     -9.694456153140830E-005
   45.00000     -4.703284576527018E-005
   46.00000     -3.353279118737383E-006
