  0.0000000E+00 -9.737150665965619E-003
   1.000000     -9.278751487183641E-003
   2.000000     -8.830886850966044E-003
   3.000000     -8.378962798880197E-003
   4.000000     -8.005626342468625E-003
   5.000000     -7.574244358935404E-003
   6.000000     -6.945427301826766E-003
   7.000000     -6.770137050581218E-003
   8.000000     -6.217717846322314E-003
   9.000000     -5.497326557976645E-003
   10.00000     -4.788727916838397E-003
   11.00000     -4.314346342364384E-003
   12.00000     -4.107706092246003E-003
   13.00000     -3.464640195325395E-003
   14.00000     -2.863452167281521E-003
   15.00000     -2.306508905915412E-003
   16.00000     -1.794175529616642E-003
   17.00000     -1.325609869878088E-003
   18.00000     -8.992016775506033E-004
   19.00000     -5.128795257889282E-004
   20.00000     -1.661335091030908E-004
   21.00000     -1.624446675803766E-004
