  0.0000000E+00 -1.124731062575905E-002
   1.000000     -1.077695354395828E-002
   2.000000     -1.031381888416749E-002
   3.000000     -9.860087345117129E-003
   4.000000     -9.481978501630937E-003
   5.000000     -8.943134257619171E-003
   6.000000     -8.460735300923517E-003
   7.000000     -8.216005093259447E-003
   8.000000     -7.468308974836738E-003
   9.000000     -6.702992974008340E-003
   10.00000     -6.063628052215966E-003
   11.00000     -5.951902449173752E-003
   12.00000     -5.233177336827993E-003
   13.00000     -4.552904212266118E-003
   14.00000     -3.916450338246696E-003
   15.00000     -3.325841777420493E-003
   16.00000     -2.781296841352323E-003
   17.00000     -2.281854553661511E-003
   18.00000     -1.989212632582737E-003
   19.00000     -1.825711399517476E-003
   20.00000     -1.410825565693308E-003
   21.00000     -1.034662274008662E-003
   22.00000     -6.947052780927313E-004
   23.00000     -3.884234693072007E-004
   24.00000     -1.133567895654525E-004
