  0.0000000E+00 -1.681049137122232E-002
   1.000000     -1.629632455123751E-002
   2.000000     -1.579724471746976E-002
   3.000000     -1.532262641726136E-002
   4.000000     -1.472668743181731E-002
   5.000000     -1.446791956187471E-002
   6.000000     -1.383059311599839E-002
   7.000000     -1.293974365245991E-002
   8.000000     -1.242359624023715E-002
   9.000000     -1.201100452943955E-002
   10.00000     -1.108762962745405E-002
   11.00000     -1.018892909074640E-002
   12.00000     -9.328604520689723E-003
   13.00000     -8.629362240810907E-003
   14.00000     -8.514218590083064E-003
   15.00000     -7.750383920682496E-003
   16.00000     -7.038087992364085E-003
   17.00000     -6.377233265949350E-003
   18.00000     -5.766452349582907E-003
   19.00000     -5.203647154305436E-003
   20.00000     -4.686283366702204E-003
   21.00000     -4.211596112825531E-003
   22.00000     -3.776733064467494E-003
   23.00000     -3.378852557860495E-003
   24.00000     -3.015189399389545E-003
   25.00000     -2.683099133439434E-003
   26.00000     -2.506098552015731E-003
   27.00000     -2.380057920003647E-003
   28.00000     -2.103758697749199E-003
   29.00000     -1.851995297935041E-003
   30.00000     -1.622753226322182E-003
   31.00000     -1.414173155283412E-003
   32.00000     -1.224547698655886E-003
   33.00000     -1.052313490759966E-003
   34.00000     -8.960422799390070E-004
   35.00000     -7.544316915027373E-004
   36.00000     -6.262960390582265E-004
   37.00000     -5.105574414730139E-004
   38.00000     -4.062374281576492E-004
   39.00000     -3.124491710820676E-004
   40.00000     -2.283904639782612E-004
   41.00000     -1.533375800352071E-004
   42.00000     -8.664019025517149E-005
   43.00000     -2.771764394833939E-005
