  0.0000000E+00 -1.891027959486291E-002
   1.000000     -1.838099759743453E-002
   2.000000     -1.787405874245301E-002
   3.000000     -1.734492740033872E-002
   4.000000     -1.682718083381877E-002
   5.000000     -1.650275610203914E-002
   6.000000     -1.565708227484662E-002
   7.000000     -1.479871413761664E-002
   8.000000     -1.468930660574118E-002
   9.000000     -1.370432564416980E-002
   10.00000     -1.272226250679514E-002
   11.00000     -1.176845492888764E-002
   12.00000     -1.110479460320771E-002
   13.00000     -1.085567566395130E-002
   14.00000     -9.991879679482476E-003
   15.00000     -9.180557570197589E-003
   16.00000     -8.423095615229390E-003
   17.00000     -7.719111591871999E-003
   18.00000     -7.067095803808927E-003
   19.00000     -6.464822513184395E-003
   20.00000     -5.909640035197300E-003
   21.00000     -5.398676535236218E-003
   22.00000     -5.090056732750153E-003
   23.00000     -4.928951265581094E-003
   24.00000     -4.497577234034720E-003
   25.00000     -4.101662580793225E-003
   26.00000     -3.738481379819549E-003
   27.00000     -3.405449815889390E-003
   28.00000     -3.100145352525870E-003
   29.00000     -2.820312048354146E-003
   30.00000     -2.563859907544399E-003
   31.00000     -2.328860357724911E-003
   32.00000     -2.113539240900178E-003
   33.00000     -1.916268298219405E-003
   34.00000     -1.735555845014275E-003
   35.00000     -1.570037125970744E-003
   36.00000     -1.418464689445608E-003
   37.00000     -1.279699009879624E-003
   38.00000     -1.152699507267626E-003
   39.00000     -1.036516054872052E-003
   40.00000     -9.302810249957654E-004
   41.00000     -8.332018933645962E-004
   42.00000     -7.445544023116862E-004
   43.00000     -6.636762691297305E-004
   44.00000     -5.899614169003595E-004
   45.00000     -5.228546995094142E-004
   46.00000     -4.618470894414900E-004
   47.00000     -4.064712955960496E-004
   48.00000     -3.562977782486194E-004
   49.00000     -3.109311290042173E-004
   50.00000     -2.700067848674278E-004
   51.00000     -2.331880471798644E-004
   52.00000     -2.001633779991598E-004
   53.00000     -1.706439484100716E-004
   54.00000     -1.443614151957621E-004
   55.00000     -1.210659042076172E-004
   56.00000     -1.005241806306781E-004
   57.00000     -8.251798814061657E-005
   58.00000     -6.684254070100119E-005
   59.00000     -5.330515249901304E-005
   60.00000     -4.172399335686741E-005
   61.00000     -3.192695907994072E-005
   62.00000     -2.375064903130265E-005
   63.00000     -1.703944772456856E-005
   64.00000     -1.164471582712262E-005
   65.00000     -7.424115424411562E-006
   66.00000     -4.241146408284193E-006
   67.00000     -1.965140260496085E-006
   68.00000     -4.726985165522609E-007
